25 0.025 0.567 0.033 0.467
22 0.071 0.567 0.042 0.467
16 0.121 0.567 0.042 0.467
2 0.167 0.567 0.033 0.467
3 0.208 0.567 0.033 0.467
1 0.250 0.567 0.033 0.467
10 0.292 0.567 0.033 0.467
0 0.333 0.567 0.033 0.467
25 0.375 0.567 0.033 0.467
2 0.417 0.567 0.033 0.467
5 0.458 0.567 0.033 0.467
20 0.500 0.567 0.033 0.467
0 0.542 0.567 0.033 0.467
0 0.583 0.567 0.033 0.467
24 0.625 0.567 0.033 0.467
9 0.667 0.567 0.033 0.467
25 0.708 0.567 0.033 0.467
7 0.750 0.567 0.033 0.467
8 0.792 0.567 0.033 0.467
17 0.833 0.567 0.033 0.467
2 0.875 0.567 0.033 0.467
3 0.917 0.567 0.033 0.467
