9 0.034066 0.386667 0.068132 0.64
0 0.101099 0.493333 0.057143 0.32
25 0.169231 0.493333 0.048352 0.32
0 0.218681 0.493333 0.041758 0.32
2 0.268132 0.5 0.048352 0.333333
24 0.31978 0.493333 0.024176 0.32
0 0.362637 0.493333 0.052747 0.32
1 0.428571 0.493333 0.048352 0.32
9 0.482418 0.373333 0.050549 0.613333
9 0.540659 0.4 0.057143 0.666667
19 0.608791 0.493333 0.07033 0.32
5 0.669231 0.493333 0.041758 0.32
9 0.734066 0.38 0.057143 0.626667
0 0.786813 0.493333 0.03956 0.32
17 0.836264 0.513333 0.050549 0.36
19 0.898901 0.493333 0.065934 0.32
25 0.96044 0.493333 0.048352 0.32
