17 0.022388 0.493333 0.044776 0.32
19 0.081023 0.493333 0.063966 0.32
0 0.151386 0.493333 0.06823 0.32
9 0.21322 0.373333 0.046908 0.666667
25 0.264392 0.493333 0.046908 0.32
3 0.314499 0.493333 0.044776 0.32
0 0.372068 0.493333 0.040512 0.32
9 0.423241 0.346667 0.053305 0.666667
14 0.473348 0.493333 0.03838 0.32
16 0.540512 0.613333 0.066098 0.613333
26 0.585288 0.493333 0.014925 0.32
6 0.615139 0.493333 0.036247 0.32
5 0.662047 0.493333 0.049041 0.32
5 0.722814 0.493333 0.042644 0.32
13 0.764392 0.493333 0.031983 0.32
11 0.80064 0.493333 0.031983 0.32
12 0.835821 0.606667 0.029851 0.626667
25 0.876333 0.493333 0.042644 0.32
0 0.943497 0.526667 0.083156 0.386667
