9 0.00979 0.373333 0.01958 0.613333
0 0.036364 0.493333 0.027972 0.32
0 0.073427 0.526667 0.026573 0.386667
24 0.095105 0.493333 0.011189 0.32
9 0.125874 0.38 0.044755 0.626667
0 0.174825 0.493333 0.033566 0.32
9 0.213287 0.38 0.037762 0.626667
5 0.251748 0.553333 0.01958 0.173333
7 0.274126 0.493333 0.01958 0.32
17 0.306993 0.5 0.026573 0.333333
0 0.337762 0.52 0.029371 0.373333
2 0.374126 0.493333 0.037762 0.32
8 0.425874 0.606667 0.046154 0.626667
9 0.472727 0.38 0.041958 0.626667
20 0.507692 0.493333 0.022378 0.32
0 0.537063 0.493333 0.030769 0.32
24 0.560839 0.493333 0.011189 0.32
20 0.588112 0.513333 0.023776 0.36
0 0.615385 0.493333 0.025175 0.32
24 0.638462 0.493333 0.015385 0.32
17 0.664336 0.493333 0.030769 0.32
0 0.698601 0.493333 0.032168 0.32
9 0.744056 0.373333 0.039161 0.613333
7 0.777622 0.493333 0.022378 0.32
25 0.812587 0.493333 0.027972 0.32
3 0.845455 0.493333 0.032168 0.32
20 0.874126 0.5 0.01958 0.333333
0 0.902797 0.493333 0.032168 0.32
20 0.945455 0.513333 0.033566 0.36
0 0.977622 0.493333 0.025175 0.32
