24 0.006579 0.493333 0.013158 0.32
20 0.030702 0.493333 0.02924 0.32
0 0.064327 0.493333 0.032164 0.32
17 0.108918 0.513333 0.03655 0.36
24 0.13962 0.493333 0.019006 0.32
1 0.168129 0.493333 0.032164 0.32
20 0.211257 0.513333 0.033626 0.36
0 0.247076 0.493333 0.032164 0.32
5 0.283626 0.493333 0.035088 0.32
24 0.312135 0.493333 0.016082 0.32
3 0.347953 0.5 0.035088 0.333333
1 0.380848 0.493333 0.024854 0.32
12 0.409357 0.613333 0.026316 0.613333
25 0.44152 0.493333 0.032164 0.32
0 0.474415 0.526667 0.027778 0.386667
3 0.511696 0.493333 0.026316 0.32
25 0.543129 0.493333 0.030702 0.32
4 0.577485 0.493333 0.032164 0.32
11 0.607456 0.493333 0.02193 0.32
24 0.635965 0.493333 0.01462 0.32
11 0.657895 0.493333 0.023392 0.32
19 0.697368 0.493333 0.049708 0.32
9 0.74269 0.373333 0.035088 0.613333
0 0.780702 0.493333 0.035088 0.32
10 0.824561 0.493333 0.032164 0.32
1 0.864035 0.493333 0.040936 0.32
5 0.90424 0.493333 0.033626 0.32
9 0.940058 0.373333 0.032164 0.613333
1 0.974415 0.493333 0.030702 0.32
