0 0.020213 0.493333 0.040426 0.32
5 0.070213 0.526667 0.051064 0.386667
5 0.124468 0.493333 0.048936 0.32
7 0.165957 0.493333 0.025532 0.32
11 0.198936 0.493333 0.031915 0.32
1 0.25 0.52 0.061702 0.373333
0 0.324468 0.493333 0.057447 0.32
9 0.382979 0.38 0.051064 0.626667
5 0.447872 0.493333 0.048936 0.32
3 0.493617 0.493333 0.034043 0.32
1 0.538298 0.493333 0.046809 0.32
5 0.589362 0.493333 0.046809 0.32
9 0.654255 0.373333 0.053191 0.613333
0 0.703191 0.493333 0.03617 0.32
10 0.745745 0.493333 0.040426 0.32
5 0.801064 0.493333 0.061702 0.32
5 0.870213 0.493333 0.046809 0.32
7 0.915957 0.506667 0.03617 0.346667
9 0.961702 0.373333 0.046809 0.613333
