5 0.038095 0.506667 0.07619 0.346667
2 0.105952 0.493333 0.05 0.32
17 0.164286 0.493333 0.057143 0.32
19 0.228571 0.493333 0.061905 0.32
0 0.292857 0.493333 0.057143 0.32
9 0.355952 0.38 0.059524 0.626667
25 0.430952 0.506667 0.057143 0.346667
19 0.50119 0.52 0.07381 0.373333
13 0.558333 0.493333 0.030952 0.32
0 0.607143 0.493333 0.057143 0.32
17 0.67619 0.513333 0.047619 0.36
24 0.717857 0.493333 0.02619 0.32
0 0.761905 0.493333 0.052381 0.32
5 0.819048 0.493333 0.052381 0.32
24 0.87381 0.526667 0.02381 0.386667
9 0.936905 0.38 0.092857 0.626667
