24 0.005689 0.493333 0.011378 0.32
2 0.030341 0.493333 0.03287 0.32
24 0.05689 0.493333 0.015171 0.32
9 0.084703 0.373333 0.035398 0.613333
12 0.120101 0.606667 0.017699 0.626667
11 0.140961 0.493333 0.018963 0.32
24 0.164981 0.493333 0.011378 0.32
9 0.192162 0.373333 0.037927 0.613333
25 0.228824 0.493333 0.030341 0.32
2 0.256637 0.513333 0.020228 0.36
0 0.280025 0.493333 0.021492 0.32
12 0.307838 0.613333 0.016435 0.613333
2 0.335019 0.506667 0.03287 0.346667
17 0.365992 0.493333 0.02402 0.32
19 0.400126 0.493333 0.039191 0.32
2 0.434893 0.5 0.025284 0.333333
17 0.467762 0.493333 0.022756 0.32
0 0.498104 0.513333 0.03287 0.36
25 0.536662 0.493333 0.026549 0.32
11 0.563843 0.493333 0.022756 0.32
25 0.59292 0.493333 0.030341 0.32
17 0.628951 0.493333 0.02402 0.32
19 0.660556 0.493333 0.034134 0.32
0 0.695954 0.5 0.031606 0.333333
0 0.733881 0.493333 0.026549 0.32
25 0.764855 0.493333 0.030341 0.32
7 0.7933 0.493333 0.021492 0.32
17 0.824905 0.5 0.02402 0.333333
19 0.855247 0.493333 0.031606 0.32
0 0.894437 0.513333 0.041719 0.36
3 0.932996 0.506667 0.017699 0.346667
1 0.960809 0.493333 0.03287 0.32
24 0.985461 0.52 0.011378 0.373333
