24 0.009698 0.493333 0.019397 0.32
11 0.044181 0.493333 0.040948 0.32
24 0.079741 0.493333 0.021552 0.32
9 0.119612 0.393333 0.049569 0.653333
6 0.165948 0.493333 0.034483 0.32
25 0.210129 0.493333 0.045259 0.32
25 0.271552 0.493333 0.047414 0.32
9 0.327586 0.38 0.056034 0.626667
0 0.380388 0.493333 0.040948 0.32
9 0.427802 0.38 0.045259 0.626667
24 0.465517 0.493333 0.021552 0.32
7 0.497845 0.493333 0.034483 0.32
20 0.554957 0.493333 0.049569 0.32
0 0.606681 0.493333 0.045259 0.32
20 0.667026 0.493333 0.045259 0.32
0 0.720905 0.493333 0.053879 0.32
10 0.782328 0.493333 0.038793 0.32
0 0.831897 0.493333 0.051724 0.32
10 0.887931 0.493333 0.051724 0.32
19 0.951509 0.5 0.06681 0.333333
