20 0.022565 0.493333 0.045131 0.32
24 0.061758 0.493333 0.023753 0.32
11 0.0962 0.493333 0.035629 0.32
25 0.143705 0.493333 0.049881 0.32
11 0.190024 0.493333 0.033254 0.32
20 0.236342 0.493333 0.049881 0.32
12 0.294537 0.613333 0.033254 0.613333
11 0.339667 0.493333 0.047506 0.32
1 0.406176 0.506667 0.07601 0.346667
24 0.464371 0.493333 0.030879 0.32
17 0.504751 0.493333 0.04038 0.32
9 0.573634 0.38 0.064133 0.626667
24 0.624703 0.493333 0.028504 0.32
16 0.684086 0.613333 0.08076 0.64
5 0.769596 0.493333 0.057007 0.32
11 0.82304 0.493333 0.04038 0.32
24 0.864608 0.493333 0.033254 0.32
24 0.914489 0.493333 0.033254 0.32
2 0.95962 0.493333 0.047506 0.32
