25 0.018325 0.493333 0.036649 0.32
7 0.053229 0.493333 0.026178 0.32
10 0.086387 0.493333 0.033159 0.32
11 0.121291 0.493333 0.029668 0.32
24 0.151832 0.493333 0.024433 0.32
17 0.182373 0.493333 0.029668 0.32
25 0.230366 0.493333 0.041885 0.32
6 0.275742 0.506667 0.041885 0.346667
0 0.322862 0.493333 0.045375 0.32
20 0.375218 0.493333 0.034904 0.32
24 0.404887 0.526667 0.017452 0.386667
0 0.4363 0.506667 0.038394 0.346667
9 0.490401 0.373333 0.045375 0.613333
1 0.528796 0.493333 0.024433 0.32
12 0.556719 0.58 0.024433 0.706667
4 0.593368 0.526667 0.041885 0.386667
11 0.635253 0.493333 0.034904 0.32
20 0.681501 0.493333 0.033159 0.32
0 0.724258 0.493333 0.045375 0.32
25 0.768761 0.493333 0.036649 0.32
9 0.812391 0.38 0.04363 0.626667
25 0.867365 0.506667 0.041885 0.346667
26 0.897033 0.52 0.010471 0.373333
24 0.919721 0.493333 0.027923 0.32
6 0.953752 0.493333 0.033159 0.32
24 0.980803 0.493333 0.013962 0.32
