20 0.017925 0.5 0.035849 0.333333
0 0.062264 0.493333 0.045283 0.32
9 0.10566 0.373333 0.033962 0.613333
0 0.146226 0.493333 0.039623 0.32
24 0.176415 0.493333 0.013208 0.32
0 0.220755 0.493333 0.049057 0.32
25 0.267925 0.493333 0.037736 0.32
7 0.307547 0.493333 0.033962 0.293333
0 0.350943 0.493333 0.041509 0.32
24 0.383962 0.493333 0.016981 0.32
9 0.421698 0.373333 0.050943 0.613333
24 0.468868 0.493333 0.016981 0.32
0 0.499057 0.493333 0.035849 0.32
5 0.539623 0.493333 0.037736 0.32
2 0.585849 0.493333 0.04717 0.32
25 0.643396 0.493333 0.041509 0.32
3 0.687736 0.493333 0.039623 0.32
3 0.735849 0.493333 0.030189 0.32
25 0.777358 0.52 0.045283 0.373333
5 0.838679 0.493333 0.050943 0.32
7 0.883019 0.513333 0.030189 0.36
2 0.920755 0.493333 0.037736 0.32
9 0.965094 0.386667 0.043396 0.64
