5 0.01633 0.493333 0.032659 0.32
7 0.048989 0.493333 0.026439 0.32
9 0.084759 0.38 0.03888 0.626667
24 0.115863 0.493333 0.017107 0.32
10 0.153966 0.526667 0.037325 0.386667
25 0.194401 0.493333 0.037325 0.32
11 0.227061 0.493333 0.021773 0.32
1 0.258165 0.493333 0.034215 0.32
24 0.296267 0.493333 0.020218 0.32
25 0.325039 0.493333 0.031104 0.32
3 0.362364 0.493333 0.037325 0.346667
6 0.397356 0.493333 0.026439 0.32
25 0.429238 0.493333 0.031104 0.32
25 0.471229 0.493333 0.031104 0.32
14 0.502333 0.52 0.024883 0.4
2 0.536547 0.493333 0.037325 0.32
20 0.582426 0.493333 0.032659 0.32
1 0.620529 0.526667 0.037325 0.386667
9 0.674184 0.38 0.048212 0.626667
1 0.720062 0.493333 0.037325 0.32
25 0.765941 0.493333 0.032659 0.32
7 0.796267 0.493333 0.021773 0.32
15 0.842924 0.606667 0.049767 0.626667
18 0.884137 0.493333 0.026439 0.32
7 0.909798 0.493333 0.018663 0.32
24 0.934681 0.526667 0.009331 0.386667
9 0.965785 0.373333 0.046656 0.613333
