25 0.018045 0.493333 0.03609 0.32
13 0.054135 0.5 0.030075 0.333333
2 0.093233 0.493333 0.042105 0.32
17 0.138346 0.493333 0.027068 0.32
0 0.169173 0.493333 0.028571 0.32
5 0.206767 0.493333 0.040602 0.32
20 0.252632 0.493333 0.030075 0.32
0 0.290226 0.493333 0.039098 0.32
9 0.329323 0.38 0.033083 0.626667
24 0.354887 0.493333 0.01203 0.32
7 0.378195 0.493333 0.028571 0.32
2 0.413534 0.493333 0.03609 0.32
9 0.462406 0.373333 0.040602 0.613333
24 0.496241 0.493333 0.021053 0.32
7 0.521053 0.493333 0.022556 0.32
24 0.542857 0.493333 0.015038 0.32
9 0.583459 0.38 0.045113 0.626667
24 0.617293 0.493333 0.016541 0.32
7 0.640602 0.493333 0.02406 0.32
16 0.693985 0.62 0.061654 0.626667
3 0.742857 0.493333 0.030075 0.32
9 0.777444 0.373333 0.033083 0.666667
0 0.812782 0.493333 0.031579 0.32
24 0.839098 0.493333 0.015038 0.32
6 0.869925 0.493333 0.025564 0.32
24 0.892481 0.493333 0.013534 0.32
7 0.909774 0.5 0.015038 0.333333
3 0.93609 0.493333 0.031579 0.32
1 0.97218 0.493333 0.034586 0.32
