20 0.009558 0.513333 0.019116 0.36
3 0.03405 0.493333 0.02509 0.32
24 0.057348 0.493333 0.016726 0.32
1 0.083632 0.513333 0.031063 0.36
20 0.116487 0.5 0.029869 0.333333
24 0.140382 0.493333 0.013142 0.32
24 0.164277 0.493333 0.017921 0.32
9 0.192354 0.38 0.033453 0.626667
24 0.216846 0.526667 0.010753 0.386667
17 0.24552 0.513333 0.029869 0.36
14 0.270609 0.52 0.015532 0.373333
10 0.295102 0.493333 0.016726 0.32
1 0.320191 0.493333 0.028674 0.32
12 0.345281 0.613333 0.016726 0.613333
3 0.368578 0.493333 0.02509 0.32
20 0.403226 0.513333 0.027479 0.36
0 0.434886 0.493333 0.031063 0.32
9 0.471924 0.38 0.026284 0.626667
24 0.492234 0.493333 0.009558 0.32
7 0.510753 0.493333 0.0227 0.32
9 0.540024 0.373333 0.031063 0.613333
5 0.57945 0.493333 0.031063 0.32
9 0.612903 0.373333 0.031063 0.613333
5 0.649343 0.493333 0.037037 0.32
3 0.679211 0.493333 0.017921 0.32
13 0.699522 0.493333 0.017921 0.32
5 0.723417 0.493333 0.02509 0.32
9 0.762843 0.373333 0.037037 0.613333
1 0.798686 0.493333 0.029869 0.32
8 0.845281 0.62 0.046595 0.626667
9 0.88411 0.38 0.026284 0.626667
5 0.916368 0.493333 0.021505 0.32
13 0.936679 0.493333 0.014337 0.32
24 0.9546 0.493333 0.016726 0.32
25 0.978495 0.493333 0.026284 0.32
