20 0.023196 0.493333 0.041237 0.32
24 0.069588 0.493333 0.036082 0.32
17 0.118557 0.493333 0.051546 0.32
6 0.176546 0.493333 0.054124 0.32
10 0.238402 0.493333 0.033505 0.32
24 0.274485 0.493333 0.028351 0.32
25 0.322165 0.493333 0.056701 0.32
5 0.386598 0.493333 0.061856 0.32
9 0.45232 0.38 0.059278 0.626667
7 0.509021 0.493333 0.043814 0.32
10 0.56701 0.493333 0.036082 0.32
25 0.618557 0.493333 0.056701 0.32
11 0.675258 0.493333 0.046392 0.32
1 0.725515 0.493333 0.043814 0.32
3 0.782216 0.493333 0.033505 0.32
6 0.828608 0.493333 0.048969 0.32
25 0.886598 0.493333 0.056701 0.32
5 0.951031 0.493333 0.061856 0.32
