0 0.025445 0.493333 0.050891 0.32
9 0.092875 0.386667 0.073791 0.64
24 0.152672 0.493333 0.035623 0.32
0 0.199746 0.493333 0.048346 0.32
2 0.263359 0.493333 0.068702 0.32
24 0.328244 0.493333 0.025445 0.32
2 0.379135 0.493333 0.066158 0.32
5 0.455471 0.493333 0.076336 0.32
5 0.53944 0.493333 0.05598 0.32
25 0.599237 0.493333 0.053435 0.32
5 0.655216 0.493333 0.048346 0.32
13 0.704835 0.493333 0.040712 0.32
5 0.773537 0.493333 0.061069 0.32
25 0.835878 0.493333 0.053435 0.32
5 0.895674 0.493333 0.05598 0.32
25 0.955471 0.493333 0.053435 0.32
