25 0.013569 0.493333 0.027137 0.32
9 0.044776 0.373333 0.029851 0.613333
6 0.075305 0.493333 0.02578 0.32
13 0.103121 0.493333 0.024423 0.32
10 0.13772 0.493333 0.02578 0.32
1 0.172999 0.493333 0.039349 0.32
5 0.213026 0.513333 0.035278 0.36
9 0.252374 0.38 0.024423 0.626667
1 0.282904 0.493333 0.031208 0.32
25 0.31479 0.493333 0.027137 0.32
25 0.347354 0.493333 0.032564 0.32
25 0.382632 0.493333 0.032564 0.32
25 0.41791 0.506667 0.032564 0.346667
9 0.467436 0.38 0.04749 0.626667
0 0.506106 0.493333 0.024423 0.32
3 0.535957 0.493333 0.016282 0.32
1 0.56445 0.493333 0.035278 0.32
10 0.597693 0.493333 0.02578 0.32
24 0.618725 0.493333 0.010855 0.32
17 0.636364 0.493333 0.018996 0.32
24 0.658073 0.493333 0.018996 0.32
1 0.695387 0.493333 0.036635 0.32
4 0.734057 0.506667 0.035278 0.346667
25 0.768657 0.493333 0.028494 0.32
24 0.799186 0.493333 0.013569 0.32
9 0.827001 0.373333 0.036635 0.613333
5 0.86228 0.493333 0.028494 0.32
14 0.88806 0.52 0.017639 0.373333
0 0.912483 0.5 0.02578 0.333333
3 0.947761 0.493333 0.02578 0.32
1 0.976934 0.493333 0.027137 0.32
