12 0.013667 0.613333 0.027335 0.64
11 0.051253 0.493333 0.038724 0.32
9 0.102506 0.38 0.05467 0.626667
7 0.150342 0.493333 0.031891 0.32
5 0.216401 0.493333 0.068337 0.32
7 0.274487 0.493333 0.038724 0.32
9 0.341686 0.38 0.063781 0.626667
1 0.405467 0.493333 0.05467 0.32
9 0.47836 0.373333 0.059226 0.613333
0 0.531891 0.5 0.038724 0.333333
20 0.593394 0.493333 0.052392 0.32
1 0.651481 0.493333 0.05467 0.32
3 0.702733 0.493333 0.038724 0.32
2 0.744875 0.513333 0.036446 0.36
10 0.797267 0.493333 0.036446 0.32
1 0.84738 0.493333 0.05467 0.32
25 0.914579 0.493333 0.047836 0.32
9 0.963554 0.373333 0.041002 0.613333
