12 0.022843 0.613333 0.045685 0.613333
11 0.067259 0.493333 0.032995 0.32
2 0.126904 0.493333 0.076142 0.32
26 0.180203 0.493333 0.020305 0.32
5 0.225888 0.493333 0.060914 0.32
9 0.307107 0.366667 0.06599 0.626667
1 0.379442 0.486667 0.063452 0.306667
17 0.441624 0.493333 0.050761 0.32
24 0.482234 0.493333 0.020305 0.32
19 0.527919 0.513333 0.060914 0.36
26 0.586294 0.493333 0.020305 0.32
0 0.624365 0.52 0.045685 0.373333
11 0.675127 0.493333 0.045685 0.32
9 0.748731 0.36 0.06599 0.666667
0 0.817259 0.493333 0.060914 0.32
9 0.893401 0.366667 0.081218 0.626667
1 0.96066 0.493333 0.043147 0.32
