10 0.019774 0.493333 0.039548 0.32
1 0.060028 0.493333 0.035311 0.32
24 0.091808 0.493333 0.022599 0.32
13 0.117232 0.493333 0.022599 0.32
25 0.159605 0.493333 0.042373 0.32
6 0.196328 0.493333 0.025424 0.32
0 0.235169 0.513333 0.04661 0.36
10 0.281073 0.5 0.025424 0.333333
1 0.310734 0.493333 0.028249 0.32
17 0.34322 0.493333 0.031073 0.32
2 0.378531 0.493333 0.033898 0.32
16 0.417373 0.613333 0.038136 0.613333
2 0.456215 0.493333 0.033898 0.32
0 0.499294 0.493333 0.032486 0.32
21 0.53178 0.493333 0.026836 0.32
6 0.561441 0.493333 0.026836 0.32
24 0.594633 0.493333 0.019774 0.32
6 0.617938 0.493333 0.021186 0.32
25 0.653955 0.526667 0.031073 0.386667
3 0.683616 0.493333 0.022599 0.32
5 0.720339 0.493333 0.031073 0.32
9 0.756356 0.38 0.035311 0.626667
15 0.803672 0.613333 0.039548 0.64
0 0.844633 0.493333 0.036723 0.32
17 0.882062 0.513333 0.032486 0.36
5 0.916667 0.493333 0.031073 0.32
13 0.944209 0.493333 0.018362 0.32
5 0.973164 0.493333 0.033898 0.32
