17 0.013261 0.493333 0.026521 0.32
19 0.055382 0.493333 0.051482 0.32
0 0.099064 0.5 0.029641 0.333333
20 0.131045 0.5 0.028081 0.333333
0 0.169267 0.493333 0.042122 0.32
10 0.214509 0.506667 0.026521 0.346667
25 0.24961 0.506667 0.037441 0.346667
5 0.290172 0.5 0.037441 0.333333
9 0.328393 0.366667 0.032761 0.626667
0 0.362715 0.52 0.029641 0.373333
25 0.405616 0.493333 0.034321 0.32
3 0.444618 0.5 0.037441 0.333333
12 0.485959 0.613333 0.023401 0.613333
11 0.513261 0.493333 0.024961 0.32
0 0.555382 0.493333 0.037441 0.32
24 0.585803 0.493333 0.017161 0.32
2 0.615445 0.486667 0.035881 0.333333
9 0.658346 0.373333 0.043682 0.613333
17 0.705928 0.493333 0.029641 0.32
14 0.737129 0.493333 0.026521 0.32
7 0.765211 0.493333 0.023401 0.32
9 0.801092 0.38 0.042122 0.626667
5 0.851794 0.493333 0.037441 0.32
25 0.897036 0.493333 0.046802 0.32
24 0.936037 0.493333 0.024961 0.32
2 0.970359 0.493333 0.037441 0.32
