24 0.008704 0.493333 0.017408 0.32
13 0.027079 0.493333 0.011605 0.32
2 0.062863 0.493333 0.052224 0.32
24 0.103482 0.493333 0.021277 0.32
20 0.134429 0.493333 0.032882 0.32
7 0.169246 0.493333 0.029014 0.32
5 0.22147 0.493333 0.048356 0.32
7 0.261122 0.5 0.023211 0.333333
25 0.295938 0.493333 0.038685 0.32
6 0.336557 0.493333 0.034816 0.32
0 0.388781 0.493333 0.061896 0.32
10 0.45648 0.493333 0.046422 0.32
3 0.501934 0.493333 0.03675 0.32
16 0.555126 0.606667 0.061896 0.626667
11 0.60735 0.493333 0.034816 0.32
25 0.65764 0.493333 0.038685 0.32
11 0.699226 0.493333 0.03675 0.32
1 0.741779 0.493333 0.040619 0.32
3 0.794971 0.493333 0.038685 0.32
1 0.853965 0.526667 0.071567 0.36
25 0.913926 0.493333 0.040619 0.32
4 0.962282 0.493333 0.048356 0.32
