9 0.013841 0.38 0.027682 0.626667
1 0.046713 0.493333 0.031142 0.32
5 0.084775 0.493333 0.038062 0.32
7 0.124567 0.493333 0.034602 0.32
9 0.166955 0.4 0.043253 0.666667
9 0.211073 0.373333 0.038062 0.613333
9 0.264706 0.373333 0.044983 0.613333
1 0.306228 0.493333 0.031142 0.32
9 0.344291 0.38 0.038062 0.626667
5 0.393599 0.493333 0.036332 0.32
2 0.436851 0.493333 0.043253 0.32
0 0.482699 0.493333 0.041522 0.32
9 0.531142 0.38 0.048443 0.626667
17 0.58391 0.5 0.032872 0.333333
19 0.626298 0.493333 0.044983 0.32
0 0.66782 0.52 0.031142 0.373333
3 0.698962 0.493333 0.024221 0.32
24 0.723183 0.493333 0.017301 0.32
1 0.750865 0.506667 0.031142 0.346667
24 0.790657 0.493333 0.024221 0.32
26 0.816609 0.493333 0.020761 0.32
25 0.849481 0.493333 0.038062 0.32
0 0.900519 0.493333 0.039792 0.32
24 0.931661 0.493333 0.015571 0.32
9 0.965398 0.373333 0.044983 0.613333
