5 0.019968 0.493333 0.039936 0.32
11 0.0623 0.493333 0.038339 0.32
10 0.108626 0.493333 0.031949 0.32
1 0.146965 0.493333 0.038339 0.32
20 0.188498 0.493333 0.038339 0.32
0 0.228435 0.493333 0.035144 0.32
20 0.269968 0.493333 0.025559 0.32
24 0.292332 0.493333 0.01278 0.32
0 0.321086 0.493333 0.038339 0.32
17 0.358626 0.493333 0.030351 0.32
9 0.399361 0.38 0.044728 0.626667
12 0.442492 0.613333 0.019169 0.613333
24 0.463259 0.493333 0.015974 0.32
17 0.485623 0.493333 0.022364 0.32
5 0.515176 0.526667 0.030351 0.386667
0 0.552716 0.493333 0.038339 0.32
24 0.582268 0.493333 0.014377 0.32
5 0.616613 0.493333 0.031949 0.32
13 0.647764 0.493333 0.023962 0.32
19 0.684505 0.493333 0.043131 0.32
25 0.734824 0.493333 0.035144 0.32
3 0.77476 0.493333 0.038339 0.32
12 0.805112 0.606667 0.015974 0.626667
19 0.837061 0.493333 0.041534 0.32
20 0.883387 0.52 0.028754 0.373333
1 0.920128 0.493333 0.038339 0.32
9 0.965655 0.38 0.046326 0.626667
