2 0.028894 0.5 0.057789 0.333333
24 0.075377 0.493333 0.025126 0.32
19 0.13191 0.493333 0.077889 0.32
25 0.202261 0.493333 0.052764 0.32
25 0.28392 0.5 0.075377 0.333333
9 0.361809 0.373333 0.070352 0.613333
0 0.442211 0.52 0.055276 0.373333
24 0.487437 0.493333 0.025126 0.32
9 0.542714 0.373333 0.075377 0.64
9 0.623116 0.373333 0.050251 0.64
0 0.680905 0.493333 0.055276 0.32
25 0.752513 0.493333 0.052764 0.32
7 0.805276 0.493333 0.042714 0.32
20 0.873116 0.493333 0.057789 0.32
24 0.914573 0.493333 0.015075 0.32
0 0.954774 0.493333 0.055276 0.32
