9 0.023707 0.38 0.047414 0.626667
24 0.05819 0.493333 0.015805 0.32
16 0.095546 0.613333 0.053161 0.613333
24 0.139368 0.493333 0.014368 0.32
2 0.165948 0.486667 0.033046 0.333333
12 0.204023 0.606667 0.022989 0.626667
11 0.229167 0.493333 0.021552 0.32
5 0.256466 0.526667 0.027299 0.386667
0 0.295259 0.52 0.030172 0.373333
2 0.326868 0.52 0.027299 0.373333
17 0.363506 0.493333 0.025862 0.32
19 0.400144 0.513333 0.041667 0.36
2 0.438937 0.513333 0.030172 0.36
25 0.479885 0.493333 0.031609 0.32
3 0.510776 0.493333 0.024425 0.32
8 0.549569 0.606667 0.047414 0.626667
3 0.585489 0.493333 0.018678 0.32
2 0.612787 0.493333 0.030172 0.32
1 0.650144 0.493333 0.038793 0.32
17 0.693247 0.493333 0.027299 0.32
24 0.716954 0.493333 0.014368 0.32
0 0.738506 0.493333 0.022989 0.32
19 0.774425 0.5 0.043103 0.333333
25 0.813937 0.493333 0.030172 0.32
0 0.854885 0.493333 0.045977 0.32
3 0.903017 0.493333 0.030172 0.32
6 0.936782 0.493333 0.031609 0.32
25 0.972701 0.493333 0.034483 0.32
