9 0.03288 0.373333 0.06576 0.613333
0 0.099773 0.493333 0.058957 0.32
17 0.157596 0.493333 0.047619 0.32
2 0.209751 0.493333 0.047619 0.32
3 0.252834 0.493333 0.029478 0.32
6 0.306122 0.493333 0.045351 0.32
24 0.343537 0.493333 0.020408 0.32
13 0.37415 0.493333 0.031746 0.32
9 0.43424 0.38 0.056689 0.626667
0 0.495465 0.493333 0.056689 0.32
5 0.563492 0.493333 0.047619 0.32
19 0.626984 0.493333 0.070295 0.32
11 0.684807 0.493333 0.036281 0.32
6 0.732426 0.493333 0.049887 0.32
5 0.798186 0.493333 0.049887 0.32
11 0.848073 0.5 0.040816 0.333333
9 0.912698 0.38 0.056689 0.626667
0 0.964853 0.493333 0.038549 0.32
