12 0.013595 0.6 0.02719 0.64
25 0.046828 0.493333 0.033233 0.32
2 0.083082 0.493333 0.033233 0.32
10 0.121601 0.493333 0.022659 0.32
1 0.152568 0.493333 0.033233 0.32
24 0.178248 0.493333 0.012085 0.32
10 0.207704 0.506667 0.02568 0.346667
0 0.234894 0.493333 0.022659 0.32
9 0.280967 0.366667 0.048338 0.626667
24 0.318731 0.493333 0.021148 0.32
7 0.343656 0.493333 0.022659 0.32
5 0.38142 0.493333 0.031722 0.32
11 0.412387 0.493333 0.024169 0.32
5 0.449396 0.493333 0.043807 0.32
12 0.489426 0.613333 0.015106 0.613333
24 0.506042 0.493333 0.012085 0.32
17 0.530211 0.493333 0.030211 0.32
6 0.561178 0.526667 0.02568 0.386667
0 0.594411 0.52 0.034743 0.373333
5 0.632931 0.5 0.036254 0.333333
20 0.679758 0.493333 0.036254 0.32
25 0.717523 0.493333 0.033233 0.32
13 0.750755 0.493333 0.02719 0.32
2 0.780967 0.513333 0.02719 0.36
20 0.814955 0.493333 0.034743 0.32
24 0.846677 0.493333 0.022659 0.32
24 0.876133 0.513333 0.015106 0.36
21 0.902568 0.526667 0.031722 0.386667
9 0.941088 0.373333 0.039275 0.613333
11 0.976586 0.493333 0.02568 0.32
