0 0.01312 0.493333 0.026239 0.32
9 0.045918 0.373333 0.033528 0.613333
17 0.080904 0.493333 0.030612 0.32
2 0.116618 0.526667 0.034985 0.386667
4 0.155248 0.493333 0.036443 0.32
12 0.191691 0.606667 0.016035 0.626667
7 0.212099 0.493333 0.01895 0.32
24 0.241983 0.493333 0.020408 0.32
5 0.271866 0.506667 0.033528 0.346667
25 0.309038 0.493333 0.034985 0.32
14 0.338921 0.52 0.01895 0.373333
2 0.365889 0.526667 0.029155 0.386667
25 0.412536 0.493333 0.043732 0.32
4 0.447522 0.493333 0.020408 0.32
5 0.475219 0.493333 0.029155 0.32
11 0.507289 0.493333 0.029155 0.32
19 0.546647 0.493333 0.043732 0.32
10 0.59621 0.493333 0.034985 0.32
24 0.623907 0.493333 0.014577 0.32
25 0.649417 0.493333 0.030612 0.32
9 0.688776 0.373333 0.042274 0.613333
20 0.73688 0.493333 0.033528 0.32
0 0.771137 0.526667 0.029155 0.386667
20 0.801749 0.526667 0.026239 0.386667
9 0.837464 0.373333 0.039359 0.613333
24 0.868076 0.493333 0.016035 0.32
1 0.893586 0.493333 0.029155 0.32
9 0.937318 0.373333 0.034985 0.64
24 0.96137 0.493333 0.007289 0.32
7 0.978863 0.493333 0.021866 0.32
