25 0.021341 0.493333 0.042683 0.32
9 0.071138 0.373333 0.04878 0.613333
5 0.11687 0.506667 0.034553 0.346667
11 0.152439 0.513333 0.028455 0.36
5 0.191057 0.493333 0.04065 0.32
24 0.221545 0.526667 0.012195 0.386667
5 0.26626 0.493333 0.04878 0.32
2 0.319106 0.506667 0.04878 0.346667
17 0.361789 0.493333 0.028455 0.32
19 0.413618 0.52 0.067073 0.373333
16 0.487805 0.606667 0.073171 0.626667
12 0.550813 0.58 0.02439 0.68
11 0.586382 0.493333 0.038618 0.32
20 0.627033 0.493333 0.034553 0.32
11 0.663618 0.493333 0.030488 0.32
0 0.703252 0.526667 0.04065 0.386667
17 0.759146 0.493333 0.042683 0.32
5 0.806911 0.493333 0.044715 0.32
21 0.853659 0.493333 0.04065 0.32
5 0.89939 0.493333 0.042683 0.32
9 0.955285 0.373333 0.060976 0.613333
