17 0.01935 0.513333 0.0387 0.36
18 0.061146 0.5 0.0387 0.333333
24 0.095201 0.493333 0.02322 0.32
11 0.123065 0.486667 0.026316 0.306667
20 0.169505 0.493333 0.041796 0.32
1 0.212074 0.493333 0.037152 0.32
3 0.243034 0.493333 0.018576 0.32
24 0.270898 0.493333 0.01548 0.32
24 0.289474 0.5 0.01548 0.333333
20 0.315015 0.493333 0.029412 0.32
0 0.351393 0.493333 0.037152 0.32
18 0.396285 0.513333 0.03096 0.36
13 0.426471 0.493333 0.02322 0.32
5 0.46517 0.526667 0.032508 0.386667
25 0.5 0.493333 0.03096 0.32
5 0.535604 0.493333 0.034056 0.32
0 0.578173 0.513333 0.029412 0.36
25 0.614551 0.493333 0.037152 0.32
7 0.646285 0.493333 0.020124 0.32
9 0.690402 0.373333 0.04644 0.613333
24 0.72678 0.493333 0.020124 0.32
7 0.750774 0.506667 0.021672 0.346667
24 0.781734 0.486667 0.018576 0.306667
2 0.814241 0.5 0.037152 0.333333
5 0.863777 0.493333 0.040248 0.32
7 0.899381 0.5 0.024768 0.333333
10 0.929567 0.493333 0.029412 0.32
19 0.968266 0.493333 0.041796 0.32
