5 0.017575 0.493333 0.035149 0.32
25 0.065026 0.493333 0.052724 0.32
5 0.112478 0.493333 0.035149 0.32
3 0.158172 0.493333 0.031634 0.32
1 0.203866 0.493333 0.052724 0.32
25 0.26362 0.493333 0.042179 0.32
9 0.311951 0.38 0.047452 0.626667
24 0.355888 0.493333 0.015817 0.32
19 0.396309 0.52 0.057996 0.373333
1 0.457821 0.493333 0.057996 0.32
9 0.51406 0.373333 0.047452 0.613333
0 0.56239 0.493333 0.042179 0.32
2 0.619508 0.493333 0.047452 0.32
25 0.667838 0.52 0.042179 0.373333
20 0.710018 0.493333 0.035149 0.32
0 0.753954 0.493333 0.045694 0.32
12 0.802285 0.613333 0.026362 0.613333
24 0.823374 0.493333 0.008787 0.32
9 0.863796 0.38 0.065026 0.626667
24 0.908612 0.493333 0.017575 0.32
2 0.945518 0.493333 0.049209 0.32
26 0.980668 0.493333 0.01406 0.32
