25 0.018377 0.493333 0.036753 0.32
7 0.051302 0.493333 0.022971 0.32
8 0.085758 0.613333 0.039816 0.586667
9 0.127106 0.38 0.036753 0.626667
24 0.153139 0.526667 0.009188 0.386667
9 0.179939 0.38 0.038285 0.626667
25 0.228178 0.52 0.036753 0.373333
17 0.2634 0.493333 0.027565 0.32
19 0.311639 0.493333 0.062787 0.32
24 0.354518 0.493333 0.016845 0.32
0 0.383614 0.493333 0.035222 0.32
24 0.413476 0.486667 0.018377 0.306667
6 0.45023 0.493333 0.030628 0.32
2 0.483155 0.493333 0.029096 0.32
26 0.506891 0.493333 0.012251 0.32
11 0.529862 0.493333 0.027565 0.32
24 0.562787 0.493333 0.016845 0.32
9 0.590352 0.36 0.032159 0.666667
24 0.629403 0.493333 0.024502 0.32
2 0.663093 0.493333 0.036753 0.32
19 0.716692 0.493333 0.049005 0.32
11 0.754211 0.493333 0.019908 0.32
6 0.781776 0.493333 0.029096 0.32
20 0.819296 0.493333 0.039816 0.32
16 0.860643 0.606667 0.036753 0.626667
2 0.907351 0.493333 0.035222 0.32
17 0.941807 0.493333 0.027565 0.32
6 0.973966 0.493333 0.030628 0.32
