9 0.03184 0.38 0.063679 0.626667
0 0.089623 0.513333 0.042453 0.36
5 0.152123 0.493333 0.049528 0.32
11 0.20283 0.513333 0.042453 0.36
9 0.272406 0.38 0.063679 0.626667
0 0.331368 0.52 0.044811 0.373333
3 0.373821 0.493333 0.03066 0.32
6 0.416274 0.493333 0.044811 0.32
0 0.466981 0.526667 0.04717 0.386667
20 0.529481 0.493333 0.044811 0.32
0 0.57783 0.526667 0.042453 0.386667
9 0.643868 0.373333 0.056604 0.613333
0 0.722877 0.526667 0.091981 0.386667
2 0.806604 0.493333 0.042453 0.32
2 0.85967 0.493333 0.054245 0.32
9 0.9375 0.38 0.091981 0.626667
