8 0.03252 0.606667 0.065041 0.626667
9 0.10061 0.373333 0.063008 0.613333
12 0.158537 0.606667 0.02439 0.626667
7 0.191057 0.493333 0.03252 0.32
0 0.235772 0.493333 0.04878 0.32
24 0.270325 0.526667 0.012195 0.386667
9 0.306911 0.366667 0.052846 0.626667
15 0.377033 0.613333 0.058943 0.613333
0 0.444106 0.513333 0.067073 0.36
9 0.507114 0.38 0.050813 0.626667
7 0.553862 0.493333 0.034553 0.32
9 0.601626 0.38 0.052846 0.626667
17 0.667683 0.493333 0.050813 0.32
25 0.721545 0.493333 0.04878 0.32
19 0.77439 0.493333 0.04878 0.32
25 0.83435 0.493333 0.042683 0.32
9 0.888211 0.393333 0.056911 0.653333
1 0.941057 0.526667 0.04065 0.386667
24 0.97561 0.493333 0.020325 0.32
