5 0.014663 0.506667 0.029326 0.346667
25 0.054252 0.493333 0.043988 0.32
5 0.08871 0.506667 0.019062 0.346667
24 0.109971 0.493333 0.017595 0.32
2 0.146628 0.493333 0.035191 0.32
17 0.179619 0.493333 0.024927 0.32
5 0.218475 0.493333 0.032258 0.32
2 0.255132 0.493333 0.035191 0.32
5 0.288856 0.513333 0.026393 0.36
25 0.321114 0.493333 0.032258 0.32
9 0.362903 0.373333 0.045455 0.64
1 0.41129 0.493333 0.045455 0.32
17 0.461877 0.493333 0.035191 0.32
24 0.496334 0.493333 0.027859 0.32
0 0.526393 0.526667 0.026393 0.386667
5 0.565249 0.493333 0.030792 0.32
7 0.593109 0.506667 0.019062 0.346667
3 0.619501 0.493333 0.027859 0.32
2 0.658358 0.493333 0.043988 0.32
1 0.696481 0.506667 0.026393 0.346667
25 0.737537 0.493333 0.035191 0.32
7 0.766129 0.493333 0.016129 0.32
5 0.802053 0.493333 0.035191 0.32
6 0.842375 0.493333 0.039589 0.32
9 0.880499 0.38 0.030792 0.626667
19 0.920821 0.52 0.043988 0.373333
9 0.967742 0.38 0.043988 0.626667
