17 0.029851 0.493333 0.059701 0.32
24 0.08209 0.493333 0.032836 0.32
17 0.126866 0.493333 0.044776 0.32
0 0.195522 0.52 0.080597 0.373333
25 0.273134 0.493333 0.062687 0.32
11 0.337313 0.493333 0.053731 0.32
24 0.40597 0.493333 0.041791 0.32
13 0.458209 0.493333 0.050746 0.32
1 0.526866 0.493333 0.074627 0.32
24 0.586567 0.493333 0.032836 0.32
10 0.644776 0.493333 0.041791 0.32
5 0.702985 0.493333 0.062687 0.32
25 0.773134 0.493333 0.065672 0.32
13 0.837313 0.493333 0.050746 0.32
2 0.90597 0.493333 0.074627 0.32
24 0.964179 0.493333 0.029851 0.32
