25 0.019634 0.493333 0.039267 0.32
13 0.052356 0.493333 0.020942 0.32
2 0.07788 0.513333 0.024869 0.36
25 0.11322 0.493333 0.027487 0.32
9 0.146597 0.373333 0.034031 0.613333
24 0.170157 0.526667 0.007853 0.386667
9 0.196335 0.373333 0.039267 0.613333
4 0.230366 0.493333 0.02356 0.32
12 0.260471 0.606667 0.018325 0.626667
25 0.287958 0.493333 0.031414 0.32
13 0.316754 0.493333 0.020942 0.32
19 0.34555 0.493333 0.031414 0.32
20 0.383508 0.493333 0.026178 0.32
0 0.414267 0.493333 0.030105 0.32
5 0.447644 0.493333 0.031414 0.32
2 0.479712 0.493333 0.027487 0.32
5 0.514398 0.506667 0.02356 0.346667
11 0.539267 0.493333 0.020942 0.32
3 0.563482 0.5 0.022251 0.333333
1 0.589005 0.493333 0.02356 0.32
8 0.623037 0.606667 0.039267 0.626667
24 0.649869 0.493333 0.009162 0.32
9 0.678665 0.386667 0.030105 0.64
1 0.710733 0.493333 0.028796 0.32
24 0.734293 0.526667 0.013089 0.386667
13 0.753927 0.493333 0.020942 0.32
20 0.787958 0.493333 0.028796 0.32
0 0.818063 0.493333 0.026178 0.32
12 0.848168 0.613333 0.015707 0.613333
5 0.875654 0.493333 0.034031 0.32
15 0.914921 0.613333 0.026178 0.613333
0 0.944372 0.493333 0.027487 0.32
2 0.975785 0.506667 0.030105 0.346667
