3 0.018847 0.493333 0.037694 0.32
6 0.067627 0.493333 0.050998 0.32
9 0.13969 0.38 0.062084 0.626667
1 0.208426 0.52 0.066519 0.373333
24 0.259424 0.493333 0.026608 0.32
25 0.321508 0.493333 0.066519 0.32
3 0.380266 0.493333 0.042129 0.32
26 0.419069 0.493333 0.026608 0.32
0 0.463415 0.493333 0.053215 0.32
24 0.505543 0.493333 0.022173 0.32
5 0.562084 0.493333 0.059867 0.32
1 0.62306 0.513333 0.053215 0.36
24 0.66408 0.52 0.019956 0.373333
17 0.7051 0.493333 0.053215 0.32
20 0.758315 0.493333 0.044346 0.32
25 0.822616 0.52 0.053215 0.373333
14 0.871397 0.493333 0.035477 0.32
0 0.927938 0.493333 0.046563 0.32
13 0.970067 0.493333 0.028825 0.32
