5 0.023121 0.493333 0.046243 0.32
9 0.075145 0.4 0.050096 0.666667
19 0.147399 0.526667 0.067437 0.386667
17 0.203276 0.5 0.036609 0.333333
2 0.243738 0.493333 0.036609 0.32
17 0.289981 0.493333 0.04817 0.32
9 0.352601 0.373333 0.050096 0.613333
24 0.391137 0.506667 0.019268 0.346667
7 0.415222 0.493333 0.021195 0.32
9 0.466281 0.393333 0.05395 0.653333
25 0.517341 0.493333 0.040462 0.32
6 0.566474 0.52 0.050096 0.373333
5 0.615607 0.493333 0.040462 0.32
25 0.660886 0.493333 0.042389 0.32
3 0.699422 0.506667 0.026975 0.346667
25 0.745665 0.493333 0.038536 0.32
13 0.782274 0.493333 0.026975 0.32
2 0.819846 0.493333 0.040462 0.32
17 0.875723 0.493333 0.044316 0.32
2 0.924855 0.506667 0.046243 0.346667
3 0.969171 0.493333 0.034682 0.32
