20 0.011688 0.493333 0.023377 0.32
0 0.038961 0.526667 0.025974 0.386667
24 0.063636 0.493333 0.018182 0.32
3 0.085065 0.493333 0.019481 0.32
4 0.115584 0.493333 0.036364 0.32
13 0.145455 0.493333 0.018182 0.32
19 0.186364 0.493333 0.045455 0.32
25 0.224675 0.493333 0.025974 0.32
0 0.252597 0.493333 0.024675 0.32
10 0.283766 0.493333 0.019481 0.32
5 0.312987 0.493333 0.033766 0.32
25 0.346104 0.493333 0.027273 0.32
9 0.375974 0.38 0.027273 0.626667
1 0.408442 0.493333 0.032468 0.32
0 0.446753 0.506667 0.025974 0.346667
9 0.478571 0.366667 0.032468 0.626667
24 0.503896 0.493333 0.012987 0.32
3 0.525974 0.493333 0.025974 0.32
25 0.555844 0.493333 0.028571 0.32
2 0.588312 0.493333 0.031169 0.32
20 0.628571 0.493333 0.031169 0.32
19 0.666234 0.493333 0.038961 0.32
17 0.706494 0.493333 0.036364 0.32
24 0.741558 0.493333 0.015584 0.32
2 0.764935 0.52 0.025974 0.373333
8 0.799351 0.606667 0.024675 0.626667
9 0.824675 0.393333 0.020779 0.653333
11 0.85 0.493333 0.024675 0.32
20 0.881818 0.493333 0.020779 0.32
0 0.909091 0.513333 0.028571 0.36
24 0.932468 0.5 0.012987 0.333333
25 0.957143 0.493333 0.031169 0.32
9 0.983117 0.373333 0.015584 0.613333
