20 0.016966 0.493333 0.033932 0.32
0 0.060878 0.493333 0.045908 0.32
25 0.10978 0.493333 0.043912 0.32
9 0.156687 0.38 0.041916 0.626667
10 0.207585 0.493333 0.031936 0.32
19 0.260479 0.493333 0.065868 0.32
2 0.324351 0.493333 0.053892 0.32
17 0.384232 0.493333 0.037924 0.32
16 0.44012 0.613333 0.065868 0.613333
2 0.502994 0.506667 0.051896 0.346667
11 0.548902 0.493333 0.031936 0.32
17 0.593812 0.493333 0.02994 0.32
24 0.622754 0.493333 0.01996 0.32
21 0.667665 0.493333 0.061876 0.32
9 0.732535 0.373333 0.055888 0.613333
24 0.785429 0.526667 0.017964 0.386667
9 0.828343 0.373333 0.05988 0.613333
25 0.883234 0.493333 0.041916 0.32
13 0.921158 0.493333 0.025948 0.32
2 0.962076 0.493333 0.047904 0.32
