9 0.030488 0.373333 0.060976 0.613333
0 0.092683 0.493333 0.053659 0.32
17 0.15 0.493333 0.05122 0.32
19 0.210976 0.493333 0.060976 0.32
25 0.282927 0.493333 0.073171 0.32
0 0.37561 0.493333 0.078049 0.32
9 0.45 0.38 0.060976 0.626667
9 0.508537 0.373333 0.046341 0.613333
25 0.560976 0.493333 0.04878 0.32
6 0.617073 0.513333 0.053659 0.36
25 0.686585 0.493333 0.05122 0.32
9 0.742683 0.366667 0.05122 0.626667
1 0.8 0.493333 0.053659 0.32
9 0.870732 0.373333 0.053659 0.613333
24 0.913415 0.493333 0.021951 0.32
7 0.956098 0.493333 0.053659 0.32
