25 0.02214 0.506667 0.04428 0.346667
20 0.065498 0.493333 0.035055 0.32
1 0.112546 0.493333 0.051661 0.32
3 0.160517 0.493333 0.0369 0.32
25 0.20203 0.493333 0.038745 0.32
3 0.252768 0.493333 0.0369 0.32
24 0.284133 0.493333 0.01845 0.32
18 0.316421 0.493333 0.038745 0.32
2 0.356089 0.513333 0.03321 0.36
25 0.407749 0.52 0.04428 0.373333
5 0.45572 0.493333 0.04428 0.32
10 0.498155 0.493333 0.03321 0.32
7 0.535055 0.526667 0.03321 0.386667
5 0.574723 0.493333 0.038745 0.32
0 0.630996 0.493333 0.04797 0.32
9 0.680812 0.373333 0.04428 0.613333
24 0.714022 0.493333 0.01476 0.32
10 0.748155 0.5 0.027675 0.306667
25 0.787823 0.52 0.04428 0.373333
3 0.837638 0.493333 0.04797 0.32
4 0.891144 0.493333 0.051661 0.32
24 0.929889 0.493333 0.01845 0.32
2 0.964945 0.493333 0.04428 0.32
