10 0.015456 0.493333 0.030912 0.32
3 0.053323 0.493333 0.03864 0.32
0 0.090417 0.52 0.029366 0.373333
9 0.138331 0.353333 0.041731 0.493333
24 0.170015 0.526667 0.015456 0.386667
7 0.191654 0.506667 0.021638 0.346667
9 0.233385 0.38 0.040185 0.626667
1 0.275116 0.493333 0.037094 0.32
25 0.320711 0.493333 0.032457 0.32
13 0.35085 0.493333 0.021638 0.32
2 0.388717 0.493333 0.047913 0.32
2 0.429675 0.493333 0.027821 0.32
17 0.469088 0.493333 0.029366 0.32
19 0.509274 0.493333 0.044822 0.32
0 0.549459 0.493333 0.029366 0.32
3 0.585781 0.52 0.037094 0.373333
6 0.622875 0.513333 0.030912 0.36
24 0.657651 0.493333 0.017002 0.32
2 0.68779 0.526667 0.037094 0.386667
24 0.717929 0.493333 0.017002 0.32
3 0.748841 0.493333 0.03864 0.32
1 0.783617 0.493333 0.02473 0.32
17 0.822257 0.493333 0.030912 0.32
2 0.860124 0.493333 0.03864 0.32
25 0.913447 0.493333 0.046368 0.32
9 0.964451 0.38 0.049459 0.626667
