25 0.027027 0.506667 0.054054 0.346667
2 0.078829 0.493333 0.040541 0.32
6 0.134009 0.493333 0.038288 0.32
24 0.170045 0.493333 0.024775 0.32
17 0.206081 0.493333 0.038288 0.32
9 0.268018 0.373333 0.076577 0.64
24 0.322072 0.493333 0.022523 0.32
7 0.36036 0.493333 0.045045 0.32
9 0.416667 0.393333 0.036036 0.653333
0 0.461712 0.493333 0.045045 0.32
12 0.518018 0.613333 0.036036 0.613333
11 0.557432 0.493333 0.033784 0.32
1 0.60473 0.493333 0.051802 0.32
11 0.657658 0.493333 0.045045 0.32
19 0.71509 0.493333 0.060811 0.32
5 0.780405 0.493333 0.038288 0.32
9 0.834459 0.38 0.060811 0.626667
9 0.905405 0.366667 0.04955 0.626667
1 0.959459 0.493333 0.04955 0.32
