9 0.014007 0.373333 0.028015 0.613333
0 0.042022 0.493333 0.023143 0.32
8 0.076127 0.606667 0.040195 0.626667
25 0.111449 0.493333 0.025579 0.32
14 0.13581 0.493333 0.01827 0.32
5 0.16687 0.493333 0.026797 0.32
3 0.192448 0.493333 0.019488 0.32
1 0.218636 0.493333 0.028015 0.32
10 0.249086 0.493333 0.015834 0.32
5 0.271011 0.493333 0.023143 0.32
25 0.298417 0.493333 0.026797 0.32
7 0.325822 0.493333 0.023143 0.32
8 0.369671 0.62 0.047503 0.626667
9 0.412911 0.38 0.034105 0.626667
5 0.454933 0.5 0.032887 0.333333
1 0.492692 0.493333 0.037759 0.32
17 0.526797 0.493333 0.025579 0.32
5 0.55542 0.493333 0.026797 0.32
9 0.593179 0.366667 0.031669 0.626667
1 0.62363 0.493333 0.024361 0.32
10 0.651644 0.493333 0.014616 0.32
0 0.675396 0.5 0.025579 0.306667
17 0.705847 0.493333 0.030451 0.32
2 0.736297 0.52 0.025579 0.373333
10 0.767966 0.493333 0.020706 0.32
9 0.790499 0.393333 0.019488 0.653333
24 0.80877 0.493333 0.01218 0.32
1 0.83313 0.513333 0.031669 0.36
3 0.869062 0.493333 0.023143 0.32
1 0.892205 0.493333 0.01827 0.32
10 0.91961 0.513333 0.019488 0.36
5 0.94458 0.506667 0.025579 0.346667
9 0.975639 0.38 0.031669 0.626667
