25 0.017384 0.493333 0.034768 0.32
7 0.047185 0.493333 0.018212 0.32
0 0.075331 0.493333 0.031457 0.32
24 0.103477 0.493333 0.018212 0.32
9 0.134106 0.36 0.036424 0.64
24 0.164735 0.493333 0.018212 0.32
20 0.202815 0.493333 0.034768 0.32
0 0.241722 0.493333 0.036424 0.32
17 0.280629 0.493333 0.034768 0.32
19 0.325331 0.493333 0.048013 0.32
1 0.368377 0.493333 0.031457 0.32
11 0.402318 0.493333 0.029801 0.32
20 0.442881 0.493333 0.028146 0.32
0 0.47351 0.493333 0.02649 0.32
19 0.515728 0.493333 0.051325 0.32
25 0.56457 0.493333 0.039735 0.32
0 0.603477 0.493333 0.031457 0.32
25 0.655629 0.5 0.049669 0.333333
2 0.705298 0.493333 0.043046 0.32
3 0.743377 0.493333 0.02649 0.32
25 0.778146 0.493333 0.036424 0.32
2 0.81457 0.513333 0.029801 0.36
17 0.855132 0.493333 0.028146 0.32
2 0.890728 0.506667 0.036424 0.346667
3 0.928808 0.493333 0.033113 0.32
25 0.968543 0.493333 0.039735 0.32
