10 0.015723 0.506667 0.031447 0.346667
1 0.056604 0.493333 0.044025 0.32
0 0.095126 0.493333 0.02673 0.32
24 0.119497 0.493333 0.015723 0.32
9 0.147799 0.373333 0.034591 0.613333
9 0.197327 0.38 0.042453 0.626667
24 0.230346 0.493333 0.017296 0.32
7 0.255503 0.493333 0.02673 0.32
9 0.306604 0.373333 0.053459 0.64
24 0.346698 0.493333 0.02044 0.32
7 0.371855 0.513333 0.023585 0.36
0 0.411164 0.493333 0.033019 0.32
24 0.437893 0.493333 0.014151 0.32
9 0.474843 0.373333 0.053459 0.613333
24 0.511006 0.493333 0.012579 0.32
24 0.540094 0.493333 0.023585 0.32
0 0.570755 0.493333 0.031447 0.32
25 0.606918 0.493333 0.034591 0.32
7 0.640723 0.5 0.02673 0.333333
19 0.691038 0.493333 0.051887 0.32
13 0.731918 0.493333 0.023585 0.32
0 0.763365 0.493333 0.033019 0.32
9 0.819182 0.366667 0.056604 0.626667
1 0.868711 0.493333 0.036164 0.32
9 0.917453 0.373333 0.055031 0.613333
0 0.968553 0.493333 0.040881 0.32
