5 0.024719 0.493333 0.049438 0.32
2 0.082022 0.493333 0.05618 0.32
9 0.158427 0.386667 0.065169 0.64
0 0.214607 0.493333 0.038202 0.32
25 0.262921 0.526667 0.049438 0.386667
2 0.319101 0.493333 0.053933 0.32
2 0.373034 0.493333 0.044944 0.32
9 0.432584 0.38 0.065169 0.626667
10 0.502247 0.513333 0.042697 0.36
1 0.555056 0.493333 0.053933 0.32
24 0.604494 0.493333 0.035955 0.32
3 0.65618 0.493333 0.035955 0.32
1 0.707865 0.5 0.058427 0.333333
25 0.765169 0.493333 0.047191 0.32
13 0.807865 0.493333 0.029213 0.32
2 0.852809 0.493333 0.051685 0.32
10 0.913483 0.493333 0.038202 0.32
2 0.960674 0.493333 0.047191 0.32
