25 0.019133 0.5 0.038265 0.333333
9 0.054847 0.373333 0.028061 0.613333
17 0.084184 0.493333 0.02551 0.32
19 0.116071 0.493333 0.033163 0.32
0 0.151148 0.493333 0.031888 0.32
5 0.185587 0.493333 0.031888 0.32
24 0.215561 0.493333 0.010204 0.32
17 0.235969 0.493333 0.02551 0.32
0 0.265944 0.5 0.026786 0.306667
12 0.295918 0.613333 0.015306 0.613333
25 0.320153 0.493333 0.028061 0.32
25 0.352041 0.493333 0.030612 0.32
24 0.376276 0.513333 0.012755 0.36
20 0.403061 0.513333 0.022959 0.36
24 0.426658 0.493333 0.019133 0.32
24 0.445791 0.493333 0.014031 0.32
5 0.468112 0.493333 0.02551 0.32
9 0.50574 0.366667 0.031888 0.626667
0 0.539541 0.493333 0.030612 0.32
17 0.56824 0.493333 0.021684 0.32
19 0.608418 0.506667 0.053571 0.32
25 0.651148 0.493333 0.026786 0.32
17 0.688138 0.493333 0.029337 0.32
19 0.722577 0.493333 0.034439 0.32
0 0.763393 0.513333 0.042092 0.36
19 0.80676 0.493333 0.039541 0.32
25 0.848214 0.493333 0.038265 0.32
0 0.88648 0.493333 0.033163 0.32
1 0.931122 0.493333 0.038265 0.32
24 0.959184 0.493333 0.012755 0.32
17 0.979592 0.493333 0.022959 0.32
