20 0.015306 0.493333 0.030612 0.32
0 0.053207 0.493333 0.039359 0.32
5 0.093294 0.493333 0.034985 0.32
9 0.12828 0.333333 0.029155 0.506667
24 0.155248 0.493333 0.016035 0.32
1 0.183673 0.493333 0.034985 0.32
20 0.225948 0.493333 0.029155 0.32
0 0.258746 0.526667 0.030612 0.386667
10 0.290816 0.513333 0.027697 0.36
1 0.321429 0.493333 0.027697 0.32
9 0.360787 0.38 0.04519 0.626667
0 0.400875 0.493333 0.029155 0.32
5 0.44242 0.493333 0.033528 0.32
11 0.473032 0.493333 0.021866 0.32
0 0.5 0.513333 0.026239 0.36
5 0.537901 0.493333 0.029155 0.32
7 0.571429 0.493333 0.03207 0.32
5 0.604227 0.493333 0.027697 0.32
7 0.633382 0.513333 0.024781 0.36
2 0.666181 0.526667 0.034985 0.386667
0 0.708455 0.493333 0.029155 0.32
24 0.733965 0.493333 0.016035 0.32
20 0.765306 0.493333 0.026239 0.32
24 0.789359 0.5 0.016035 0.333333
11 0.812682 0.506667 0.024781 0.346667
0 0.841108 0.493333 0.026239 0.32
9 0.886297 0.366667 0.043732 0.626667
24 0.918367 0.493333 0.014577 0.32
21 0.940233 0.513333 0.023324 0.36
25 0.972303 0.493333 0.034985 0.32
