5 0.03125 0.493333 0.0625 0.32
11 0.085938 0.493333 0.036458 0.32
5 0.138021 0.493333 0.057292 0.32
9 0.205729 0.373333 0.067708 0.613333
10 0.282552 0.493333 0.049479 0.32
1 0.34375 0.493333 0.0625 0.32
5 0.411458 0.493333 0.0625 0.32
5 0.473958 0.513333 0.052083 0.36
9 0.5625 0.38 0.114583 0.626667
0 0.654948 0.513333 0.059896 0.36
25 0.734375 0.493333 0.0625 0.32
13 0.791667 0.493333 0.041667 0.32
2 0.84375 0.493333 0.052083 0.32
25 0.902344 0.493333 0.054688 0.32
3 0.958333 0.493333 0.046875 0.32
