24 0.010753 0.493333 0.021505 0.32
11 0.045161 0.5 0.03871 0.333333
19 0.1 0.493333 0.062366 0.32
24 0.148387 0.493333 0.025806 0.32
9 0.212903 0.373333 0.073118 0.64
1 0.275269 0.493333 0.043011 0.32
17 0.333333 0.493333 0.043011 0.32
16 0.402151 0.613333 0.086022 0.64
19 0.480645 0.493333 0.062366 0.32
3 0.543011 0.493333 0.032258 0.32
24 0.572043 0.493333 0.017204 0.32
1 0.612903 0.513333 0.055914 0.36
9 0.67957 0.366667 0.047312 0.626667
0 0.731183 0.493333 0.047312 0.32
25 0.802151 0.493333 0.064516 0.32
19 0.872043 0.493333 0.066667 0.32
13 0.924731 0.493333 0.030108 0.32
0 0.964516 0.52 0.04086 0.373333
