9 0.019126 0.393333 0.038251 0.653333
1 0.055328 0.493333 0.028689 0.32
24 0.079918 0.493333 0.015027 0.32
11 0.10041 0.493333 0.020492 0.32
16 0.135246 0.606667 0.043716 0.626667
20 0.18306 0.493333 0.032787 0.32
11 0.213115 0.493333 0.021858 0.32
0 0.240437 0.493333 0.027322 0.32
19 0.282787 0.513333 0.038251 0.36
25 0.318989 0.493333 0.028689 0.32
0 0.355191 0.493333 0.038251 0.32
5 0.398224 0.493333 0.028689 0.32
13 0.428279 0.493333 0.025956 0.32
2 0.464481 0.52 0.040984 0.373333
20 0.504098 0.493333 0.032787 0.32
11 0.540301 0.493333 0.020492 0.32
1 0.571721 0.526667 0.036885 0.386667
9 0.618169 0.38 0.036885 0.626667
24 0.650273 0.493333 0.021858 0.32
7 0.673497 0.5 0.019126 0.333333
9 0.705601 0.386667 0.039617 0.64
24 0.73429 0.493333 0.012295 0.32
0 0.755464 0.493333 0.02459 0.32
12 0.788934 0.613333 0.023224 0.64
11 0.814891 0.493333 0.023224 0.32
2 0.84153 0.52 0.02459 0.373333
9 0.874317 0.373333 0.035519 0.64
6 0.906421 0.493333 0.023224 0.32
20 0.943989 0.493333 0.032787 0.32
1 0.976776 0.52 0.027322 0.373333
