10 0.01418 0.493333 0.02836 0.32
20 0.049938 0.526667 0.038224 0.386667
0 0.084464 0.513333 0.025894 0.36
5 0.120222 0.493333 0.02836 0.32
1 0.147965 0.506667 0.022195 0.346667
19 0.181874 0.493333 0.040691 0.32
17 0.2164 0.493333 0.023428 0.32
0 0.256473 0.493333 0.039457 0.32
13 0.289149 0.493333 0.020962 0.32
17 0.319359 0.493333 0.022195 0.32
19 0.352035 0.493333 0.038224 0.32
0 0.385943 0.493333 0.024661 0.32
5 0.419852 0.506667 0.025894 0.346667
7 0.444513 0.493333 0.018496 0.32
9 0.47349 0.373333 0.034525 0.613333
10 0.508015 0.493333 0.017263 0.32
3 0.530826 0.493333 0.023428 0.32
0 0.557337 0.5 0.024661 0.333333
25 0.591245 0.493333 0.025894 0.32
14 0.615906 0.493333 0.018496 0.32
5 0.652281 0.493333 0.036991 0.32
20 0.683107 0.493333 0.019729 0.32
0 0.706535 0.493333 0.022195 0.32
20 0.733046 0.493333 0.025894 0.32
0 0.760173 0.493333 0.023428 0.32
5 0.795314 0.493333 0.029593 0.32
2 0.824291 0.493333 0.023428 0.32
20 0.852035 0.493333 0.027127 0.32
7 0.877312 0.493333 0.018496 0.32
9 0.910604 0.386667 0.043157 0.666667
5 0.95746 0.493333 0.033292 0.32
26 0.98397 0.493333 0.014797 0.32
