26 0.006349 0.493333 0.012698 0.32
17 0.030159 0.493333 0.028571 0.32
2 0.06746 0.493333 0.039683 0.32
5 0.106349 0.493333 0.031746 0.32
7 0.140476 0.493333 0.030159 0.32
9 0.194444 0.373333 0.055556 0.64
24 0.234127 0.493333 0.01746 0.32
7 0.259524 0.493333 0.026984 0.32
9 0.296032 0.373333 0.039683 0.613333
25 0.346032 0.52 0.038095 0.373333
9 0.396032 0.38 0.055556 0.626667
20 0.453968 0.493333 0.038095 0.32
0 0.49127 0.493333 0.030159 0.32
24 0.51746 0.526667 0.015873 0.386667
12 0.538889 0.613333 0.020635 0.613333
11 0.561905 0.493333 0.019048 0.32
9 0.605556 0.373333 0.046032 0.613333
1 0.65 0.493333 0.036508 0.32
12 0.692063 0.586667 0.025397 0.666667
11 0.720635 0.493333 0.025397 0.32
10 0.757143 0.513333 0.025397 0.36
19 0.799206 0.493333 0.052381 0.32
12 0.844444 0.606667 0.015873 0.626667
0 0.870635 0.493333 0.030159 0.32
9 0.916667 0.373333 0.039683 0.613333
1 0.964286 0.493333 0.049206 0.32
