25 0.011792 0.493333 0.023585 0.32
11 0.034198 0.493333 0.016509 0.32
0 0.056604 0.493333 0.023585 0.32
9 0.088443 0.38 0.035377 0.626667
10 0.123821 0.5 0.018868 0.306667
5 0.150354 0.493333 0.029481 0.32
24 0.178656 0.493333 0.010613 0.32
2 0.200472 0.493333 0.028302 0.32
12 0.225236 0.613333 0.016509 0.613333
24 0.242335 0.493333 0.012972 0.32
5 0.266509 0.493333 0.03066 0.32
20 0.304245 0.506667 0.028302 0.346667
0 0.334906 0.493333 0.028302 0.32
5 0.370283 0.493333 0.025943 0.32
6 0.395637 0.493333 0.020047 0.32
11 0.417453 0.493333 0.018868 0.32
19 0.447524 0.493333 0.036557 0.32
24 0.476415 0.493333 0.016509 0.32
9 0.505896 0.373333 0.025943 0.613333
0 0.537146 0.493333 0.03184 0.32
9 0.576651 0.373333 0.03066 0.613333
1 0.608491 0.526667 0.028302 0.386667
20 0.637972 0.506667 0.025943 0.346667
0 0.668632 0.493333 0.03066 0.32
8 0.711675 0.606667 0.038915 0.626667
5 0.744104 0.526667 0.021226 0.386667
10 0.771816 0.493333 0.017689 0.32
5 0.79717 0.493333 0.028302 0.32
10 0.825472 0.52 0.023585 0.373333
24 0.845519 0.493333 0.011792 0.32
16 0.872052 0.613333 0.036557 0.613333
25 0.910377 0.5 0.035377 0.333333
20 0.948703 0.493333 0.024764 0.32
0 0.977594 0.52 0.028302 0.373333
