17 0.009731 0.506667 0.019461 0.346667
19 0.046407 0.493333 0.047904 0.32
9 0.091317 0.386667 0.035928 0.64
24 0.120509 0.493333 0.016467 0.32
14 0.142216 0.493333 0.020958 0.32
20 0.171407 0.52 0.031437 0.373333
10 0.211826 0.506667 0.028443 0.346667
9 0.245509 0.373333 0.032934 0.613333
24 0.270958 0.493333 0.011976 0.32
7 0.289671 0.493333 0.019461 0.32
12 0.322605 0.613333 0.025449 0.613333
11 0.351796 0.493333 0.026946 0.32
19 0.38997 0.493333 0.043413 0.32
3 0.42515 0.493333 0.020958 0.32
24 0.446108 0.526667 0.01497 0.386667
16 0.483533 0.613333 0.053892 0.613333
17 0.541916 0.493333 0.041916 0.32
19 0.588323 0.506667 0.04491 0.32
0 0.627246 0.526667 0.026946 0.386667
12 0.656437 0.613333 0.025449 0.613333
11 0.682635 0.513333 0.020958 0.36
17 0.721557 0.493333 0.035928 0.32
19 0.762725 0.5 0.040419 0.333333
0 0.799401 0.526667 0.026946 0.386667
24 0.822605 0.493333 0.013473 0.32
9 0.855539 0.38 0.031437 0.626667
1 0.894461 0.493333 0.040419 0.32
20 0.938623 0.493333 0.041916 0.32
0 0.976048 0.52 0.026946 0.373333
