20 0.017422 0.493333 0.034843 0.32
6 0.05662 0.513333 0.036585 0.36
0 0.099303 0.493333 0.041812 0.32
10 0.13676 0.493333 0.026132 0.32
0 0.171603 0.513333 0.036585 0.36
5 0.220383 0.493333 0.036585 0.32
2 0.259582 0.493333 0.034843 0.32
9 0.302265 0.373333 0.043554 0.613333
1 0.351916 0.493333 0.04878 0.32
10 0.405923 0.493333 0.034843 0.32
5 0.447735 0.493333 0.041812 0.32
20 0.486934 0.493333 0.029617 0.32
0 0.533101 0.493333 0.055749 0.32
24 0.580139 0.493333 0.013937 0.32
0 0.608014 0.493333 0.034843 0.32
5 0.663763 0.493333 0.052265 0.32
7 0.706446 0.493333 0.026132 0.32
5 0.743902 0.493333 0.041812 0.32
20 0.786585 0.493333 0.036585 0.32
13 0.818815 0.493333 0.020906 0.32
0 0.853659 0.493333 0.041812 0.32
20 0.902439 0.493333 0.031359 0.32
0 0.94338 0.493333 0.043554 0.32
24 0.978223 0.493333 0.019164 0.32
