20 0.020161 0.493333 0.040323 0.32
0 0.067204 0.493333 0.043011 0.32
10 0.127688 0.493333 0.040323 0.32
1 0.185484 0.493333 0.064516 0.32
24 0.236559 0.493333 0.026882 0.32
19 0.307796 0.493333 0.077957 0.32
19 0.383065 0.493333 0.061828 0.32
25 0.448925 0.526667 0.05914 0.386667
19 0.522849 0.513333 0.077957 0.36
1 0.59543 0.493333 0.056452 0.32
11 0.650538 0.493333 0.043011 0.32
10 0.71371 0.506667 0.045699 0.346667
5 0.774194 0.493333 0.064516 0.32
17 0.84543 0.493333 0.067204 0.32
2 0.905914 0.493333 0.043011 0.32
0 0.956989 0.493333 0.048387 0.32
