10 0.011664 0.52 0.023328 0.373333
5 0.046656 0.493333 0.040435 0.32
0 0.093313 0.506667 0.031104 0.346667
9 0.136081 0.38 0.048212 0.626667
5 0.190513 0.493333 0.03888 0.32
9 0.236392 0.32 0.046656 0.506667
6 0.286159 0.493333 0.027994 0.32
13 0.314152 0.493333 0.021773 0.32
9 0.35381 0.366667 0.051322 0.626667
25 0.399689 0.526667 0.034215 0.386667
7 0.430016 0.493333 0.020218 0.32
6 0.468118 0.493333 0.034215 0.32
20 0.504666 0.493333 0.032659 0.32
14 0.539658 0.493333 0.031104 0.32
19 0.584759 0.493333 0.052877 0.32
25 0.62986 0.493333 0.031104 0.32
0 0.659409 0.493333 0.021773 0.32
5 0.7014 0.493333 0.040435 0.32
9 0.74339 0.373333 0.037325 0.613333
8 0.7986 0.606667 0.051322 0.626667
9 0.846034 0.38 0.037325 0.626667
24 0.876361 0.493333 0.017107 0.32
5 0.908243 0.493333 0.040435 0.32
10 0.945568 0.52 0.027994 0.373333
1 0.975894 0.493333 0.026439 0.32
