20 0.008646 0.513333 0.017291 0.36
24 0.027378 0.493333 0.014409 0.32
6 0.053314 0.493333 0.0317 0.32
24 0.079251 0.493333 0.014409 0.32
17 0.106628 0.513333 0.034582 0.36
25 0.151297 0.52 0.034582 0.373333
3 0.183718 0.5 0.024496 0.333333
7 0.210375 0.493333 0.023055 0.32
5 0.24928 0.513333 0.034582 0.36
24 0.279539 0.493333 0.020173 0.32
10 0.305476 0.493333 0.025937 0.32
4 0.336455 0.513333 0.030259 0.36
2 0.368156 0.493333 0.027378 0.32
25 0.40634 0.493333 0.028818 0.32
3 0.438761 0.493333 0.030259 0.32
20 0.476945 0.493333 0.025937 0.32
0 0.507205 0.493333 0.028818 0.32
25 0.54755 0.526667 0.0317 0.386667
7 0.577089 0.493333 0.021614 0.32
17 0.606628 0.493333 0.0317 0.32
0 0.639769 0.493333 0.028818 0.32
11 0.668588 0.493333 0.023055 0.32
1 0.70389 0.5 0.027378 0.333333
11 0.732709 0.493333 0.024496 0.32
3 0.761527 0.493333 0.027378 0.32
5 0.794669 0.493333 0.033141 0.32
2 0.838617 0.526667 0.034582 0.386667
19 0.889049 0.506667 0.060519 0.32
24 0.929395 0.526667 0.014409 0.386667
24 0.947406 0.493333 0.01585 0.32
2 0.974063 0.5 0.0317 0.333333
