0 0.026104 0.526667 0.052209 0.386667
17 0.068942 0.493333 0.028112 0.32
16 0.105756 0.613333 0.040161 0.613333
20 0.149933 0.5 0.029451 0.333333
0 0.180723 0.493333 0.026774 0.32
11 0.207497 0.5 0.021419 0.333333
24 0.227577 0.493333 0.013387 0.32
5 0.257028 0.493333 0.026774 0.32
19 0.290495 0.493333 0.034806 0.32
24 0.31593 0.493333 0.01071 0.32
11 0.333333 0.493333 0.018742 0.32
17 0.380187 0.506667 0.056225 0.32
19 0.431058 0.493333 0.040161 0.32
0 0.470549 0.493333 0.033467 0.32
17 0.501339 0.526667 0.022758 0.386667
2 0.53012 0.5 0.029451 0.333333
3 0.56158 0.493333 0.028112 0.32
20 0.597724 0.493333 0.025435 0.32
24 0.618474 0.493333 0.01071 0.32
2 0.638554 0.52 0.024096 0.373333
17 0.665328 0.493333 0.024096 0.32
6 0.691432 0.493333 0.022758 0.32
26 0.716867 0.52 0.009371 0.373333
24 0.730924 0.513333 0.013387 0.36
1 0.757697 0.513333 0.034806 0.36
9 0.791834 0.38 0.028112 0.626667
7 0.818608 0.493333 0.02008 0.32
9 0.85676 0.373333 0.037483 0.613333
1 0.890897 0.506667 0.025435 0.346667
25 0.927711 0.493333 0.029451 0.32
9 0.967871 0.373333 0.045515 0.613333
