24 0.009036 0.493333 0.018072 0.32
2 0.045181 0.513333 0.046185 0.36
5 0.092369 0.493333 0.040161 0.32
3 0.134538 0.493333 0.036145 0.32
6 0.180723 0.5 0.048193 0.333333
25 0.238956 0.493333 0.060241 0.32
19 0.312249 0.493333 0.058233 0.32
14 0.361446 0.493333 0.032129 0.32
13 0.396586 0.493333 0.03012 0.32
9 0.439759 0.38 0.048193 0.626667
0 0.491968 0.493333 0.048193 0.32
5 0.544177 0.493333 0.048193 0.32
0 0.614458 0.493333 0.064257 0.32
24 0.658635 0.493333 0.016064 0.32
1 0.706827 0.506667 0.052209 0.346667
17 0.756024 0.493333 0.038153 0.32
5 0.813253 0.493333 0.048193 0.32
2 0.861446 0.513333 0.040161 0.36
10 0.914659 0.506667 0.038153 0.346667
1 0.961847 0.493333 0.048193 0.32
