5 0.017685 0.493333 0.03537 0.32
7 0.052251 0.493333 0.027331 0.32
9 0.092444 0.373333 0.046624 0.613333
24 0.12701 0.493333 0.016077 0.32
9 0.164791 0.373333 0.036977 0.613333
7 0.197749 0.493333 0.022508 0.32
11 0.223473 0.493333 0.022508 0.32
5 0.258842 0.493333 0.041801 0.32
9 0.299035 0.373333 0.032154 0.613333
12 0.34164 0.613333 0.030547 0.613333
25 0.379421 0.506667 0.038585 0.346667
0 0.425241 0.493333 0.046624 0.32
9 0.46865 0.38 0.033762 0.626667
25 0.516077 0.493333 0.038585 0.32
9 0.558682 0.38 0.040193 0.626667
5 0.600482 0.5 0.036977 0.333333
13 0.638264 0.493333 0.032154 0.32
0 0.676045 0.493333 0.036977 0.32
24 0.715434 0.486667 0.019293 0.306667
9 0.757235 0.386667 0.054662 0.64
10 0.803055 0.52 0.030547 0.373333
3 0.836817 0.493333 0.030547 0.32
0 0.872186 0.493333 0.033762 0.32
9 0.923633 0.366667 0.046624 0.626667
0 0.969453 0.493333 0.038585 0.32
