8 0.040049 0.606667 0.080097 0.626667
9 0.121359 0.32 0.072816 0.506667
24 0.177184 0.493333 0.024272 0.32
5 0.222087 0.493333 0.055825 0.32
26 0.274272 0.52 0.014563 0.373333
0 0.308252 0.506667 0.043689 0.346667
24 0.345874 0.493333 0.021845 0.32
6 0.387136 0.52 0.050971 0.373333
24 0.434466 0.493333 0.033981 0.32
7 0.473301 0.506667 0.033981 0.346667
10 0.531553 0.493333 0.048544 0.32
25 0.587379 0.493333 0.053398 0.32
11 0.637136 0.493333 0.036408 0.32
5 0.68568 0.493333 0.050971 0.32
25 0.764563 0.493333 0.072816 0.32
3 0.826456 0.493333 0.041262 0.32
0 0.883495 0.5 0.038835 0.333333
9 0.945388 0.386667 0.075243 0.64
