25 0.018613 0.493333 0.037225 0.32
7 0.051607 0.493333 0.021997 0.32
25 0.083756 0.493333 0.035533 0.32
7 0.118443 0.493333 0.027073 0.32
17 0.160745 0.493333 0.033841 0.32
19 0.207276 0.493333 0.052453 0.32
0 0.264805 0.493333 0.055838 0.32
10 0.322335 0.493333 0.035533 0.32
5 0.357868 0.493333 0.028765 0.32
9 0.404399 0.393333 0.040609 0.653333
1 0.44247 0.493333 0.028765 0.32
10 0.475465 0.493333 0.030457 0.32
0 0.514382 0.493333 0.040609 0.32
24 0.545685 0.493333 0.015228 0.32
9 0.591371 0.38 0.052453 0.626667
1 0.641286 0.493333 0.040609 0.32
9 0.686971 0.38 0.043993 0.626667
1 0.730118 0.493333 0.035533 0.32
24 0.766497 0.493333 0.013536 0.32
6 0.791032 0.493333 0.028765 0.32
24 0.829949 0.493333 0.025381 0.32
0 0.866328 0.493333 0.040609 0.32
5 0.906091 0.493333 0.032149 0.32
13 0.93824 0.493333 0.025381 0.32
11 0.971235 0.493333 0.033841 0.32
