25 0.022727 0.493333 0.045455 0.32
7 0.067149 0.493333 0.035124 0.32
20 0.108471 0.506667 0.039256 0.346667
0 0.15186 0.493333 0.039256 0.32
9 0.219008 0.38 0.066116 0.626667
24 0.265496 0.52 0.018595 0.373333
7 0.297521 0.506667 0.03719 0.346667
1 0.358471 0.493333 0.055785 0.32
11 0.402893 0.493333 0.024793 0.32
19 0.444215 0.493333 0.049587 0.32
11 0.491736 0.493333 0.03719 0.32
9 0.541322 0.386667 0.053719 0.64
17 0.60124 0.493333 0.03719 0.32
2 0.646694 0.5 0.045455 0.333333
3 0.69938 0.493333 0.051653 0.32
9 0.756198 0.366667 0.053719 0.626667
5 0.820248 0.493333 0.045455 0.32
11 0.867769 0.493333 0.041322 0.32
17 0.916322 0.493333 0.047521 0.32
0 0.964876 0.493333 0.041322 0.32
