5 0.021236 0.493333 0.042471 0.32
7 0.060811 0.493333 0.028958 0.32
24 0.085907 0.493333 0.013514 0.32
2 0.111969 0.493333 0.030888 0.32
24 0.138996 0.493333 0.015444 0.32
2 0.170849 0.493333 0.040541 0.32
0 0.222973 0.493333 0.03668 0.32
9 0.282819 0.373333 0.07529 0.64
9 0.353282 0.38 0.057915 0.653333
24 0.399614 0.493333 0.027027 0.32
1 0.435328 0.493333 0.03668 0.32
20 0.482625 0.493333 0.030888 0.32
0 0.52027 0.493333 0.03668 0.32
0 0.563707 0.493333 0.042471 0.32
25 0.609073 0.493333 0.040541 0.32
7 0.644788 0.493333 0.023166 0.32
10 0.69112 0.493333 0.042471 0.32
20 0.72973 0.493333 0.027027 0.32
0 0.765444 0.493333 0.03668 0.32
24 0.807915 0.493333 0.021236 0.32
9 0.84749 0.38 0.050193 0.626667
0 0.899614 0.493333 0.046332 0.32
24 0.935328 0.493333 0.017375 0.32
5 0.967181 0.5 0.03861 0.333333
