9 0.03184 0.346667 0.063679 0.666667
7 0.091981 0.493333 0.04717 0.32
2 0.15684 0.486667 0.049528 0.333333
16 0.226415 0.613333 0.080189 0.64
1 0.3125 0.493333 0.082547 0.32
25 0.383255 0.493333 0.049528 0.32
19 0.454009 0.493333 0.058962 0.32
25 0.512972 0.493333 0.049528 0.32
0 0.560142 0.493333 0.035377 0.32
25 0.619104 0.493333 0.049528 0.32
7 0.662736 0.493333 0.028302 0.32
10 0.711085 0.513333 0.058962 0.36
1 0.777123 0.526667 0.063679 0.386667
9 0.845519 0.373333 0.063679 0.613333
9 0.919811 0.38 0.051887 0.626667
0 0.966981 0.493333 0.033019 0.32
