20 0.014742 0.493333 0.029484 0.32
0 0.046683 0.493333 0.029484 0.32
9 0.085995 0.366667 0.031941 0.706667
24 0.110565 0.493333 0.012285 0.32
7 0.12715 0.493333 0.015971 0.32
9 0.154791 0.38 0.034398 0.573333
5 0.189189 0.493333 0.029484 0.32
5 0.227273 0.493333 0.029484 0.32
2 0.255528 0.513333 0.022113 0.36
19 0.289312 0.493333 0.040541 0.32
9 0.339681 0.373333 0.042998 0.64
0 0.374693 0.493333 0.022113 0.32
0 0.40602 0.493333 0.023342 0.32
2 0.437346 0.493333 0.034398 0.32
5 0.470516 0.493333 0.027027 0.32
9 0.510442 0.373333 0.035627 0.613333
0 0.545455 0.493333 0.029484 0.32
9 0.578624 0.373333 0.031941 0.613333
0 0.614251 0.493333 0.034398 0.32
19 0.655405 0.493333 0.030713 0.32
3 0.684275 0.5 0.022113 0.333333
24 0.704545 0.493333 0.013514 0.32
16 0.732801 0.613333 0.038084 0.64
12 0.769042 0.613333 0.017199 0.613333
11 0.786855 0.493333 0.013514 0.32
0 0.810197 0.493333 0.028256 0.32
17 0.84398 0.493333 0.034398 0.32
25 0.876536 0.493333 0.025799 0.32
3 0.910319 0.52 0.02457 0.373333
1 0.935504 0.493333 0.020885 0.32
24 0.955774 0.493333 0.014742 0.32
11 0.978501 0.493333 0.025799 0.32
