24 0.007394 0.493333 0.014787 0.32
20 0.039741 0.493333 0.042514 0.32
24 0.074861 0.493333 0.020333 0.32
0 0.109057 0.493333 0.040665 0.32
25 0.161738 0.493333 0.038817 0.32
16 0.213494 0.613333 0.057301 0.613333
2 0.261553 0.493333 0.031423 0.32
3 0.294824 0.5 0.027726 0.333333
1 0.336414 0.493333 0.048059 0.32
25 0.395564 0.493333 0.044362 0.32
13 0.433457 0.493333 0.02403 0.32
1 0.484288 0.493333 0.07024 0.32
5 0.554529 0.493333 0.044362 0.32
7 0.592421 0.493333 0.02403 0.32
10 0.626617 0.493333 0.036969 0.32
0 0.666359 0.526667 0.03512 0.386667
24 0.700555 0.493333 0.025878 0.32
10 0.748614 0.493333 0.044362 0.32
25 0.796673 0.493333 0.044362 0.32
2 0.839187 0.493333 0.033272 0.32
25 0.878004 0.493333 0.036969 0.32
3 0.927911 0.5 0.055453 0.333333
13 0.973198 0.493333 0.027726 0.32
