25 0.029762 0.493333 0.059524 0.32
9 0.098214 0.366667 0.069444 0.626667
12 0.150794 0.613333 0.027778 0.613333
11 0.18254 0.493333 0.027778 0.32
5 0.229167 0.506667 0.037698 0.346667
26 0.259921 0.493333 0.015873 0.32
25 0.293651 0.526667 0.043651 0.386667
11 0.333333 0.493333 0.027778 0.32
25 0.375 0.506667 0.047619 0.346667
0 0.43254 0.493333 0.039683 0.32
24 0.467262 0.493333 0.021825 0.32
9 0.508929 0.38 0.053571 0.626667
10 0.5625 0.493333 0.025794 0.32
0 0.60119 0.493333 0.043651 0.32
16 0.665675 0.573333 0.05754 0.693333
17 0.71627 0.493333 0.035714 0.32
10 0.757937 0.526667 0.039683 0.386667
1 0.805556 0.493333 0.047619 0.32
12 0.858135 0.613333 0.029762 0.613333
2 0.894841 0.52 0.035714 0.373333
24 0.936508 0.493333 0.019841 0.32
13 0.968254 0.493333 0.035714 0.32
