26 0.010309 0.493333 0.020619 0.32
24 0.032646 0.493333 0.017182 0.32
1 0.063574 0.493333 0.037801 0.32
0 0.11512 0.493333 0.041237 0.32
24 0.148625 0.493333 0.0189 0.32
9 0.188144 0.38 0.053265 0.626667
24 0.225086 0.506667 0.013746 0.346667
9 0.267182 0.366667 0.046392 0.626667
24 0.303265 0.493333 0.0189 0.32
7 0.32732 0.493333 0.022337 0.32
25 0.369416 0.493333 0.037801 0.32
3 0.407216 0.493333 0.030928 0.32
0 0.451031 0.493333 0.032646 0.32
25 0.488832 0.493333 0.036082 0.32
19 0.532646 0.493333 0.044674 0.32
20 0.578179 0.493333 0.039519 0.32
7 0.61512 0.493333 0.027491 0.32
11 0.645189 0.493333 0.025773 0.32
12 0.681271 0.613333 0.022337 0.613333
3 0.708763 0.493333 0.025773 0.32
20 0.741409 0.493333 0.032646 0.32
0 0.778351 0.493333 0.034364 0.32
20 0.825601 0.526667 0.036082 0.386667
0 0.862543 0.52 0.030928 0.373333
9 0.918385 0.38 0.056701 0.626667
0 0.969072 0.506667 0.037801 0.346667
