12 0.010656 0.613333 0.021311 0.613333
5 0.040164 0.493333 0.031148 0.32
24 0.068033 0.493333 0.018033 0.32
7 0.095082 0.493333 0.029508 0.32
11 0.128689 0.493333 0.031148 0.32
20 0.169672 0.493333 0.027869 0.32
0 0.204098 0.493333 0.034426 0.32
25 0.25 0.493333 0.034426 0.32
9 0.294262 0.373333 0.047541 0.613333
17 0.345082 0.493333 0.031148 0.32
2 0.381148 0.513333 0.034426 0.36
3 0.413115 0.493333 0.022951 0.32
11 0.442623 0.5 0.029508 0.333333
11 0.472951 0.493333 0.02459 0.32
8 0.52377 0.606667 0.054098 0.626667
9 0.570492 0.373333 0.032787 0.613333
11 0.602459 0.493333 0.02459 0.32
25 0.645902 0.52 0.039344 0.373333
3 0.679508 0.493333 0.021311 0.32
9 0.721311 0.366667 0.055738 0.626667
24 0.759836 0.493333 0.014754 0.32
7 0.778689 0.513333 0.016393 0.36
9 0.811475 0.373333 0.042623 0.613333
5 0.859016 0.493333 0.029508 0.32
7 0.886066 0.493333 0.018033 0.32
20 0.914754 0.493333 0.032787 0.32
11 0.943443 0.493333 0.018033 0.32
0 0.972131 0.493333 0.032787 0.32
