0 0.031065 0.493333 0.06213 0.32
9 0.085799 0.373333 0.035503 0.613333
3 0.14497 0.506667 0.04142 0.346667
1 0.205621 0.493333 0.068047 0.32
17 0.27071 0.493333 0.050296 0.32
19 0.338757 0.493333 0.073964 0.32
0 0.414201 0.513333 0.065089 0.36
10 0.488166 0.493333 0.04142 0.32
1 0.531065 0.493333 0.032544 0.32
3 0.594675 0.493333 0.053254 0.32
24 0.642012 0.5 0.029586 0.333333
2 0.689349 0.493333 0.053254 0.32
7 0.754438 0.493333 0.065089 0.32
0 0.837278 0.493333 0.059172 0.32
24 0.887574 0.493333 0.029586 0.32
5 0.943787 0.493333 0.071006 0.32
