9 0.02765 0.373333 0.0553 0.613333
1 0.087558 0.493333 0.0553 0.32
24 0.131336 0.493333 0.023041 0.32
25 0.182028 0.493333 0.046083 0.32
7 0.22235 0.493333 0.025346 0.32
5 0.263825 0.493333 0.048387 0.32
7 0.312212 0.493333 0.039171 0.32
24 0.35023 0.493333 0.02765 0.32
0 0.404378 0.52 0.048387 0.373333
9 0.46659 0.386667 0.06682 0.64
24 0.517281 0.493333 0.025346 0.32
20 0.574885 0.493333 0.057604 0.32
1 0.638249 0.5 0.059908 0.333333
2 0.697005 0.493333 0.048387 0.32
17 0.748848 0.493333 0.046083 0.32
0 0.799539 0.493333 0.046083 0.32
24 0.843318 0.493333 0.032258 0.32
20 0.89977 0.493333 0.048387 0.32
0 0.956221 0.493333 0.0553 0.32
