9 0.019157 0.38 0.038314 0.653333
0 0.054917 0.493333 0.028097 0.32
24 0.077905 0.493333 0.012771 0.32
10 0.096424 0.493333 0.019157 0.32
5 0.123883 0.513333 0.030651 0.36
9 0.160281 0.386667 0.037037 0.64
24 0.194125 0.493333 0.012771 0.32
20 0.217752 0.493333 0.029374 0.32
1 0.257344 0.493333 0.0447 0.32
2 0.296296 0.506667 0.028097 0.346667
3 0.331418 0.5 0.024266 0.333333
1 0.358238 0.5 0.024266 0.333333
5 0.38825 0.493333 0.030651 0.32
20 0.427842 0.493333 0.030651 0.32
1 0.462963 0.506667 0.034483 0.346667
18 0.50447 0.493333 0.030651 0.32
13 0.53576 0.493333 0.02682 0.32
20 0.572797 0.513333 0.029374 0.36
11 0.600255 0.493333 0.020434 0.32
0 0.627075 0.506667 0.028097 0.346667
5 0.658365 0.493333 0.029374 0.32
5 0.697318 0.493333 0.030651 0.32
2 0.728608 0.52 0.02682 0.373333
11 0.754789 0.506667 0.020434 0.346667
24 0.773946 0.493333 0.012771 0.32
25 0.795658 0.493333 0.025543 0.32
2 0.823755 0.493333 0.025543 0.32
12 0.85696 0.613333 0.022989 0.64
20 0.884419 0.493333 0.02682 0.32
25 0.915709 0.52 0.030651 0.373333
0 0.94636 0.506667 0.025543 0.346667
5 0.976373 0.506667 0.029374 0.346667
