0 0.014526 0.526667 0.029052 0.386667
9 0.051988 0.38 0.039755 0.626667
9 0.097859 0.38 0.045872 0.626667
1 0.135321 0.493333 0.022936 0.32
10 0.168196 0.493333 0.036697 0.32
5 0.212538 0.5 0.045872 0.333333
5 0.264526 0.493333 0.036697 0.32
7 0.299694 0.493333 0.027523 0.32
25 0.33945 0.493333 0.030581 0.32
7 0.370795 0.493333 0.025994 0.32
9 0.409786 0.373333 0.045872 0.613333
0 0.456422 0.493333 0.041284 0.32
5 0.506116 0.493333 0.036697 0.32
7 0.537462 0.493333 0.019878 0.32
9 0.574159 0.373333 0.047401 0.613333
24 0.607798 0.493333 0.013761 0.32
7 0.633028 0.493333 0.030581 0.32
9 0.693425 0.38 0.068807 0.626667
3 0.749235 0.493333 0.036697 0.346667
2 0.785168 0.493333 0.029052 0.32
5 0.821101 0.493333 0.036697 0.32
9 0.859327 0.373333 0.033639 0.613333
24 0.892966 0.493333 0.012232 0.32
5 0.915902 0.493333 0.027523 0.32
17 0.94419 0.493333 0.022936 0.32
25 0.974006 0.493333 0.030581 0.32
