19 0.029135 0.493333 0.058271 0.32
3 0.090226 0.5 0.056391 0.333333
16 0.156015 0.606667 0.067669 0.626667
11 0.208647 0.493333 0.030075 0.32
2 0.244361 0.493333 0.033835 0.32
15 0.293233 0.606667 0.037594 0.626667
18 0.338346 0.493333 0.045113 0.32
0 0.385338 0.506667 0.041353 0.346667
3 0.429511 0.493333 0.039474 0.32
25 0.481203 0.493333 0.056391 0.32
15 0.547932 0.606667 0.050752 0.626667
0 0.592105 0.493333 0.030075 0.32
5 0.636278 0.493333 0.050752 0.32
18 0.683271 0.493333 0.035714 0.32
7 0.722744 0.493333 0.035714 0.32
24 0.753759 0.493333 0.018797 0.32
0 0.794173 0.493333 0.035714 0.32
9 0.843985 0.373333 0.056391 0.613333
14 0.890977 0.493333 0.030075 0.32
20 0.932331 0.493333 0.026316 0.32
0 0.968045 0.493333 0.037594 0.32
