0 0.023422 0.52 0.046843 0.373333
13 0.068228 0.493333 0.034623 0.32
1 0.10998 0.526667 0.040733 0.386667
9 0.171079 0.373333 0.052953 0.64
1 0.228106 0.493333 0.052953 0.32
8 0.301426 0.606667 0.065173 0.626667
17 0.358452 0.493333 0.040733 0.32
3 0.404277 0.493333 0.04277 0.32
1 0.46945 0.493333 0.059063 0.32
21 0.526477 0.5 0.046843 0.333333
11 0.572301 0.493333 0.03666 0.32
24 0.605906 0.493333 0.022403 0.32
9 0.656823 0.373333 0.071283 0.613333
0 0.719959 0.52 0.046843 0.373333
9 0.789206 0.38 0.063136 0.626667
1 0.845214 0.493333 0.040733 0.32
2 0.891039 0.493333 0.04277 0.32
9 0.95112 0.373333 0.069246 0.613333
