5 0.017886 0.493333 0.035772 0.32
3 0.049593 0.493333 0.021138 0.32
24 0.071545 0.493333 0.01626 0.32
5 0.104065 0.493333 0.042276 0.32
25 0.152846 0.5 0.04878 0.333333
1 0.208943 0.493333 0.04065 0.32
2 0.249593 0.493333 0.034146 0.32
17 0.287805 0.493333 0.035772 0.32
0 0.327642 0.52 0.037398 0.373333
25 0.369106 0.493333 0.039024 0.32
6 0.413821 0.493333 0.043902 0.32
1 0.471545 0.52 0.04878 0.373333
17 0.517073 0.493333 0.035772 0.32
20 0.560163 0.493333 0.027642 0.32
0 0.594309 0.493333 0.034146 0.32
3 0.636585 0.493333 0.027642 0.32
6 0.669106 0.493333 0.030894 0.32
25 0.705691 0.493333 0.035772 0.32
10 0.752846 0.5 0.035772 0.333333
5 0.793496 0.493333 0.039024 0.32
24 0.825203 0.493333 0.017886 0.32
5 0.860976 0.52 0.030894 0.373333
11 0.890244 0.493333 0.021138 0.32
5 0.92439 0.493333 0.04065 0.32
5 0.968293 0.493333 0.04065 0.32
