25 0.023697 0.5 0.047393 0.333333
7 0.064771 0.506667 0.028436 0.346667
12 0.090837 0.613333 0.017378 0.613333
24 0.110585 0.493333 0.015798 0.32
5 0.13981 0.493333 0.036335 0.32
5 0.187994 0.493333 0.037915 0.32
11 0.225118 0.493333 0.030016 0.32
25 0.266983 0.5 0.047393 0.333333
2 0.309637 0.493333 0.031596 0.32
2 0.345182 0.5 0.033175 0.333333
9 0.383886 0.373333 0.037915 0.613333
3 0.423381 0.493333 0.018957 0.32
1 0.449447 0.493333 0.026856 0.32
9 0.494471 0.373333 0.041074 0.64
1 0.533175 0.493333 0.030016 0.32
24 0.558452 0.493333 0.014218 0.32
9 0.604265 0.373333 0.055292 0.64
0 0.661137 0.493333 0.052133 0.32
9 0.707741 0.373333 0.034755 0.613333
2 0.743286 0.513333 0.030016 0.36
13 0.773302 0.493333 0.023697 0.32
24 0.796209 0.526667 0.015798 0.386667
2 0.831754 0.5 0.033175 0.333333
17 0.871248 0.493333 0.039494 0.32
1 0.905213 0.493333 0.022117 0.32
20 0.937599 0.5 0.036335 0.333333
11 0.973934 0.493333 0.030016 0.32
