0 0.018357 0.506667 0.036713 0.346667
24 0.048951 0.526667 0.017483 0.386667
2 0.076923 0.493333 0.031469 0.32
2 0.113636 0.493333 0.034965 0.32
20 0.167832 0.493333 0.048951 0.32
0 0.208916 0.493333 0.026224 0.32
24 0.233392 0.493333 0.015734 0.32
6 0.262238 0.493333 0.034965 0.32
24 0.291958 0.493333 0.017483 0.32
17 0.326049 0.493333 0.043706 0.32
25 0.377622 0.493333 0.034965 0.32
21 0.414336 0.493333 0.031469 0.32
14 0.446678 0.493333 0.026224 0.32
19 0.483392 0.493333 0.04021 0.32
11 0.52535 0.493333 0.036713 0.32
9 0.570804 0.38 0.047203 0.626667
0 0.624126 0.493333 0.034965 0.32
9 0.664336 0.38 0.038462 0.626667
9 0.70979 0.373333 0.045455 0.613333
24 0.746503 0.493333 0.020979 0.32
7 0.776224 0.493333 0.031469 0.32
24 0.802448 0.493333 0.013986 0.32
5 0.840909 0.493333 0.038462 0.32
2 0.88986 0.493333 0.052448 0.32
25 0.937063 0.493333 0.034965 0.32
14 0.972902 0.493333 0.02972 0.32
