8 0.011845 0.606667 0.023691 0.626667
9 0.042394 0.38 0.032419 0.626667
12 0.068579 0.613333 0.014963 0.64
25 0.092269 0.526667 0.027431 0.386667
2 0.121571 0.493333 0.026185 0.32
10 0.155237 0.493333 0.023691 0.32
1 0.189526 0.493333 0.0399 0.32
5 0.23192 0.493333 0.027431 0.32
11 0.260599 0.493333 0.024938 0.32
1 0.294264 0.493333 0.024938 0.32
3 0.318579 0.5 0.018703 0.333333
25 0.345387 0.506667 0.029925 0.346667
17 0.395262 0.506667 0.052369 0.32
19 0.44015 0.493333 0.032419 0.32
0 0.470075 0.493333 0.022444 0.32
8 0.506234 0.613333 0.032419 0.586667
17 0.53803 0.493333 0.026185 0.32
18 0.568579 0.493333 0.029925 0.32
10 0.607232 0.493333 0.029925 0.32
1 0.639651 0.493333 0.029925 0.32
9 0.675187 0.386667 0.03616 0.64
0 0.705736 0.493333 0.01995 0.32
9 0.731297 0.38 0.026185 0.626667
9 0.765586 0.373333 0.024938 0.613333
24 0.78803 0.493333 0.014963 0.32
7 0.80611 0.493333 0.016209 0.32
5 0.836035 0.493333 0.026185 0.32
11 0.861596 0.493333 0.01995 0.32
3 0.885287 0.493333 0.022444 0.32
1 0.914589 0.506667 0.031172 0.346667
4 0.945761 0.493333 0.026185 0.32
6 0.976309 0.493333 0.029925 0.32
