9 0.031008 0.38 0.062016 0.626667
24 0.074612 0.493333 0.017442 0.32
7 0.101744 0.493333 0.02907 0.32
9 0.143411 0.38 0.046512 0.626667
24 0.181202 0.493333 0.021318 0.32
10 0.222868 0.493333 0.034884 0.32
1 0.272287 0.493333 0.056202 0.32
5 0.324612 0.493333 0.040698 0.32
13 0.36531 0.526667 0.032946 0.386667
19 0.412791 0.493333 0.054264 0.32
25 0.474806 0.526667 0.042636 0.386667
13 0.516473 0.493333 0.032946 0.32
2 0.55814 0.493333 0.042636 0.32
2 0.606589 0.493333 0.046512 0.32
1 0.669574 0.493333 0.052326 0.32
17 0.721899 0.493333 0.044574 0.32
24 0.754845 0.493333 0.013566 0.32
0 0.801357 0.493333 0.052326 0.32
7 0.846899 0.493333 0.031008 0.32
9 0.892442 0.38 0.052326 0.626667
11 0.937984 0.493333 0.031008 0.32
9 0.971899 0.373333 0.02907 0.613333
