25 0.016768 0.493333 0.033537 0.32
3 0.051067 0.493333 0.028963 0.32
10 0.089939 0.513333 0.042683 0.36
0 0.128049 0.5 0.027439 0.333333
20 0.162348 0.493333 0.035061 0.32
0 0.200457 0.493333 0.035061 0.32
25 0.251524 0.5 0.045732 0.333333
7 0.290396 0.493333 0.025915 0.32
12 0.322409 0.613333 0.016768 0.613333
20 0.347561 0.493333 0.027439 0.32
25 0.382622 0.506667 0.036585 0.346667
24 0.412348 0.493333 0.016768 0.32
25 0.447409 0.493333 0.032012 0.32
2 0.489329 0.493333 0.045732 0.32
10 0.535061 0.493333 0.02439 0.32
1 0.568598 0.493333 0.036585 0.32
10 0.610518 0.493333 0.025915 0.32
0 0.641768 0.493333 0.030488 0.32
25 0.685976 0.52 0.036585 0.373333
3 0.721799 0.493333 0.028963 0.32
5 0.762957 0.493333 0.032012 0.32
25 0.800305 0.493333 0.036585 0.32
5 0.840701 0.493333 0.03811 0.32
24 0.868902 0.493333 0.012195 0.32
2 0.891768 0.493333 0.027439 0.32
3 0.93064 0.493333 0.028963 0.32
1 0.96875 0.5 0.041159 0.333333
