12 0.010234 0.606667 0.020468 0.626667
11 0.032164 0.493333 0.017544 0.32
25 0.061404 0.493333 0.035088 0.32
9 0.107456 0.373333 0.05117 0.613333
24 0.143275 0.493333 0.01462 0.32
19 0.179094 0.493333 0.03655 0.32
3 0.214181 0.493333 0.027778 0.32
16 0.254386 0.613333 0.046784 0.613333
20 0.298977 0.493333 0.03655 0.32
5 0.342105 0.493333 0.04386 0.32
25 0.396199 0.493333 0.04386 0.32
14 0.43348 0.493333 0.024854 0.32
25 0.47076 0.493333 0.02924 0.32
7 0.497076 0.5 0.017544 0.333333
25 0.531433 0.493333 0.030702 0.32
7 0.560673 0.493333 0.02193 0.32
10 0.600146 0.513333 0.03655 0.36
0 0.634503 0.52 0.026316 0.373333
17 0.665936 0.493333 0.030702 0.32
24 0.690789 0.493333 0.013158 0.32
19 0.722222 0.493333 0.04386 0.32
24 0.75731 0.493333 0.020468 0.32
2 0.788743 0.493333 0.02193 0.32
24 0.810673 0.493333 0.016082 0.32
17 0.836988 0.493333 0.030702 0.32
7 0.866228 0.493333 0.02193 0.32
24 0.888158 0.493333 0.016082 0.32
0 0.919591 0.493333 0.026316 0.32
11 0.945906 0.5 0.020468 0.333333
25 0.974415 0.493333 0.030702 0.32
