9 0.042821 0.373333 0.085642 0.64
1 0.132242 0.493333 0.083123 0.32
9 0.232997 0.38 0.083123 0.626667
0 0.303526 0.52 0.047859 0.373333
10 0.357683 0.493333 0.050378 0.32
3 0.413098 0.493333 0.050378 0.32
5 0.471033 0.493333 0.055416 0.32
9 0.541562 0.373333 0.050378 0.613333
1 0.605793 0.493333 0.06801 0.32
24 0.656171 0.493333 0.02267 0.32
5 0.700252 0.5 0.055416 0.333333
1 0.758186 0.493333 0.050378 0.32
17 0.819899 0.493333 0.062972 0.32
10 0.892947 0.493333 0.047859 0.32
0 0.952141 0.493333 0.060453 0.32
