24 0.009276 0.493333 0.018553 0.32
20 0.044527 0.493333 0.044527 0.32
24 0.07885 0.493333 0.016698 0.32
14 0.105751 0.493333 0.029685 0.32
9 0.150278 0.373333 0.033395 0.64
0 0.190167 0.493333 0.038961 0.32
3 0.229128 0.493333 0.03154 0.32
1 0.269017 0.493333 0.040816 0.32
9 0.326531 0.373333 0.048237 0.613333
0 0.372913 0.493333 0.037106 0.32
24 0.403525 0.493333 0.016698 0.32
13 0.434137 0.493333 0.037106 0.32
5 0.487013 0.52 0.042672 0.373333
9 0.538961 0.36 0.053803 0.64
5 0.602041 0.493333 0.046382 0.32
7 0.641002 0.493333 0.024119 0.32
0 0.675325 0.493333 0.037106 0.32
9 0.717996 0.373333 0.040816 0.613333
11 0.75603 0.493333 0.027829 0.32
9 0.800557 0.386667 0.053803 0.64
24 0.849722 0.506667 0.018553 0.346667
5 0.886827 0.493333 0.048237 0.32
25 0.935065 0.493333 0.040816 0.32
14 0.973098 0.493333 0.027829 0.32
