3 0.013037 0.493333 0.026074 0.32
24 0.040644 0.493333 0.023006 0.32
2 0.071319 0.493333 0.032209 0.32
7 0.101994 0.493333 0.023006 0.32
25 0.142638 0.52 0.03681 0.373333
7 0.17408 0.506667 0.019939 0.346667
5 0.203988 0.493333 0.033742 0.32
19 0.243865 0.493333 0.039877 0.32
1 0.283742 0.493333 0.033742 0.32
25 0.322086 0.52 0.03681 0.373333
6 0.368865 0.493333 0.035276 0.32
18 0.407975 0.493333 0.03681 0.32
14 0.441718 0.493333 0.02454 0.32
1 0.478528 0.493333 0.027607 0.32
17 0.509969 0.493333 0.029141 0.32
5 0.545245 0.493333 0.035276 0.32
24 0.572086 0.493333 0.01227 0.32
2 0.595859 0.513333 0.029141 0.36
5 0.636503 0.493333 0.030675 0.32
11 0.664877 0.493333 0.019939 0.32
0 0.697853 0.493333 0.039877 0.32
12 0.728528 0.593333 0.015337 0.653333
5 0.755368 0.493333 0.032209 0.32
20 0.799847 0.493333 0.035276 0.32
0 0.839724 0.493333 0.038344 0.32
17 0.877301 0.493333 0.030675 0.32
14 0.908742 0.493333 0.026074 0.32
1 0.944785 0.493333 0.039877 0.32
24 0.978528 0.493333 0.021472 0.32
