24 0.011435 0.493333 0.022869 0.32
9 0.06341 0.386667 0.072765 0.666667
25 0.136175 0.493333 0.043659 0.32
9 0.189189 0.373333 0.054054 0.613333
5 0.245322 0.493333 0.049896 0.32
11 0.293139 0.5 0.037422 0.333333
5 0.349272 0.5 0.066528 0.333333
20 0.418919 0.493333 0.043659 0.32
0 0.464657 0.493333 0.039501 0.32
3 0.52079 0.493333 0.043659 0.32
6 0.568607 0.493333 0.043659 0.32
20 0.62578 0.493333 0.04158 0.32
0 0.683992 0.493333 0.066528 0.32
9 0.758836 0.38 0.054054 0.626667
1 0.822245 0.493333 0.064449 0.32
9 0.884615 0.346667 0.051975 0.666667
7 0.932432 0.493333 0.035343 0.32
24 0.969854 0.493333 0.031185 0.32
