20 0.010959 0.493333 0.021918 0.32
0 0.039041 0.506667 0.028767 0.346667
12 0.065068 0.593333 0.017808 0.653333
1 0.091781 0.493333 0.030137 0.32
7 0.121233 0.493333 0.023288 0.32
24 0.141781 0.52 0.012329 0.373333
25 0.171233 0.493333 0.027397 0.32
7 0.19726 0.493333 0.019178 0.32
3 0.223288 0.493333 0.027397 0.32
1 0.253425 0.493333 0.027397 0.32
0 0.289041 0.493333 0.024658 0.32
24 0.312329 0.493333 0.016438 0.32
9 0.341096 0.366667 0.035616 0.706667
5 0.376712 0.493333 0.030137 0.32
7 0.405479 0.493333 0.021918 0.32
9 0.439041 0.373333 0.039726 0.613333
9 0.486986 0.4 0.036986 0.666667
7 0.518493 0.493333 0.020548 0.32
2 0.550685 0.493333 0.038356 0.32
25 0.593151 0.493333 0.027397 0.32
3 0.619178 0.493333 0.019178 0.32
0 0.64589 0.493333 0.028767 0.32
19 0.673288 0.493333 0.020548 0.32
13 0.697945 0.493333 0.023288 0.32
0 0.728082 0.493333 0.031507 0.32
2 0.769863 0.493333 0.032877 0.32
2 0.800685 0.493333 0.023288 0.32
9 0.831507 0.373333 0.032877 0.613333
24 0.867808 0.493333 0.020548 0.32
25 0.895205 0.493333 0.028767 0.32
7 0.925342 0.493333 0.026027 0.32
17 0.953425 0.493333 0.024658 0.32
3 0.979452 0.493333 0.021918 0.32
