25 0.015113 0.506667 0.030227 0.346667
7 0.042191 0.493333 0.018892 0.32
9 0.073048 0.38 0.037783 0.653333
24 0.100756 0.493333 0.012594 0.32
7 0.116499 0.493333 0.013854 0.32
24 0.131612 0.493333 0.011335 0.32
9 0.165617 0.38 0.039043 0.626667
0 0.200882 0.493333 0.026448 0.32
24 0.229219 0.526667 0.012594 0.386667
9 0.254408 0.38 0.032746 0.626667
9 0.292191 0.353333 0.037783 0.653333
24 0.320529 0.493333 0.013854 0.32
7 0.34005 0.493333 0.020151 0.32
17 0.376574 0.493333 0.035264 0.32
6 0.40869 0.493333 0.023929 0.32
0 0.435768 0.506667 0.025189 0.346667
10 0.469773 0.493333 0.025189 0.32
20 0.494962 0.493333 0.020151 0.32
5 0.520151 0.493333 0.025189 0.32
9 0.551637 0.373333 0.032746 0.613333
5 0.59131 0.52 0.028967 0.373333
0 0.623426 0.493333 0.030227 0.32
25 0.653652 0.493333 0.025189 0.32
5 0.68136 0.493333 0.025189 0.32
17 0.714736 0.493333 0.023929 0.32
19 0.751259 0.493333 0.044081 0.32
0 0.790302 0.493333 0.028967 0.32
5 0.826196 0.493333 0.025189 0.32
13 0.852015 0.493333 0.021411 0.32
20 0.875315 0.493333 0.020151 0.32
13 0.897355 0.526667 0.018892 0.386667
12 0.923174 0.613333 0.015113 0.613333
25 0.947103 0.493333 0.027708 0.32
25 0.97733 0.493333 0.027708 0.32
