10 0.010402 0.493333 0.020804 0.32
1 0.042996 0.493333 0.038835 0.32
10 0.079057 0.506667 0.027739 0.346667
19 0.117892 0.486667 0.044383 0.333333
5 0.159501 0.493333 0.033287 0.32
25 0.200416 0.493333 0.029126 0.32
3 0.229542 0.493333 0.023578 0.32
20 0.255201 0.493333 0.022191 0.32
1 0.284327 0.493333 0.030513 0.32
3 0.31276 0.493333 0.020804 0.32
3 0.343967 0.493333 0.022191 0.32
1 0.371012 0.52 0.026352 0.373333
2 0.403606 0.493333 0.033287 0.32
12 0.431345 0.573333 0.016644 0.693333
17 0.455617 0.493333 0.026352 0.32
6 0.48613 0.513333 0.029126 0.36
24 0.517337 0.493333 0.01387 0.32
9 0.54577 0.38 0.037448 0.626667
17 0.585992 0.493333 0.023578 0.32
24 0.608183 0.493333 0.015257 0.32
5 0.633842 0.493333 0.030513 0.32
21 0.665742 0.493333 0.027739 0.32
24 0.696255 0.493333 0.01387 0.32
17 0.719834 0.493333 0.027739 0.32
0 0.753121 0.493333 0.033287 0.32
5 0.792649 0.493333 0.026352 0.32
7 0.819001 0.52 0.020804 0.373333
25 0.846741 0.493333 0.029126 0.32
11 0.877254 0.493333 0.026352 0.32
10 0.909154 0.493333 0.018031 0.32
1 0.937587 0.493333 0.033287 0.32
5 0.973648 0.493333 0.033287 0.32
