20 0.026912 0.5 0.053824 0.333333
0 0.093484 0.493333 0.067989 0.32
20 0.165722 0.493333 0.065156 0.32
0 0.23796 0.493333 0.067989 0.32
24 0.291785 0.493333 0.028329 0.32
25 0.359773 0.506667 0.067989 0.346667
11 0.422096 0.493333 0.045326 0.32
0 0.475921 0.493333 0.050992 0.32
25 0.541076 0.493333 0.067989 0.32
7 0.59915 0.506667 0.036827 0.346667
6 0.67847 0.513333 0.082153 0.36
20 0.752125 0.493333 0.053824 0.32
14 0.807365 0.52 0.045326 0.4
11 0.856941 0.493333 0.042493 0.32
9 0.932011 0.373333 0.096317 0.613333
