9 0.026403 0.38 0.052805 0.626667
0 0.068482 0.493333 0.024752 0.32
10 0.108086 0.506667 0.031353 0.346667
9 0.146865 0.38 0.039604 0.626667
24 0.178218 0.493333 0.016502 0.32
1 0.213696 0.52 0.047855 0.373333
9 0.273927 0.366667 0.049505 0.626667
0 0.319307 0.493333 0.034653 0.32
3 0.354785 0.5 0.029703 0.333333
1 0.390264 0.493333 0.034653 0.32
16 0.436469 0.586667 0.051155 0.693333
17 0.487624 0.493333 0.028053 0.32
19 0.533003 0.513333 0.056106 0.36
0 0.584983 0.493333 0.041254 0.32
9 0.630363 0.373333 0.042904 0.613333
5 0.680693 0.506667 0.034653 0.346667
11 0.714521 0.493333 0.026403 0.32
24 0.740099 0.493333 0.018152 0.32
9 0.776403 0.373333 0.031353 0.613333
1 0.815182 0.493333 0.039604 0.32
25 0.864686 0.493333 0.036304 0.32
3 0.89934 0.5 0.026403 0.333333
24 0.932343 0.493333 0.016502 0.32
9 0.966172 0.4 0.044554 0.666667
