2 0.026498 0.493333 0.052995 0.32
24 0.070276 0.493333 0.025346 0.32
16 0.123272 0.613333 0.071429 0.613333
1 0.198157 0.52 0.069124 0.373333
25 0.264977 0.506667 0.0553 0.346667
0 0.331797 0.493333 0.046083 0.32
9 0.387097 0.373333 0.0553 0.613333
14 0.43894 0.493333 0.039171 0.32
3 0.497696 0.493333 0.046083 0.32
1 0.564516 0.493333 0.078341 0.32
20 0.635945 0.493333 0.032258 0.32
24 0.668203 0.493333 0.023041 0.32
26 0.693548 0.493333 0.018433 0.32
5 0.730415 0.493333 0.046083 0.32
20 0.793779 0.493333 0.048387 0.32
0 0.849078 0.493333 0.052995 0.32
20 0.908986 0.493333 0.034562 0.32
0 0.957373 0.493333 0.052995 0.32
