0 0.022599 0.493333 0.045198 0.32
13 0.060264 0.493333 0.022599 0.32
9 0.100753 0.373333 0.050847 0.613333
7 0.143126 0.493333 0.026365 0.32
25 0.190207 0.493333 0.041431 0.32
7 0.22693 0.493333 0.024482 0.32
24 0.253296 0.493333 0.020716 0.32
12 0.281544 0.613333 0.028249 0.613333
2 0.322034 0.493333 0.045198 0.32
17 0.375706 0.493333 0.035782 0.32
18 0.414313 0.493333 0.033898 0.32
1 0.45951 0.493333 0.048964 0.32
17 0.510358 0.493333 0.045198 0.32
19 0.56403 0.493333 0.054614 0.32
0 0.617702 0.493333 0.045198 0.32
20 0.671375 0.506667 0.035782 0.346667
1 0.709981 0.493333 0.033898 0.32
3 0.745763 0.493333 0.030132 0.32
19 0.799435 0.5 0.050847 0.333333
25 0.851224 0.52 0.045198 0.373333
0 0.894539 0.513333 0.033898 0.36
0 0.94162 0.493333 0.033898 0.32
3 0.974576 0.493333 0.024482 0.32
