20 0.027523 0.493333 0.055046 0.32
25 0.082569 0.493333 0.045872 0.32
17 0.142202 0.493333 0.06422 0.32
19 0.215596 0.493333 0.073394 0.32
0 0.28211 0.506667 0.050459 0.346667
20 0.34289 0.493333 0.038991 0.32
25 0.391055 0.493333 0.048165 0.32
17 0.441514 0.5 0.043578 0.333333
19 0.50344 0.493333 0.071101 0.32
24 0.567661 0.493333 0.025229 0.32
0 0.615826 0.493333 0.061927 0.32
5 0.68578 0.493333 0.045872 0.32
9 0.747706 0.366667 0.068807 0.626667
24 0.81078 0.493333 0.025229 0.32
3 0.849771 0.493333 0.043578 0.32
25 0.900229 0.493333 0.048165 0.32
2 0.956422 0.526667 0.055046 0.386667
