5 0.028846 0.493333 0.057692 0.32
25 0.088942 0.493333 0.052885 0.32
5 0.145433 0.493333 0.050481 0.32
25 0.200721 0.493333 0.050481 0.32
0 0.270433 0.493333 0.055288 0.32
24 0.314904 0.493333 0.024038 0.32
9 0.366587 0.366667 0.069712 0.626667
24 0.430288 0.493333 0.024038 0.32
20 0.471154 0.493333 0.048077 0.32
17 0.524038 0.493333 0.048077 0.32
7 0.566106 0.493333 0.026442 0.32
25 0.612981 0.493333 0.057692 0.32
10 0.6875 0.52 0.057692 0.373333
25 0.746394 0.493333 0.050481 0.32
16 0.81851 0.613333 0.084135 0.613333
5 0.889423 0.493333 0.048077 0.32
9 0.950721 0.373333 0.064904 0.613333
