10 0.014062 0.493333 0.028125 0.32
1 0.046875 0.493333 0.03125 0.32
20 0.083594 0.493333 0.035938 0.32
1 0.125 0.493333 0.040625 0.32
4 0.160938 0.493333 0.025 0.32
9 0.196094 0.38 0.039062 0.626667
9 0.25 0.373333 0.046875 0.64
0 0.290625 0.5 0.028125 0.333333
24 0.314062 0.493333 0.0125 0.32
24 0.339844 0.493333 0.017188 0.32
5 0.36875 0.493333 0.034375 0.32
1 0.404688 0.493333 0.03125 0.32
17 0.439844 0.493333 0.032812 0.32
11 0.472656 0.493333 0.026562 0.32
5 0.5125 0.493333 0.03125 0.32
24 0.539062 0.493333 0.015625 0.32
9 0.570312 0.38 0.040625 0.626667
19 0.617969 0.493333 0.048438 0.32
24 0.654688 0.486667 0.01875 0.306667
17 0.691406 0.493333 0.029688 0.32
19 0.733594 0.5 0.048438 0.333333
0 0.776562 0.493333 0.03125 0.32
12 0.805469 0.62 0.020312 0.626667
11 0.830469 0.5 0.023438 0.333333
25 0.870312 0.493333 0.034375 0.32
6 0.90625 0.493333 0.03125 0.32
25 0.949219 0.493333 0.032812 0.32
3 0.978906 0.493333 0.020312 0.32
