0 0.021127 0.493333 0.042254 0.32
24 0.054577 0.493333 0.017606 0.32
5 0.085387 0.493333 0.036972 0.32
12 0.117077 0.613333 0.019366 0.613333
11 0.143486 0.493333 0.026408 0.32
0 0.177817 0.52 0.035211 0.373333
17 0.223592 0.493333 0.03169 0.32
14 0.258803 0.493333 0.03169 0.32
7 0.295775 0.526667 0.035211 0.386667
9 0.339789 0.386667 0.045775 0.64
10 0.385563 0.493333 0.021127 0.32
0 0.423415 0.493333 0.047535 0.32
10 0.478873 0.5 0.038732 0.333333
5 0.518486 0.52 0.033451 0.373333
5 0.559859 0.553333 0.024648 0.173333
11 0.595951 0.493333 0.040493 0.32
9 0.646127 0.38 0.052817 0.626667
9 0.708627 0.38 0.047535 0.626667
0 0.752641 0.513333 0.033451 0.36
9 0.794014 0.38 0.042254 0.626667
15 0.860915 0.613333 0.066901 0.613333
18 0.924296 0.493333 0.052817 0.32
7 0.970951 0.493333 0.033451 0.32
