17 0.020438 0.493333 0.040876 0.32
19 0.062044 0.533333 0.036496 0.4
2 0.10365 0.513333 0.040876 0.36
0 0.145255 0.493333 0.021898 0.32
9 0.177372 0.373333 0.036496 0.613333
17 0.218978 0.493333 0.026277 0.32
0 0.249635 0.5 0.029197 0.333333
11 0.277372 0.493333 0.020438 0.32
25 0.315328 0.52 0.035036 0.373333
2 0.350365 0.493333 0.029197 0.32
0 0.378832 0.493333 0.021898 0.32
10 0.410949 0.493333 0.021898 0.32
3 0.440146 0.493333 0.030657 0.32
5 0.481752 0.506667 0.046715 0.346667
3 0.519708 0.493333 0.023358 0.32
1 0.551095 0.493333 0.033577 0.32
24 0.577372 0.526667 0.013139 0.386667
24 0.60073 0.493333 0.013139 0.32
13 0.622628 0.493333 0.024818 0.32
25 0.654015 0.493333 0.032117 0.32
2 0.686131 0.493333 0.026277 0.32
25 0.724088 0.493333 0.043796 0.32
24 0.756204 0.493333 0.014599 0.32
10 0.783942 0.493333 0.020438 0.32
2 0.815328 0.493333 0.036496 0.32
9 0.854745 0.373333 0.036496 0.613333
10 0.89708 0.506667 0.027737 0.346667
9 0.929197 0.373333 0.030657 0.613333
24 0.954015 0.493333 0.013139 0.32
7 0.976642 0.493333 0.026277 0.32
