20 0.015906 0.513333 0.031812 0.36
0 0.047718 0.52 0.026279 0.373333
9 0.080221 0.373333 0.033195 0.613333
0 0.118949 0.493333 0.038728 0.32
17 0.159751 0.493333 0.023513 0.32
2 0.190871 0.493333 0.033195 0.32
12 0.224758 0.606667 0.015214 0.626667
3 0.24343 0.493333 0.016598 0.32
12 0.269018 0.613333 0.015214 0.613333
11 0.288382 0.493333 0.017981 0.32
6 0.313278 0.493333 0.026279 0.32
24 0.338174 0.493333 0.017981 0.32
7 0.360996 0.493333 0.02213 0.32
2 0.391425 0.493333 0.033195 0.32
20 0.431535 0.493333 0.027663 0.32
0 0.462656 0.493333 0.029046 0.32
20 0.498617 0.493333 0.023513 0.32
0 0.529046 0.493333 0.031812 0.32
11 0.558091 0.493333 0.020747 0.32
21 0.587828 0.493333 0.033195 0.32
2 0.621024 0.493333 0.027663 0.32
20 0.656985 0.493333 0.024896 0.32
0 0.684647 0.493333 0.024896 0.32
5 0.713001 0.493333 0.026279 0.32
2 0.742047 0.493333 0.026279 0.32
0 0.77455 0.493333 0.033195 0.32
13 0.804979 0.493333 0.02213 0.32
20 0.840249 0.493333 0.029046 0.32
0 0.874136 0.493333 0.033195 0.32
19 0.910097 0.493333 0.033195 0.32
25 0.944675 0.493333 0.030429 0.32
0 0.976487 0.493333 0.027663 0.32
