10 0.022 0.5 0.044 0.333333
1 0.076 0.493333 0.056 0.32
24 0.128 0.493333 0.02 0.32
9 0.182 0.373333 0.08 0.64
20 0.248 0.513333 0.024 0.36
0 0.285 0.493333 0.042 0.32
5 0.329 0.493333 0.038 0.32
13 0.364 0.493333 0.024 0.32
0 0.399 0.493333 0.038 0.32
10 0.452 0.493333 0.04 0.32
3 0.493 0.493333 0.034 0.32
0 0.535 0.493333 0.042 0.32
5 0.584 0.493333 0.048 0.32
13 0.629 0.493333 0.03 0.32
19 0.679 0.493333 0.058 0.32
9 0.757 0.38 0.07 0.626667
0 0.815 0.493333 0.038 0.32
17 0.856 0.493333 0.036 0.32
11 0.898 0.493333 0.04 0.32
0 0.954 0.493333 0.064 0.32
