2 0.020803 0.493333 0.041607 0.32
17 0.057389 0.493333 0.025825 0.32
24 0.079627 0.493333 0.012912 0.32
16 0.112626 0.613333 0.047346 0.613333
25 0.161406 0.493333 0.030129 0.32
25 0.195122 0.493333 0.031564 0.32
25 0.23099 0.506667 0.034433 0.346667
25 0.268293 0.493333 0.034433 0.32
9 0.316356 0.373333 0.041607 0.613333
0 0.355093 0.493333 0.030129 0.32
20 0.392396 0.493333 0.02439 0.32
0 0.42109 0.526667 0.02726 0.386667
25 0.454806 0.506667 0.034433 0.346667
14 0.485653 0.493333 0.021521 0.32
24 0.51363 0.493333 0.014347 0.32
9 0.541607 0.366667 0.035868 0.626667
12 0.572453 0.613333 0.020086 0.613333
11 0.596126 0.493333 0.021521 0.32
7 0.621951 0.493333 0.02439 0.32
7 0.649211 0.493333 0.02439 0.32
9 0.688666 0.373333 0.034433 0.64
1 0.727403 0.493333 0.037303 0.32
25 0.766141 0.52 0.034433 0.373333
9 0.803443 0.38 0.034433 0.626667
2 0.836442 0.493333 0.025825 0.32
9 0.878766 0.373333 0.038737 0.613333
0 0.919656 0.513333 0.037303 0.36
12 0.957676 0.606667 0.018651 0.626667
11 0.979914 0.493333 0.020086 0.32
