25 0.016588 0.493333 0.033175 0.32
9 0.054502 0.373333 0.036335 0.613333
9 0.093997 0.373333 0.036335 0.613333
6 0.131122 0.493333 0.031596 0.32
24 0.157978 0.493333 0.015798 0.32
20 0.192733 0.513333 0.031596 0.36
0 0.226698 0.493333 0.030016 0.32
20 0.262243 0.486667 0.031596 0.306667
0 0.301738 0.493333 0.037915 0.32
24 0.331754 0.493333 0.015798 0.32
9 0.361769 0.373333 0.037915 0.64
9 0.411532 0.38 0.039494 0.626667
24 0.447077 0.493333 0.025276 0.32
7 0.474724 0.493333 0.023697 0.32
17 0.513428 0.493333 0.031596 0.32
1 0.549763 0.493333 0.034755 0.32
19 0.595577 0.493333 0.050553 0.32
9 0.651659 0.373333 0.039494 0.613333
0 0.692733 0.493333 0.036335 0.32
10 0.736967 0.5 0.030016 0.333333
5 0.771722 0.493333 0.033175 0.32
5 0.818325 0.493333 0.037915 0.32
9 0.85782 0.38 0.034755 0.626667
12 0.897314 0.613333 0.022117 0.613333
7 0.923381 0.493333 0.023697 0.32
20 0.954186 0.493333 0.031596 0.32
24 0.981043 0.5 0.015798 0.333333
