3 0.020513 0.52 0.041026 0.373333
1 0.071795 0.493333 0.054701 0.32
9 0.12906 0.373333 0.052991 0.613333
7 0.171795 0.526667 0.025641 0.386667
2 0.208547 0.493333 0.041026 0.32
12 0.253846 0.613333 0.025641 0.613333
24 0.278632 0.493333 0.017094 0.32
5 0.312821 0.493333 0.044444 0.32
2 0.362393 0.493333 0.047863 0.32
24 0.399145 0.493333 0.018803 0.32
25 0.446154 0.5 0.051282 0.333333
20 0.491453 0.493333 0.032479 0.32
9 0.535043 0.38 0.047863 0.573333
2 0.580342 0.493333 0.035897 0.32
9 0.621368 0.386667 0.039316 0.64
5 0.673504 0.493333 0.041026 0.32
14 0.708547 0.52 0.022222 0.373333
9 0.75641 0.38 0.063248 0.546667
1 0.817949 0.493333 0.046154 0.32
24 0.851282 0.493333 0.013675 0.32
10 0.886325 0.493333 0.032479 0.32
7 0.921368 0.493333 0.030769 0.32
9 0.955556 0.353333 0.030769 0.68
24 0.981197 0.493333 0.013675 0.32
