19 0.01836 0.506667 0.03672 0.32
17 0.050796 0.493333 0.023256 0.32
6 0.075275 0.493333 0.020808 0.32
19 0.107099 0.493333 0.037944 0.32
19 0.143207 0.493333 0.029376 0.32
20 0.181151 0.493333 0.029376 0.32
24 0.204406 0.493333 0.01224 0.32
16 0.231334 0.606667 0.03672 0.626667
3 0.264994 0.493333 0.025704 0.32
24 0.291922 0.493333 0.011016 0.32
2 0.311506 0.493333 0.023256 0.32
9 0.337821 0.373333 0.02448 0.613333
24 0.358629 0.493333 0.01224 0.32
3 0.381885 0.493333 0.029376 0.32
4 0.410037 0.493333 0.022032 0.32
8 0.453488 0.62 0.047736 0.626667
9 0.498776 0.38 0.037944 0.626667
9 0.536108 0.373333 0.031824 0.613333
1 0.570991 0.493333 0.033048 0.32
24 0.596083 0.493333 0.01224 0.32
3 0.618115 0.493333 0.014688 0.32
25 0.641371 0.493333 0.026928 0.32
2 0.668911 0.493333 0.023256 0.32
12 0.698898 0.606667 0.019584 0.626667
24 0.71787 0.493333 0.013464 0.32
24 0.73317 0.493333 0.01224 0.32
5 0.758262 0.493333 0.033048 0.32
9 0.787026 0.393333 0.019584 0.653333
12 0.815789 0.613333 0.020808 0.613333
11 0.838433 0.493333 0.019584 0.32
20 0.860465 0.493333 0.019584 0.32
0 0.886781 0.493333 0.028152 0.32
25 0.924113 0.52 0.029376 0.373333
11 0.949204 0.493333 0.015912 0.32
1 0.97552 0.5 0.031824 0.333333
