20 0.014593 0.493333 0.029186 0.32
0 0.049155 0.493333 0.033794 0.32
9 0.089862 0.38 0.041475 0.626667
24 0.119816 0.493333 0.012289 0.32
7 0.139785 0.493333 0.021505 0.32
11 0.168203 0.493333 0.029186 0.32
0 0.21275 0.493333 0.038402 0.32
9 0.263441 0.38 0.056836 0.626667
14 0.307988 0.493333 0.026114 0.32
9 0.344086 0.373333 0.039939 0.613333
0 0.390169 0.493333 0.030722 0.32
25 0.427035 0.493333 0.036866 0.32
7 0.459293 0.493333 0.021505 0.32
12 0.490783 0.613333 0.019969 0.64
7 0.517665 0.493333 0.02765 0.32
24 0.540707 0.493333 0.012289 0.32
5 0.574501 0.493333 0.033794 0.32
13 0.605991 0.5 0.023041 0.333333
19 0.645161 0.493333 0.049155 0.32
2 0.685868 0.493333 0.026114 0.32
10 0.72427 0.493333 0.029186 0.32
1 0.763441 0.493333 0.043011 0.32
6 0.804147 0.493333 0.032258 0.32
24 0.832565 0.486667 0.018433 0.306667
17 0.864055 0.513333 0.03533 0.36
24 0.892473 0.493333 0.015361 0.32
9 0.930876 0.36 0.039939 0.64
1 0.971582 0.493333 0.03533 0.32
