20 0.012623 0.493333 0.025245 0.32
0 0.042076 0.493333 0.02805 0.32
24 0.07223 0.493333 0.012623 0.32
9 0.098177 0.373333 0.033661 0.613333
20 0.134642 0.5 0.033661 0.333333
0 0.169705 0.493333 0.030856 0.32
24 0.194951 0.526667 0.014025 0.386667
24 0.218794 0.493333 0.014025 0.32
19 0.253156 0.526667 0.049088 0.386667
3 0.291024 0.493333 0.021038 0.32
24 0.31136 0.493333 0.014025 0.32
16 0.340112 0.593333 0.037868 0.653333
20 0.378682 0.493333 0.019635 0.32
0 0.40533 0.493333 0.02805 0.32
20 0.441795 0.493333 0.025245 0.32
0 0.474053 0.493333 0.033661 0.32
8 0.516129 0.606667 0.044881 0.626667
17 0.570827 0.506667 0.058906 0.32
18 0.622721 0.493333 0.039271 0.32
5 0.661992 0.493333 0.033661 0.32
5 0.702665 0.493333 0.02805 0.32
9 0.737728 0.386667 0.036466 0.64
10 0.768583 0.493333 0.019635 0.32
24 0.789621 0.493333 0.01683 0.32
20 0.814867 0.493333 0.02805 0.32
1 0.852735 0.493333 0.02805 0.32
17 0.887097 0.513333 0.035063 0.36
25 0.922861 0.493333 0.030856 0.32
3 0.953015 0.5 0.023843 0.333333
7 0.978962 0.493333 0.02244 0.32
