3 0.01589 0.5 0.03178 0.333333
6 0.056144 0.493333 0.040254 0.32
0 0.099576 0.513333 0.038136 0.36
25 0.15572 0.493333 0.044492 0.32
7 0.192797 0.493333 0.021186 0.32
12 0.230932 0.613333 0.025424 0.613333
11 0.260593 0.493333 0.025424 0.32
24 0.284958 0.493333 0.014831 0.32
0 0.317797 0.493333 0.042373 0.32
5 0.371822 0.506667 0.036017 0.346667
25 0.425847 0.493333 0.063559 0.32
5 0.487288 0.493333 0.050847 0.32
13 0.533898 0.493333 0.033898 0.32
10 0.581568 0.52 0.03178 0.373333
7 0.620763 0.506667 0.038136 0.346667
9 0.673729 0.366667 0.059322 0.653333
9 0.745763 0.366667 0.055085 0.626667
24 0.792373 0.493333 0.029661 0.32
7 0.825212 0.493333 0.027542 0.32
2 0.875 0.493333 0.063559 0.32
16 0.948093 0.613333 0.074153 0.613333
