0 0.025478 0.493333 0.050955 0.32
9 0.084926 0.38 0.059448 0.626667
24 0.124204 0.493333 0.010616 0.32
2 0.177282 0.493333 0.065817 0.32
19 0.239915 0.493333 0.050955 0.32
20 0.295117 0.493333 0.050955 0.32
9 0.350318 0.38 0.050955 0.626667
24 0.390658 0.493333 0.021231 0.32
7 0.421444 0.493333 0.031847 0.32
12 0.462845 0.606667 0.021231 0.626667
3 0.495754 0.493333 0.036093 0.32
2 0.55414 0.493333 0.050955 0.32
9 0.607219 0.373333 0.046709 0.613333
9 0.667728 0.373333 0.065817 0.613333
0 0.727176 0.493333 0.044586 0.32
24 0.764331 0.493333 0.021231 0.32
3 0.813163 0.513333 0.046709 0.36
1 0.860934 0.493333 0.04034 0.32
3 0.907643 0.493333 0.044586 0.32
25 0.95966 0.493333 0.050955 0.32
