25 0.022774 0.526667 0.045549 0.386667
13 0.064182 0.493333 0.028986 0.32
24 0.098344 0.493333 0.031056 0.32
4 0.134576 0.493333 0.033126 0.32
25 0.177019 0.493333 0.043478 0.32
2 0.238095 0.493333 0.049689 0.32
24 0.275362 0.493333 0.016563 0.32
17 0.306418 0.493333 0.037267 0.32
9 0.355072 0.366667 0.05176 0.626667
20 0.42029 0.493333 0.049689 0.32
0 0.467909 0.493333 0.037267 0.32
10 0.520704 0.493333 0.039337 0.32
24 0.55383 0.493333 0.018634 0.32
25 0.587992 0.493333 0.041408 0.32
20 0.630435 0.493333 0.035197 0.32
0 0.666667 0.493333 0.028986 0.32
9 0.721532 0.373333 0.05176 0.613333
1 0.770186 0.493333 0.037267 0.32
17 0.828157 0.493333 0.049689 0.32
24 0.867495 0.493333 0.020704 0.32
0 0.899586 0.493333 0.035197 0.32
12 0.933747 0.613333 0.024845 0.613333
11 0.967909 0.493333 0.035197 0.32
