0 0.023504 0.513333 0.047009 0.36
2 0.06339 0.493333 0.027066 0.32
20 0.092593 0.493333 0.025641 0.32
11 0.121795 0.493333 0.027066 0.32
0 0.151709 0.493333 0.027066 0.32
5 0.182336 0.493333 0.02849 0.32
5 0.223647 0.493333 0.034188 0.32
26 0.247863 0.52 0.008547 0.373333
5 0.269231 0.493333 0.02849 0.32
5 0.309117 0.493333 0.031339 0.32
1 0.346154 0.493333 0.037037 0.32
2 0.384615 0.493333 0.034188 0.32
25 0.425926 0.493333 0.02849 0.32
20 0.457977 0.493333 0.029915 0.32
19 0.494302 0.493333 0.037037 0.32
3 0.5349 0.493333 0.024217 0.32
6 0.559829 0.506667 0.019943 0.346667
0 0.586895 0.493333 0.02849 0.32
3 0.626068 0.493333 0.029915 0.32
25 0.665242 0.493333 0.042735 0.32
2 0.707977 0.493333 0.037037 0.32
24 0.736467 0.493333 0.014245 0.32
9 0.76567 0.373333 0.038462 0.613333
9 0.819801 0.38 0.049858 0.626667
1 0.861823 0.526667 0.02849 0.386667
3 0.896011 0.5 0.034188 0.333333
24 0.923077 0.493333 0.014245 0.32
2 0.951567 0.493333 0.037037 0.32
7 0.981481 0.493333 0.017094 0.32
