12 0.012376 0.613333 0.024752 0.613333
7 0.036304 0.513333 0.016502 0.36
24 0.056106 0.493333 0.016502 0.32
25 0.10066 0.5 0.049505 0.333333
16 0.15429 0.586667 0.051155 0.693333
25 0.200495 0.493333 0.034653 0.32
7 0.233498 0.493333 0.024752 0.32
12 0.273102 0.613333 0.031353 0.613333
24 0.301155 0.493333 0.018152 0.32
5 0.333333 0.493333 0.039604 0.32
20 0.379538 0.493333 0.029703 0.32
6 0.415017 0.493333 0.034653 0.32
20 0.45297 0.493333 0.034653 0.32
20 0.487624 0.493333 0.028053 0.32
0 0.518152 0.493333 0.026403 0.32
24 0.55198 0.493333 0.018152 0.32
13 0.577558 0.513333 0.026403 0.36
5 0.618812 0.493333 0.033003 0.32
14 0.65264 0.493333 0.028053 0.32
25 0.688119 0.493333 0.036304 0.32
3 0.725248 0.493333 0.031353 0.32
12 0.759901 0.606667 0.014851 0.626667
11 0.783828 0.493333 0.026403 0.32
5 0.822607 0.493333 0.044554 0.32
2 0.864686 0.493333 0.033003 0.32
2 0.900165 0.493333 0.031353 0.32
20 0.940594 0.493333 0.026403 0.32
0 0.972772 0.493333 0.031353 0.32
