9 0.019435 0.393333 0.038869 0.653333
0 0.063604 0.493333 0.042403 0.32
12 0.105124 0.613333 0.033569 0.613333
17 0.142226 0.5 0.033569 0.333333
6 0.184629 0.493333 0.04417 0.32
0 0.234099 0.493333 0.047703 0.32
17 0.286219 0.493333 0.031802 0.32
19 0.332155 0.493333 0.053004 0.32
0 0.381625 0.493333 0.038869 0.32
19 0.417845 0.493333 0.026502 0.32
25 0.45583 0.506667 0.042403 0.346667
0 0.49735 0.5 0.033569 0.333333
0 0.54682 0.493333 0.040636 0.32
24 0.584806 0.493333 0.028269 0.32
9 0.625442 0.373333 0.045936 0.613333
25 0.681979 0.493333 0.042403 0.32
7 0.719081 0.493333 0.024735 0.32
17 0.75265 0.5 0.035336 0.333333
0 0.79682 0.493333 0.045936 0.32
19 0.850707 0.493333 0.05477 0.32
9 0.913428 0.38 0.045936 0.626667
1 0.963781 0.493333 0.047703 0.32
