0 0.016725 0.493333 0.033451 0.32
11 0.051056 0.493333 0.028169 0.32
9 0.09243 0.373333 0.047535 0.613333
1 0.145246 0.5 0.051056 0.333333
24 0.190141 0.493333 0.014085 0.32
3 0.215669 0.493333 0.02993 0.32
24 0.243838 0.493333 0.019366 0.32
2 0.273768 0.493333 0.033451 0.32
7 0.303697 0.493333 0.019366 0.32
25 0.352113 0.5 0.052817 0.333333
3 0.397887 0.493333 0.03169 0.32
3 0.447183 0.52 0.042254 0.373333
4 0.486796 0.493333 0.02993 0.32
9 0.526408 0.373333 0.024648 0.613333
0 0.566021 0.52 0.047535 0.373333
12 0.618838 0.613333 0.033451 0.613333
0 0.65493 0.493333 0.03169 0.32
24 0.683099 0.506667 0.017606 0.346667
5 0.71831 0.493333 0.045775 0.32
7 0.760563 0.493333 0.03169 0.32
20 0.807218 0.493333 0.036972 0.32
24 0.839789 0.493333 0.021127 0.32
19 0.884683 0.493333 0.06162 0.32
1 0.940141 0.493333 0.042254 0.32
9 0.976232 0.366667 0.022887 0.626667
