5 0.022305 0.493333 0.04461 0.32
7 0.064126 0.493333 0.031599 0.32
10 0.10223 0.493333 0.037175 0.32
25 0.14684 0.493333 0.04461 0.32
11 0.189591 0.5 0.033457 0.333333
5 0.232342 0.493333 0.04461 0.32
5 0.288104 0.493333 0.040892 0.32
25 0.340149 0.5 0.055762 0.333333
5 0.392193 0.493333 0.040892 0.32
10 0.442379 0.493333 0.033457 0.32
2 0.48513 0.493333 0.04461 0.32
9 0.530669 0.36 0.039033 0.666667
10 0.575279 0.493333 0.024164 0.32
1 0.613383 0.493333 0.04461 0.32
24 0.648699 0.513333 0.018587 0.36
2 0.684015 0.526667 0.04461 0.386667
25 0.730483 0.493333 0.040892 0.32
3 0.768587 0.493333 0.027881 0.32
25 0.817844 0.52 0.04461 0.373333
7 0.857807 0.493333 0.027881 0.32
9 0.905204 0.386667 0.055762 0.56
24 0.947955 0.493333 0.022305 0.32
7 0.974907 0.493333 0.024164 0.32
