24 0.013072 0.486667 0.026144 0.306667
5 0.059913 0.526667 0.054466 0.386667
9 0.133987 0.36 0.063181 0.64
1 0.188453 0.493333 0.037037 0.32
24 0.232026 0.493333 0.019608 0.32
24 0.266885 0.493333 0.041394 0.32
10 0.324619 0.493333 0.043573 0.32
24 0.362745 0.493333 0.023965 0.32
10 0.407407 0.493333 0.034858 0.32
1 0.453159 0.493333 0.04793 0.32
9 0.528322 0.38 0.071895 0.626667
1 0.589325 0.493333 0.041394 0.32
20 0.64488 0.493333 0.039216 0.32
1 0.694989 0.493333 0.052288 0.32
25 0.748366 0.493333 0.045752 0.32
3 0.794118 0.5 0.037037 0.333333
24 0.827887 0.493333 0.021786 0.32
25 0.877996 0.493333 0.04793 0.32
13 0.920479 0.493333 0.028322 0.32
2 0.961874 0.493333 0.045752 0.32
