12 0.01431 0.613333 0.02862 0.613333
4 0.049663 0.493333 0.035354 0.32
9 0.090909 0.373333 0.040404 0.613333
7 0.127104 0.493333 0.025253 0.32
9 0.16835 0.373333 0.047138 0.613333
24 0.213805 0.493333 0.016835 0.32
9 0.252525 0.38 0.053872 0.626667
0 0.308923 0.493333 0.035354 0.32
11 0.340909 0.493333 0.021886 0.32
1 0.377946 0.493333 0.045455 0.32
17 0.422559 0.493333 0.037037 0.32
9 0.462121 0.38 0.035354 0.626667
1 0.504209 0.493333 0.042088 0.32
5 0.55303 0.513333 0.031987 0.36
7 0.585017 0.513333 0.025253 0.36
2 0.618687 0.493333 0.035354 0.32
25 0.657407 0.493333 0.035354 0.32
13 0.691077 0.493333 0.025253 0.32
20 0.728956 0.493333 0.026936 0.32
0 0.765993 0.506667 0.040404 0.346667
24 0.799663 0.486667 0.020202 0.306667
25 0.843434 0.506667 0.040404 0.346667
7 0.880471 0.493333 0.026936 0.32
9 0.926768 0.38 0.042088 0.626667
1 0.969697 0.493333 0.037037 0.32
