0 0.019868 0.493333 0.039735 0.32
11 0.053808 0.513333 0.021523 0.36
21 0.088576 0.493333 0.041391 0.32
0 0.127483 0.493333 0.029801 0.32
25 0.162252 0.493333 0.033113 0.32
7 0.192053 0.493333 0.019868 0.32
5 0.235099 0.493333 0.043046 0.32
24 0.26904 0.493333 0.018212 0.32
5 0.297185 0.493333 0.031457 0.32
25 0.336093 0.506667 0.039735 0.346667
25 0.379139 0.506667 0.039735 0.346667
7 0.414735 0.52 0.024834 0.373333
9 0.461093 0.38 0.044702 0.626667
7 0.496689 0.493333 0.019868 0.32
5 0.539735 0.493333 0.043046 0.32
7 0.575331 0.493333 0.021523 0.32
11 0.600993 0.5 0.023179 0.333333
25 0.641556 0.493333 0.034768 0.32
14 0.675497 0.493333 0.02649 0.32
11 0.703642 0.493333 0.023179 0.32
9 0.752483 0.373333 0.051325 0.613333
1 0.798013 0.493333 0.033113 0.32
2 0.849338 0.493333 0.046358 0.32
17 0.898179 0.493333 0.044702 0.32
6 0.941225 0.493333 0.034768 0.32
9 0.975166 0.393333 0.02649 0.653333
