9 0.0311 0.373333 0.062201 0.613333
2 0.09689 0.493333 0.059809 0.32
20 0.161483 0.493333 0.059809 0.32
25 0.236842 0.493333 0.057416 0.32
13 0.291866 0.493333 0.043062 0.32
2 0.339713 0.493333 0.043062 0.32
9 0.385167 0.38 0.038278 0.626667
20 0.431818 0.493333 0.045455 0.32
0 0.485646 0.513333 0.052632 0.36
25 0.557416 0.493333 0.057416 0.32
9 0.617225 0.373333 0.052632 0.613333
9 0.685407 0.373333 0.074163 0.613333
19 0.764354 0.493333 0.074163 0.32
2 0.84689 0.493333 0.057416 0.32
25 0.906699 0.493333 0.052632 0.32
17 0.960526 0.493333 0.045455 0.32
