0 0.013942 0.493333 0.027883 0.32
25 0.045627 0.493333 0.030418 0.32
5 0.075412 0.513333 0.024081 0.36
0 0.110266 0.493333 0.027883 0.32
24 0.13308 0.493333 0.012674 0.32
9 0.155894 0.373333 0.027883 0.613333
15 0.198986 0.606667 0.040558 0.626667
0 0.235108 0.493333 0.026616 0.32
2 0.264892 0.493333 0.027883 0.32
5 0.302915 0.5 0.030418 0.333333
7 0.329531 0.493333 0.017744 0.32
5 0.356147 0.493333 0.030418 0.32
20 0.387833 0.486667 0.025349 0.306667
0 0.416984 0.493333 0.025349 0.32
9 0.456274 0.366667 0.035488 0.653333
1 0.494297 0.493333 0.035488 0.32
24 0.520279 0.493333 0.011407 0.32
10 0.546261 0.493333 0.035488 0.32
1 0.577947 0.493333 0.022814 0.32
24 0.598226 0.493333 0.012674 0.32
17 0.62801 0.52 0.029151 0.373333
24 0.652725 0.493333 0.015209 0.32
6 0.673004 0.493333 0.020279 0.32
18 0.698352 0.493333 0.025349 0.32
5 0.731939 0.52 0.024081 0.373333
9 0.767427 0.366667 0.041825 0.626667
1 0.803549 0.493333 0.025349 0.32
13 0.831432 0.5 0.025349 0.333333
24 0.854246 0.493333 0.015209 0.32
25 0.88403 0.493333 0.026616 0.32
3 0.913181 0.493333 0.026616 0.32
9 0.945501 0.373333 0.020279 0.613333
1 0.975285 0.486667 0.031686 0.306667
