0 0.013025 0.513333 0.026049 0.36
9 0.04848 0.373333 0.039074 0.613333
20 0.095514 0.493333 0.034732 0.32
2 0.130246 0.513333 0.028944 0.36
19 0.170767 0.493333 0.04631 0.32
25 0.221418 0.493333 0.034732 0.32
13 0.252533 0.493333 0.021708 0.32
5 0.280029 0.5 0.027496 0.333333
13 0.306802 0.493333 0.02026 0.32
19 0.340087 0.493333 0.040521 0.32
17 0.385673 0.493333 0.030391 0.32
0 0.418234 0.52 0.028944 0.373333
17 0.452243 0.506667 0.018813 0.346667
19 0.490593 0.493333 0.052098 0.32
0 0.532562 0.526667 0.026049 0.386667
9 0.567294 0.373333 0.037627 0.613333
0 0.604197 0.493333 0.030391 0.32
9 0.642547 0.38 0.026049 0.626667
24 0.66932 0.493333 0.021708 0.32
7 0.693198 0.493333 0.02026 0.32
9 0.722142 0.36 0.031838 0.64
10 0.760492 0.493333 0.024602 0.32
0 0.794501 0.493333 0.037627 0.32
20 0.835745 0.493333 0.024602 0.32
7 0.863242 0.513333 0.024602 0.36
24 0.884949 0.493333 0.013025 0.32
18 0.911722 0.493333 0.034732 0.32
3 0.950072 0.5 0.021708 0.333333
6 0.976845 0.493333 0.026049 0.32
