20 0.01551 0.493333 0.031019 0.32
24 0.041359 0.526667 0.014771 0.386667
0 0.074594 0.5 0.04579 0.333333
9 0.118168 0.38 0.035451 0.626667
11 0.154357 0.493333 0.031019 0.32
10 0.195716 0.493333 0.031019 0.32
19 0.237814 0.493333 0.047267 0.32
0 0.28065 0.493333 0.032496 0.32
12 0.316839 0.613333 0.019202 0.613333
11 0.344165 0.493333 0.029542 0.32
5 0.375923 0.493333 0.028065 0.32
11 0.402511 0.493333 0.019202 0.32
0 0.432792 0.493333 0.035451 0.32
2 0.468242 0.493333 0.029542 0.32
5 0.508124 0.5 0.029542 0.333333
25 0.541359 0.493333 0.031019 0.32
5 0.577548 0.493333 0.035451 0.32
17 0.612999 0.513333 0.029542 0.36
19 0.653619 0.493333 0.04579 0.32
0 0.698671 0.493333 0.038405 0.32
6 0.743722 0.513333 0.031019 0.36
24 0.771049 0.493333 0.017725 0.32
17 0.796898 0.493333 0.028065 0.32
12 0.828656 0.613333 0.014771 0.613333
0 0.853767 0.5 0.029542 0.333333
17 0.895864 0.493333 0.033973 0.32
6 0.936484 0.5 0.041359 0.333333
18 0.974889 0.493333 0.029542 0.32
