20 0.021226 0.493333 0.042453 0.32
0 0.075472 0.493333 0.056604 0.32
17 0.153302 0.493333 0.066038 0.32
19 0.227594 0.493333 0.073113 0.32
0 0.299528 0.52 0.061321 0.373333
25 0.370283 0.493333 0.04717 0.32
7 0.417453 0.493333 0.037736 0.32
5 0.466981 0.493333 0.051887 0.32
26 0.508255 0.493333 0.021226 0.32
20 0.558962 0.493333 0.04717 0.32
0 0.615566 0.506667 0.056604 0.346667
8 0.675708 0.586667 0.054245 0.666667
9 0.741745 0.366667 0.068396 0.626667
8 0.803066 0.606667 0.044811 0.626667
9 0.858491 0.373333 0.056604 0.64
24 0.912736 0.493333 0.018868 0.32
5 0.955189 0.493333 0.056604 0.32
