2 0.018367 0.493333 0.036735 0.32
9 0.065306 0.38 0.04898 0.626667
5 0.12449 0.493333 0.061224 0.32
9 0.180612 0.366667 0.042857 0.626667
7 0.220408 0.493333 0.028571 0.32
25 0.270408 0.493333 0.042857 0.32
7 0.309184 0.493333 0.026531 0.32
9 0.361224 0.373333 0.04898 0.613333
1 0.420408 0.493333 0.061224 0.32
0 0.497959 0.493333 0.065306 0.32
25 0.559184 0.493333 0.04898 0.32
17 0.612245 0.493333 0.04898 0.32
2 0.660204 0.513333 0.038776 0.36
4 0.707143 0.493333 0.046939 0.32
9 0.77449 0.373333 0.059184 0.613333
1 0.828571 0.493333 0.040816 0.32
20 0.886735 0.493333 0.046939 0.32
0 0.938776 0.493333 0.04898 0.32
24 0.976531 0.493333 0.018367 0.32
