12 0.022973 0.62 0.045946 0.626667
11 0.071622 0.493333 0.040541 0.32
5 0.143243 0.493333 0.064865 0.32
9 0.214865 0.366667 0.067568 0.626667
1 0.289189 0.493333 0.07027 0.32
9 0.381081 0.373333 0.075676 0.613333
1 0.45 0.493333 0.051351 0.32
25 0.510811 0.493333 0.059459 0.32
13 0.568919 0.493333 0.045946 0.32
16 0.643243 0.613333 0.091892 0.613333
26 0.702703 0.52 0.016216 0.373333
9 0.762162 0.38 0.064865 0.626667
0 0.828378 0.493333 0.056757 0.32
24 0.877027 0.493333 0.02973 0.32
16 0.939189 0.613333 0.083784 0.613333
