25 0.015193 0.493333 0.030387 0.32
7 0.044199 0.493333 0.022099 0.32
24 0.073204 0.493333 0.016575 0.32
25 0.100829 0.493333 0.033149 0.32
9 0.132597 0.373333 0.024862 0.64
1 0.165746 0.526667 0.035912 0.386667
3 0.20511 0.493333 0.023481 0.32
25 0.236188 0.52 0.033149 0.373333
9 0.274862 0.373333 0.038674 0.613333
10 0.316989 0.493333 0.026243 0.32
5 0.346685 0.493333 0.027624 0.32
5 0.381215 0.493333 0.035912 0.32
25 0.418508 0.506667 0.033149 0.346667
6 0.453039 0.52 0.030387 0.373333
5 0.484116 0.493333 0.026243 0.32
10 0.515193 0.493333 0.016575 0.32
25 0.540746 0.493333 0.029006 0.32
11 0.569061 0.493333 0.022099 0.32
5 0.609807 0.493333 0.040055 0.32
9 0.656077 0.373333 0.046961 0.64
0 0.698895 0.526667 0.033149 0.386667
24 0.725829 0.493333 0.015193 0.32
9 0.753453 0.38 0.03453 0.626667
24 0.779696 0.493333 0.012431 0.32
9 0.813536 0.373333 0.035912 0.613333
0 0.856354 0.493333 0.044199 0.32
10 0.899171 0.5 0.022099 0.306667
25 0.928177 0.493333 0.030387 0.32
17 0.958564 0.493333 0.024862 0.32
11 0.982044 0.493333 0.016575 0.32
