24 0.009165 0.493333 0.01833 0.32
24 0.034623 0.486667 0.02444 0.306667
0 0.075356 0.52 0.044807 0.373333
24 0.110998 0.493333 0.01833 0.32
9 0.158859 0.38 0.069246 0.626667
24 0.209776 0.493333 0.02444 0.32
12 0.248473 0.613333 0.02444 0.613333
1 0.289206 0.493333 0.04888 0.32
7 0.332994 0.493333 0.03055 0.32
24 0.35947 0.493333 0.014257 0.32
25 0.395112 0.506667 0.04888 0.346667
3 0.436864 0.493333 0.026477 0.32
5 0.488798 0.493333 0.04888 0.32
11 0.531568 0.493333 0.028513 0.32
24 0.562118 0.493333 0.02444 0.32
17 0.595723 0.493333 0.034623 0.32
24 0.62831 0.493333 0.022403 0.32
25 0.676171 0.493333 0.044807 0.32
24 0.712831 0.493333 0.020367 0.32
10 0.751527 0.493333 0.028513 0.32
1 0.792261 0.493333 0.044807 0.32
9 0.85947 0.373333 0.0611 0.613333
24 0.90835 0.493333 0.028513 0.32
7 0.943992 0.493333 0.034623 0.32
24 0.97556 0.493333 0.020367 0.32
