16 0.034749 0.613333 0.069498 0.613333
3 0.09749 0.493333 0.048263 0.32
12 0.148649 0.62 0.027027 0.626667
25 0.186293 0.493333 0.040541 0.32
2 0.23166 0.506667 0.042471 0.346667
24 0.266409 0.493333 0.019305 0.32
12 0.305985 0.613333 0.032819 0.613333
11 0.339768 0.5 0.027027 0.333333
10 0.380309 0.493333 0.027027 0.32
1 0.413127 0.493333 0.030888 0.32
24 0.442085 0.526667 0.019305 0.386667
20 0.478764 0.493333 0.046332 0.32
0 0.524131 0.493333 0.03668 0.32
9 0.581081 0.38 0.050193 0.626667
0 0.633205 0.493333 0.046332 0.32
0 0.688224 0.52 0.03668 0.373333
24 0.722008 0.493333 0.023166 0.32
0 0.77027 0.526667 0.046332 0.386667
5 0.821429 0.493333 0.048263 0.32
17 0.866795 0.493333 0.034749 0.32
19 0.917954 0.493333 0.059846 0.32
0 0.969112 0.52 0.034749 0.373333
