5 0.020472 0.493333 0.040945 0.32
7 0.053543 0.493333 0.018898 0.32
11 0.080315 0.493333 0.028346 0.32
19 0.12126 0.52 0.047244 0.373333
10 0.170866 0.493333 0.029921 0.32
5 0.206299 0.493333 0.034646 0.32
6 0.249606 0.493333 0.029921 0.32
20 0.28189 0.5 0.028346 0.333333
14 0.314173 0.506667 0.029921 0.346667
25 0.36378 0.5 0.047244 0.333333
6 0.40315 0.493333 0.025197 0.293333
9 0.448031 0.373333 0.03937 0.613333
0 0.486614 0.52 0.031496 0.373333
0 0.525197 0.493333 0.03937 0.32
24 0.554331 0.493333 0.012598 0.32
9 0.586614 0.386667 0.045669 0.64
20 0.635433 0.493333 0.029921 0.32
0 0.671654 0.493333 0.03622 0.32
24 0.7 0.493333 0.014173 0.32
9 0.744882 0.373333 0.053543 0.613333
1 0.791339 0.493333 0.033071 0.32
19 0.83937 0.493333 0.056693 0.32
24 0.874803 0.493333 0.007874 0.32
9 0.912598 0.373333 0.061417 0.64
19 0.967717 0.493333 0.04252 0.32
