20 0.012938 0.493333 0.025875 0.32
17 0.044901 0.493333 0.031963 0.32
19 0.084475 0.493333 0.041096 0.32
10 0.13242 0.513333 0.033486 0.36
25 0.170472 0.493333 0.03653 0.32
19 0.218417 0.493333 0.053272 0.32
3 0.264079 0.493333 0.031963 0.32
16 0.302131 0.606667 0.038052 0.626667
0 0.34551 0.493333 0.027397 0.32
24 0.369863 0.493333 0.015221 0.32
5 0.398782 0.493333 0.03653 0.32
9 0.45586 0.38 0.056317 0.626667
0 0.506849 0.493333 0.039574 0.32
9 0.544901 0.373333 0.030441 0.613333
1 0.579909 0.493333 0.033486 0.32
25 0.624049 0.493333 0.033486 0.32
13 0.655251 0.493333 0.022831 0.32
2 0.690259 0.506667 0.041096 0.346667
17 0.728311 0.493333 0.028919 0.32
5 0.770928 0.493333 0.035008 0.32
7 0.800609 0.5 0.018265 0.333333
18 0.828767 0.493333 0.031963 0.32
25 0.863775 0.493333 0.031963 0.32
7 0.891933 0.493333 0.018265 0.32
2 0.933029 0.493333 0.042618 0.32
17 0.973364 0.493333 0.031963 0.32
