10 0.009563 0.493333 0.019126 0.32
0 0.037568 0.5 0.028689 0.306667
12 0.068989 0.613333 0.015027 0.613333
11 0.09153 0.493333 0.02459 0.32
12 0.120902 0.606667 0.015027 0.626667
5 0.146858 0.5 0.031421 0.333333
24 0.172131 0.493333 0.013661 0.32
7 0.19194 0.493333 0.020492 0.32
5 0.223361 0.493333 0.036885 0.32
25 0.266393 0.493333 0.030055 0.32
13 0.293033 0.493333 0.01776 0.32
19 0.325137 0.493333 0.040984 0.32
0 0.368169 0.493333 0.025956 0.32
25 0.397541 0.493333 0.027322 0.32
7 0.421448 0.493333 0.015027 0.32
25 0.452186 0.493333 0.027322 0.32
9 0.489071 0.373333 0.040984 0.613333
9 0.535519 0.38 0.032787 0.626667
1 0.573087 0.493333 0.036885 0.32
10 0.610656 0.493333 0.032787 0.32
1 0.641393 0.5 0.023224 0.333333
24 0.670082 0.493333 0.015027 0.32
9 0.698087 0.373333 0.035519 0.613333
17 0.741803 0.493333 0.032787 0.32
19 0.782787 0.493333 0.043716 0.32
0 0.822404 0.493333 0.030055 0.32
5 0.860656 0.5 0.027322 0.333333
2 0.894126 0.493333 0.034153 0.32
9 0.940574 0.373333 0.053279 0.64
0 0.980191 0.493333 0.020492 0.32
