0 0.018027 0.513333 0.036053 0.36
24 0.049336 0.5 0.018975 0.333333
9 0.085389 0.373333 0.045541 0.613333
24 0.125237 0.493333 0.026565 0.32
9 0.16888 0.38 0.053131 0.626667
0 0.221063 0.5 0.039848 0.306667
15 0.281784 0.613333 0.055028 0.613333
0 0.33112 0.493333 0.036053 0.32
24 0.362429 0.493333 0.018975 0.32
2 0.405123 0.513333 0.039848 0.36
17 0.446869 0.493333 0.036053 0.32
10 0.496205 0.493333 0.036053 0.32
0 0.537002 0.493333 0.037951 0.32
24 0.571157 0.493333 0.02277 0.32
8 0.608159 0.586667 0.043643 0.666667
9 0.656546 0.38 0.045541 0.626667
10 0.710626 0.493333 0.036053 0.32
24 0.740038 0.493333 0.01518 0.32
25 0.772296 0.493333 0.041746 0.32
9 0.822581 0.373333 0.051233 0.613333
0 0.88425 0.493333 0.045541 0.32
11 0.925996 0.493333 0.030361 0.32
25 0.965844 0.493333 0.041746 0.32
