25 0.019774 0.493333 0.039548 0.32
19 0.07533 0.493333 0.06403 0.32
14 0.126177 0.5 0.030132 0.333333
13 0.158192 0.493333 0.026365 0.32
19 0.211864 0.506667 0.054614 0.346667
0 0.265537 0.5 0.045198 0.333333
17 0.30791 0.493333 0.032015 0.32
11 0.343691 0.493333 0.032015 0.32
25 0.384181 0.493333 0.041431 0.32
7 0.420904 0.493333 0.024482 0.32
1 0.45951 0.493333 0.026365 0.32
2 0.498117 0.493333 0.043315 0.32
19 0.553672 0.493333 0.060264 0.32
25 0.615819 0.493333 0.056497 0.32
12 0.673258 0.613333 0.032015 0.613333
24 0.701507 0.493333 0.016949 0.32
17 0.730697 0.493333 0.033898 0.32
6 0.769303 0.493333 0.035782 0.32
0 0.809793 0.52 0.037665 0.373333
5 0.850282 0.493333 0.035782 0.32
16 0.911488 0.586667 0.060264 0.666667
17 0.966102 0.493333 0.041431 0.32
