12 0.01227 0.613333 0.02454 0.613333
7 0.041922 0.493333 0.026585 0.32
3 0.091002 0.493333 0.042945 0.32
1 0.143149 0.493333 0.05317 0.32
24 0.183027 0.493333 0.018405 0.32
0 0.220859 0.493333 0.04908 0.32
9 0.286299 0.373333 0.05317 0.613333
7 0.333333 0.493333 0.03272 0.32
25 0.375256 0.493333 0.042945 0.32
3 0.416155 0.493333 0.030675 0.32
0 0.45501 0.493333 0.038855 0.32
9 0.502045 0.373333 0.047035 0.613333
9 0.562372 0.373333 0.04499 0.613333
0 0.613497 0.493333 0.04908 0.32
10 0.669734 0.506667 0.034765 0.346667
3 0.708589 0.493333 0.034765 0.32
0 0.754601 0.493333 0.04908 0.32
5 0.821063 0.493333 0.055215 0.32
13 0.868098 0.513333 0.030675 0.36
2 0.913088 0.526667 0.051125 0.386667
25 0.964213 0.493333 0.042945 0.32
