25 0.020561 0.526667 0.041121 0.386667
3 0.06729 0.493333 0.04486 0.32
7 0.107477 0.493333 0.028037 0.32
20 0.157944 0.493333 0.046729 0.32
13 0.201869 0.493333 0.033645 0.32
19 0.253271 0.506667 0.061682 0.32
2 0.308411 0.493333 0.041121 0.32
24 0.341121 0.493333 0.016822 0.32
3 0.37757 0.493333 0.029907 0.32
6 0.414019 0.493333 0.035514 0.32
20 0.468224 0.493333 0.046729 0.32
0 0.514019 0.493333 0.037383 0.32
9 0.560748 0.386667 0.048598 0.64
24 0.595327 0.493333 0.013084 0.32
7 0.620561 0.493333 0.029907 0.32
24 0.649533 0.493333 0.020561 0.32
25 0.692523 0.493333 0.039252 0.32
7 0.726168 0.493333 0.020561 0.32
10 0.771963 0.493333 0.04486 0.32
24 0.813084 0.493333 0.029907 0.32
25 0.851402 0.493333 0.039252 0.32
3 0.891589 0.493333 0.033645 0.32
2 0.933645 0.493333 0.042991 0.32
1 0.972897 0.493333 0.028037 0.32
