9 0.020168 0.38 0.040336 0.626667
1 0.064706 0.493333 0.042017 0.32
9 0.12437 0.386667 0.05042 0.56
0 0.168908 0.52 0.031933 0.373333
20 0.204202 0.493333 0.031933 0.32
0 0.241176 0.493333 0.035294 0.32
24 0.271429 0.493333 0.018487 0.32
24 0.30084 0.493333 0.016807 0.32
24 0.319328 0.493333 0.013445 0.32
24 0.345378 0.493333 0.015126 0.32
11 0.369748 0.493333 0.026891 0.32
1 0.406723 0.493333 0.040336 0.32
10 0.455462 0.506667 0.033613 0.346667
6 0.489916 0.493333 0.028571 0.32
9 0.531933 0.393333 0.048739 0.653333
0 0.589916 0.513333 0.060504 0.36
19 0.652941 0.493333 0.042017 0.32
25 0.694118 0.493333 0.033613 0.32
0 0.730252 0.493333 0.031933 0.32
15 0.77479 0.613333 0.033613 0.613333
18 0.815966 0.493333 0.042017 0.32
24 0.848739 0.493333 0.016807 0.32
20 0.880672 0.493333 0.040336 0.32
20 0.922689 0.493333 0.036975 0.32
0 0.966387 0.493333 0.043697 0.32
