3 0.021253 0.506667 0.042506 0.346667
24 0.058166 0.526667 0.022371 0.386667
18 0.096197 0.52 0.044743 0.373333
11 0.139821 0.493333 0.033557 0.32
9 0.205817 0.373333 0.067114 0.613333
1 0.278523 0.493333 0.069351 0.32
3 0.355705 0.5 0.053691 0.333333
6 0.408277 0.493333 0.042506 0.32
14 0.451902 0.493333 0.035794 0.32
10 0.508949 0.493333 0.04698 0.32
5 0.559284 0.493333 0.044743 0.32
20 0.619687 0.493333 0.044743 0.32
0 0.675615 0.493333 0.058166 0.32
24 0.721477 0.493333 0.024609 0.32
5 0.767338 0.493333 0.058166 0.32
7 0.816555 0.493333 0.03132 0.32
0 0.869128 0.493333 0.042506 0.32
24 0.904922 0.493333 0.020134 0.32
9 0.951902 0.386667 0.064877 0.64
