10 0.020971 0.513333 0.041943 0.36
25 0.07064 0.493333 0.048565 0.32
13 0.115894 0.493333 0.033113 0.32
19 0.166667 0.493333 0.059603 0.32
0 0.221854 0.493333 0.041943 0.32
24 0.259382 0.493333 0.024283 0.32
17 0.312362 0.493333 0.050773 0.32
24 0.353201 0.493333 0.022075 0.32
16 0.401766 0.613333 0.066225 0.613333
11 0.461369 0.493333 0.04415 0.32
24 0.501104 0.493333 0.02649 0.32
12 0.540839 0.593333 0.022075 0.653333
24 0.57064 0.493333 0.028698 0.32
25 0.615894 0.493333 0.05298 0.32
9 0.671082 0.373333 0.048565 0.613333
1 0.732892 0.506667 0.066225 0.346667
9 0.81457 0.38 0.066225 0.626667
24 0.865342 0.493333 0.02649 0.32
3 0.906181 0.493333 0.046358 0.32
4 0.959161 0.493333 0.050773 0.32
