9 0.042857 0.373333 0.085714 0.613333
0 0.13 0.493333 0.077143 0.32
24 0.185714 0.493333 0.022857 0.32
24 0.234286 0.493333 0.034286 0.32
11 0.285714 0.493333 0.057143 0.32
9 0.345714 0.38 0.051429 0.626667
17 0.418571 0.493333 0.054286 0.32
0 0.484286 0.493333 0.065714 0.32
2 0.557143 0.526667 0.068571 0.386667
24 0.61 0.493333 0.025714 0.32
24 0.652857 0.493333 0.02 0.32
13 0.685714 0.493333 0.034286 0.32
24 0.721429 0.493333 0.025714 0.32
1 0.788571 0.493333 0.068571 0.32
20 0.88 0.493333 0.074286 0.32
0 0.951429 0.52 0.057143 0.373333
