20 0.010176 0.493333 0.020353 0.32
24 0.029851 0.493333 0.013569 0.32
9 0.065807 0.38 0.050204 0.546667
17 0.10787 0.493333 0.023066 0.32
24 0.128223 0.493333 0.012212 0.32
4 0.153324 0.493333 0.032564 0.32
12 0.189281 0.613333 0.020353 0.613333
11 0.216418 0.493333 0.028494 0.32
9 0.253731 0.32 0.040706 0.506667
0 0.294437 0.493333 0.032564 0.32
25 0.32768 0.493333 0.028494 0.32
14 0.356852 0.493333 0.024423 0.32
9 0.394166 0.373333 0.031208 0.613333
1 0.423338 0.493333 0.02171 0.32
24 0.444369 0.493333 0.014925 0.32
12 0.469471 0.613333 0.016282 0.613333
11 0.489824 0.493333 0.018996 0.32
20 0.513569 0.493333 0.023066 0.32
0 0.542062 0.493333 0.028494 0.32
10 0.577341 0.493333 0.023066 0.32
25 0.605834 0.493333 0.028494 0.32
11 0.632293 0.493333 0.018996 0.32
25 0.664858 0.493333 0.040706 0.32
5 0.704206 0.493333 0.032564 0.32
9 0.747626 0.366667 0.035278 0.626667
0 0.784939 0.513333 0.033921 0.36
10 0.822252 0.493333 0.02171 0.32
1 0.858209 0.493333 0.044776 0.32
10 0.89213 0.493333 0.017639 0.32
5 0.932157 0.506667 0.056988 0.32
11 0.976934 0.493333 0.027137 0.32
