3 0.012483 0.493333 0.024965 0.32
25 0.048544 0.5 0.041609 0.333333
11 0.083911 0.52 0.023578 0.373333
20 0.115118 0.493333 0.033287 0.32
5 0.149792 0.493333 0.030513 0.32
9 0.194175 0.38 0.038835 0.626667
1 0.230929 0.493333 0.029126 0.32
24 0.254508 0.526667 0.012483 0.386667
5 0.285714 0.493333 0.030513 0.32
13 0.31484 0.52 0.022191 0.373333
0 0.343967 0.506667 0.030513 0.346667
12 0.378641 0.613333 0.019417 0.613333
11 0.400832 0.493333 0.019417 0.32
15 0.438974 0.606667 0.037448 0.626667
18 0.474341 0.513333 0.027739 0.36
7 0.50208 0.493333 0.022191 0.32
25 0.537448 0.493333 0.029126 0.32
9 0.571429 0.36 0.033287 0.64
1 0.60749 0.493333 0.033287 0.32
21 0.64147 0.5 0.029126 0.333333
24 0.665742 0.493333 0.01387 0.32
9 0.693481 0.38 0.036061 0.626667
9 0.738558 0.38 0.034674 0.626667
1 0.779473 0.493333 0.041609 0.32
25 0.819695 0.506667 0.033287 0.346667
14 0.848128 0.493333 0.018031 0.32
20 0.87448 0.493333 0.029126 0.32
0 0.9043 0.493333 0.024965 0.32
3 0.935506 0.493333 0.018031 0.32
18 0.953537 0.493333 0.012483 0.32
6 0.976422 0.493333 0.027739 0.32
