5 0.019967 0.526667 0.039933 0.386667
2 0.058236 0.493333 0.02995 0.32
25 0.094842 0.526667 0.036606 0.386667
7 0.131448 0.526667 0.02995 0.386667
9 0.183028 0.38 0.049917 0.626667
7 0.223794 0.493333 0.024958 0.32
9 0.263727 0.353333 0.044925 0.493333
5 0.313644 0.493333 0.031614 0.32
0 0.358569 0.5 0.051581 0.333333
24 0.396839 0.493333 0.018303 0.32
5 0.425125 0.493333 0.031614 0.32
24 0.462562 0.493333 0.019967 0.32
2 0.491681 0.493333 0.031614 0.32
9 0.539933 0.38 0.058236 0.626667
12 0.592346 0.606667 0.023295 0.626667
11 0.62396 0.493333 0.033278 0.32
19 0.678037 0.493333 0.051581 0.32
24 0.717138 0.486667 0.019967 0.306667
25 0.757072 0.5 0.049917 0.333333
17 0.801165 0.5 0.031614 0.333333
3 0.835275 0.493333 0.02995 0.32
20 0.872712 0.493333 0.021631 0.32
11 0.902662 0.493333 0.031614 0.32
11 0.937604 0.493333 0.031614 0.32
3 0.972546 0.493333 0.031614 0.32
