5 0.028646 0.493333 0.057292 0.32
2 0.088542 0.493333 0.052083 0.32
9 0.161458 0.353333 0.057292 0.68
0 0.226562 0.493333 0.0625 0.32
0 0.309896 0.493333 0.067708 0.32
11 0.365885 0.493333 0.033854 0.32
21 0.41276 0.493333 0.049479 0.32
9 0.498698 0.373333 0.085938 0.64
0 0.576823 0.493333 0.059896 0.32
10 0.636719 0.493333 0.023438 0.32
1 0.6875 0.5 0.067708 0.333333
10 0.757812 0.493333 0.0625 0.32
3 0.820312 0.52 0.052083 0.373333
0 0.882812 0.493333 0.0625 0.32
5 0.950521 0.493333 0.0625 0.32
