25 0.025672 0.493333 0.051345 0.32
17 0.084352 0.52 0.056235 0.373333
5 0.143032 0.493333 0.051345 0.32
9 0.217604 0.38 0.06357 0.626667
25 0.281174 0.493333 0.05379 0.32
6 0.339853 0.5 0.05379 0.333333
9 0.410758 0.353333 0.05379 0.68
0 0.468215 0.493333 0.051345 0.32
25 0.525672 0.493333 0.05379 0.32
7 0.575795 0.513333 0.036675 0.36
24 0.619804 0.493333 0.017115 0.32
11 0.655257 0.493333 0.04401 0.32
3 0.698044 0.493333 0.031785 0.32
9 0.762836 0.373333 0.06357 0.613333
24 0.809291 0.493333 0.01956 0.32
7 0.843521 0.52 0.03912 0.373333
20 0.892421 0.493333 0.0489 0.32
0 0.952323 0.493333 0.061125 0.32
