5 0.012361 0.493333 0.024722 0.32
2 0.038937 0.493333 0.023486 0.32
1 0.067985 0.493333 0.029666 0.32
24 0.090853 0.493333 0.011125 0.32
20 0.109394 0.493333 0.021014 0.32
5 0.137206 0.493333 0.029666 0.32
9 0.179852 0.38 0.038319 0.626667
0 0.213226 0.526667 0.023486 0.386667
0 0.24042 0.493333 0.025958 0.32
24 0.263288 0.493333 0.014833 0.32
4 0.285538 0.493333 0.024722 0.32
9 0.311496 0.38 0.02225 0.626667
10 0.340544 0.493333 0.018541 0.32
1 0.364648 0.493333 0.024722 0.32
2 0.394314 0.506667 0.029666 0.346667
3 0.427689 0.493333 0.019778 0.32
6 0.454883 0.493333 0.029666 0.32
25 0.487021 0.52 0.029666 0.373333
0 0.516687 0.526667 0.024722 0.386667
24 0.536465 0.493333 0.009889 0.32
9 0.556242 0.38 0.024722 0.626667
5 0.588999 0.493333 0.023486 0.32
7 0.616811 0.493333 0.027194 0.32
24 0.638443 0.526667 0.011125 0.386667
10 0.656366 0.513333 0.019778 0.36
1 0.678616 0.493333 0.019778 0.32
24 0.703337 0.493333 0.012361 0.32
7 0.720025 0.493333 0.016069 0.32
9 0.749073 0.36 0.037083 0.64
5 0.783684 0.493333 0.027194 0.32
20 0.810878 0.493333 0.02225 0.32
25 0.839308 0.52 0.029666 0.373333
25 0.875773 0.493333 0.025958 0.32
11 0.901731 0.52 0.021014 0.373333
9 0.932015 0.38 0.034611 0.573333
24 0.958591 0.493333 0.013597 0.32
1 0.979604 0.493333 0.023486 0.32
