10 0.027163 0.493333 0.054326 0.32
9 0.083501 0.386667 0.050302 0.64
19 0.145875 0.493333 0.066398 0.32
2 0.207243 0.526667 0.04829 0.386667
3 0.2666 0.493333 0.042254 0.32
1 0.314889 0.493333 0.046278 0.32
17 0.375252 0.513333 0.046278 0.36
25 0.432596 0.493333 0.060362 0.32
12 0.488934 0.613333 0.024145 0.613333
11 0.524145 0.493333 0.038229 0.32
21 0.574447 0.493333 0.054326 0.32
2 0.631791 0.526667 0.052314 0.386667
19 0.689135 0.493333 0.054326 0.32
20 0.750503 0.506667 0.040241 0.346667
0 0.798793 0.5 0.04829 0.333333
2 0.850101 0.486667 0.046278 0.333333
24 0.887324 0.493333 0.020121 0.32
20 0.924547 0.513333 0.026157 0.36
0 0.963783 0.506667 0.044266 0.346667
