12 0.014066 0.613333 0.028133 0.613333
11 0.051151 0.493333 0.035806 0.32
25 0.104859 0.493333 0.061381 0.32
3 0.161125 0.513333 0.040921 0.36
25 0.230179 0.506667 0.061381 0.346667
19 0.313299 0.493333 0.094629 0.32
1 0.392583 0.493333 0.053708 0.32
11 0.445013 0.493333 0.040921 0.32
5 0.521739 0.493333 0.076726 0.32
20 0.588235 0.513333 0.046036 0.36
0 0.640665 0.493333 0.048593 0.32
5 0.70844 0.5 0.051151 0.333333
26 0.749361 0.493333 0.02046 0.32
17 0.80179 0.493333 0.048593 0.32
20 0.849105 0.493333 0.035806 0.32
18 0.905371 0.493333 0.066496 0.32
13 0.962916 0.493333 0.038363 0.32
