9 0.017964 0.38 0.035928 0.626667
1 0.06512 0.493333 0.052395 0.32
10 0.103293 0.493333 0.017964 0.32
24 0.123503 0.493333 0.016467 0.32
25 0.157934 0.493333 0.031437 0.32
3 0.192365 0.493333 0.031437 0.32
12 0.229042 0.613333 0.020958 0.613333
14 0.25524 0.493333 0.025449 0.32
12 0.289671 0.606667 0.022455 0.626667
24 0.308383 0.526667 0.008982 0.386667
11 0.326347 0.493333 0.020958 0.32
5 0.358533 0.493333 0.037425 0.32
24 0.394461 0.493333 0.013473 0.32
2 0.423653 0.493333 0.038922 0.32
25 0.462575 0.493333 0.032934 0.32
17 0.49476 0.493333 0.025449 0.32
14 0.520958 0.493333 0.020958 0.32
24 0.55015 0.493333 0.016467 0.32
17 0.581587 0.493333 0.040419 0.32
2 0.616018 0.52 0.022455 0.373333
3 0.641467 0.5 0.022455 0.333333
25 0.672156 0.493333 0.032934 0.32
1 0.723054 0.493333 0.047904 0.32
17 0.766467 0.493333 0.032934 0.32
20 0.80988 0.493333 0.032934 0.32
0 0.844311 0.493333 0.02994 0.32
12 0.870509 0.606667 0.016467 0.626667
20 0.897455 0.493333 0.031437 0.32
0 0.937874 0.526667 0.028443 0.386667
5 0.972305 0.52 0.034431 0.373333
