0 0.013798 0.493333 0.027595 0.32
9 0.046649 0.373333 0.032852 0.613333
10 0.075558 0.493333 0.019711 0.32
16 0.110381 0.613333 0.044678 0.613333
11 0.145861 0.493333 0.021025 0.32
9 0.1682 0.373333 0.018397 0.613333
0 0.204993 0.493333 0.036794 0.32
24 0.232589 0.493333 0.013141 0.32
9 0.254271 0.366667 0.024967 0.626667
24 0.282523 0.493333 0.013141 0.32
2 0.304205 0.493333 0.024967 0.32
20 0.3318 0.493333 0.024967 0.32
7 0.357424 0.52 0.021025 0.373333
25 0.386334 0.493333 0.031537 0.32
10 0.425099 0.493333 0.027595 0.32
1 0.455979 0.493333 0.028909 0.32
17 0.492116 0.493333 0.024967 0.32
19 0.522996 0.493333 0.031537 0.32
0 0.558476 0.493333 0.034166 0.32
9 0.592641 0.373333 0.028909 0.613333
24 0.61498 0.493333 0.010512 0.32
10 0.637319 0.493333 0.015769 0.32
25 0.667543 0.5 0.039422 0.333333
17 0.702365 0.5 0.024967 0.333333
14 0.726018 0.493333 0.017083 0.32
0 0.749671 0.52 0.024967 0.373333
17 0.783837 0.493333 0.024967 0.32
19 0.817346 0.493333 0.036794 0.32
0 0.850854 0.493333 0.024967 0.32
9 0.882392 0.373333 0.019711 0.613333
1 0.911301 0.506667 0.032852 0.346667
8 0.945466 0.586667 0.030223 0.666667
2 0.977004 0.493333 0.027595 0.32
