5 0.0209 0.493333 0.041801 0.32
17 0.061897 0.493333 0.033762 0.32
18 0.101286 0.493333 0.038585 0.32
0 0.13746 0.493333 0.027331 0.32
25 0.181672 0.52 0.038585 0.373333
3 0.21865 0.493333 0.028939 0.32
3 0.261254 0.493333 0.033762 0.32
1 0.307878 0.493333 0.053055 0.32
9 0.364952 0.373333 0.054662 0.64
0 0.422026 0.513333 0.053055 0.36
5 0.4791 0.493333 0.038585 0.32
6 0.516881 0.526667 0.030547 0.386667
25 0.554662 0.493333 0.038585 0.32
9 0.601286 0.373333 0.048232 0.613333
18 0.644695 0.493333 0.032154 0.32
2 0.689711 0.493333 0.03537 0.32
17 0.729904 0.506667 0.038585 0.346667
1 0.768489 0.493333 0.032154 0.32
11 0.798232 0.493333 0.0209 0.32
1 0.84164 0.493333 0.043408 0.32
17 0.879421 0.493333 0.025723 0.32
0 0.915595 0.493333 0.040193 0.32
9 0.963826 0.38 0.049839 0.626667
