5 0.025199 0.493333 0.050398 0.32
7 0.075597 0.493333 0.039788 0.32
17 0.139257 0.493333 0.050398 0.32
6 0.197613 0.493333 0.055703 0.32
0 0.258621 0.493333 0.055703 0.32
16 0.34748 0.613333 0.084881 0.613333
0 0.432361 0.493333 0.047745 0.32
9 0.496021 0.373333 0.068966 0.613333
17 0.561008 0.493333 0.050398 0.32
4 0.619363 0.493333 0.055703 0.32
24 0.665782 0.493333 0.026525 0.32
20 0.722812 0.5 0.050398 0.333333
24 0.763926 0.506667 0.02122 0.346667
9 0.807692 0.36 0.055703 0.666667
4 0.871353 0.493333 0.061008 0.32
9 0.944297 0.386667 0.074271 0.64
