24 0.007679 0.493333 0.015358 0.32
9 0.044369 0.373333 0.051195 0.613333
7 0.084471 0.493333 0.022184 0.32
19 0.12628 0.493333 0.054608 0.32
25 0.174061 0.493333 0.03413 0.32
13 0.208191 0.52 0.027304 0.373333
9 0.256826 0.346667 0.046075 0.666667
1 0.303754 0.526667 0.040956 0.386667
3 0.349829 0.493333 0.044369 0.32
24 0.383106 0.493333 0.015358 0.32
3 0.41041 0.493333 0.032423 0.32
4 0.443686 0.493333 0.027304 0.32
20 0.485495 0.526667 0.032423 0.386667
0 0.523038 0.493333 0.035836 0.32
17 0.5657 0.493333 0.042662 0.32
25 0.610922 0.52 0.040956 0.373333
13 0.646758 0.493333 0.023891 0.32
20 0.682594 0.513333 0.040956 0.36
0 0.730375 0.493333 0.030717 0.32
9 0.770478 0.366667 0.042662 0.626667
20 0.812287 0.493333 0.03413 0.32
1 0.854949 0.493333 0.044369 0.32
3 0.897611 0.493333 0.03413 0.32
3 0.93942 0.493333 0.025597 0.32
6 0.971843 0.493333 0.032423 0.32
