25 0.020619 0.493333 0.041237 0.32
3 0.06701 0.493333 0.043299 0.32
9 0.137113 0.366667 0.068041 0.626667
0 0.197938 0.493333 0.045361 0.32
25 0.256701 0.493333 0.043299 0.32
7 0.307216 0.526667 0.049485 0.386667
0 0.379381 0.493333 0.065979 0.32
24 0.426804 0.493333 0.020619 0.32
2 0.458763 0.493333 0.035052 0.32
2 0.505155 0.493333 0.049485 0.32
25 0.575258 0.5 0.061856 0.333333
9 0.628866 0.373333 0.037113 0.64
17 0.676289 0.506667 0.049485 0.346667
25 0.736082 0.5 0.061856 0.333333
6 0.795876 0.513333 0.049485 0.36
11 0.843299 0.513333 0.037113 0.36
10 0.890722 0.493333 0.028866 0.32
6 0.928866 0.493333 0.039175 0.32
9 0.969072 0.393333 0.03299 0.653333
