11 0.01118 0.5 0.02236 0.333333
6 0.038509 0.52 0.027329 0.373333
9 0.075776 0.373333 0.042236 0.613333
11 0.11118 0.493333 0.023602 0.32
2 0.140994 0.493333 0.031056 0.32
19 0.181988 0.493333 0.045963 0.32
1 0.229193 0.493333 0.031056 0.32
19 0.263975 0.493333 0.03354 0.32
17 0.29441 0.493333 0.02236 0.32
10 0.329193 0.493333 0.029814 0.32
1 0.358385 0.493333 0.023602 0.32
2 0.383851 0.513333 0.02236 0.36
17 0.409938 0.493333 0.024845 0.32
9 0.445963 0.373333 0.029814 0.613333
24 0.468323 0.493333 0.009938 0.32
7 0.485714 0.513333 0.019876 0.36
5 0.513665 0.526667 0.031056 0.386667
6 0.550932 0.493333 0.026087 0.32
24 0.575155 0.493333 0.017391 0.32
17 0.598758 0.493333 0.024845 0.32
5 0.634783 0.493333 0.029814 0.32
2 0.667081 0.52 0.029814 0.373333
10 0.703106 0.493333 0.024845 0.32
25 0.731677 0.493333 0.027329 0.32
11 0.757764 0.493333 0.019876 0.32
1 0.785093 0.493333 0.029814 0.32
24 0.813665 0.493333 0.009938 0.32
25 0.834783 0.526667 0.027329 0.386667
9 0.867081 0.38 0.032298 0.626667
1 0.898758 0.52 0.026087 0.373333
5 0.928571 0.493333 0.028571 0.32
12 0.958385 0.613333 0.013665 0.613333
11 0.979503 0.493333 0.023602 0.32
