1 0.017385 0.493333 0.034771 0.32
4 0.05007 0.493333 0.022253 0.293333
13 0.077191 0.493333 0.023644 0.32
25 0.114047 0.493333 0.030598 0.32
13 0.142559 0.493333 0.020862 0.32
0 0.175243 0.493333 0.038943 0.32
24 0.205146 0.493333 0.015299 0.32
0 0.235744 0.52 0.026426 0.373333
9 0.268428 0.373333 0.03338 0.64
2 0.312239 0.526667 0.034771 0.386667
9 0.35605 0.373333 0.047288 0.64
2 0.399166 0.493333 0.03338 0.32
3 0.437413 0.493333 0.023644 0.32
2 0.471488 0.493333 0.038943 0.32
9 0.513908 0.373333 0.040334 0.613333
5 0.559805 0.493333 0.031989 0.32
7 0.591099 0.493333 0.025035 0.32
20 0.625869 0.506667 0.038943 0.346667
9 0.664812 0.373333 0.03338 0.613333
1 0.705146 0.493333 0.041725 0.32
14 0.743394 0.493333 0.029207 0.32
5 0.785814 0.493333 0.036161 0.32
17 0.819889 0.493333 0.026426 0.32
2 0.848401 0.52 0.025035 0.373333
9 0.888734 0.393333 0.036161 0.653333
24 0.916551 0.493333 0.013908 0.32
7 0.933936 0.493333 0.015299 0.32
24 0.950626 0.493333 0.012517 0.32
5 0.974965 0.493333 0.030598 0.32
