10 0.026247 0.493333 0.052493 0.32
24 0.070866 0.493333 0.026247 0.32
25 0.128609 0.493333 0.07874 0.32
5 0.217848 0.493333 0.062992 0.32
11 0.274278 0.493333 0.03937 0.32
19 0.335958 0.493333 0.073491 0.32
0 0.41601 0.493333 0.076115 0.32
25 0.511811 0.493333 0.07874 0.32
17 0.576115 0.493333 0.03937 0.32
19 0.645669 0.493333 0.089239 0.32
5 0.737533 0.493333 0.057743 0.32
13 0.793963 0.493333 0.044619 0.32
5 0.847769 0.5 0.052493 0.333333
5 0.923885 0.493333 0.062992 0.32
24 0.971129 0.493333 0.020997 0.32
