0 0.029101 0.513333 0.058201 0.36
9 0.100529 0.38 0.074074 0.626667
20 0.174603 0.493333 0.063492 0.32
0 0.239418 0.493333 0.055556 0.32
9 0.305556 0.366667 0.066138 0.626667
9 0.390212 0.38 0.066138 0.626667
0 0.470899 0.493333 0.084656 0.32
5 0.559524 0.506667 0.055556 0.346667
11 0.615079 0.52 0.044974 0.373333
24 0.654762 0.493333 0.02381 0.32
9 0.719577 0.38 0.068783 0.626667
7 0.779101 0.493333 0.039683 0.32
20 0.828042 0.493333 0.047619 0.32
0 0.887566 0.493333 0.060847 0.32
9 0.952381 0.373333 0.058201 0.613333
