9 0.031332 0.373333 0.062663 0.613333
0 0.099217 0.5 0.062663 0.333333
20 0.160574 0.493333 0.049608 0.32
0 0.224543 0.52 0.067885 0.373333
12 0.295039 0.613333 0.036554 0.613333
11 0.344648 0.493333 0.052219 0.32
24 0.389034 0.493333 0.02611 0.32
0 0.446475 0.493333 0.052219 0.32
24 0.497389 0.493333 0.039164 0.32
9 0.550914 0.38 0.057441 0.626667
5 0.616188 0.493333 0.062663 0.32
9 0.70235 0.38 0.073107 0.626667
0 0.779373 0.52 0.070496 0.373333
9 0.866841 0.373333 0.067885 0.613333
1 0.943864 0.52 0.075718 0.373333
