6 0.017824 0.493333 0.035647 0.32
25 0.058161 0.493333 0.037523 0.32
17 0.098499 0.493333 0.035647 0.32
10 0.143527 0.493333 0.028143 0.32
0 0.183865 0.493333 0.045028 0.32
10 0.24015 0.506667 0.041276 0.346667
1 0.292683 0.5 0.056285 0.333333
5 0.347092 0.493333 0.045028 0.32
12 0.396811 0.613333 0.028143 0.613333
25 0.437148 0.493333 0.045028 0.32
0 0.484991 0.493333 0.043152 0.32
11 0.528143 0.5 0.035647 0.333333
24 0.570356 0.493333 0.022514 0.32
9 0.610694 0.373333 0.050657 0.613333
5 0.67167 0.493333 0.045028 0.32
13 0.71576 0.493333 0.035647 0.32
3 0.751407 0.493333 0.028143 0.32
25 0.798311 0.493333 0.0394 0.32
9 0.849906 0.373333 0.056285 0.613333
20 0.901501 0.493333 0.0394 0.32
14 0.937148 0.493333 0.02439 0.32
13 0.969981 0.493333 0.033771 0.32
