5 0.017711 0.493333 0.035422 0.32
11 0.049728 0.493333 0.023161 0.32
5 0.078338 0.493333 0.02861 0.32
11 0.104223 0.493333 0.017711 0.32
7 0.124659 0.493333 0.017711 0.32
9 0.150545 0.366667 0.02861 0.626667
2 0.191417 0.493333 0.03406 0.32
19 0.230926 0.493333 0.03951 0.32
24 0.264305 0.493333 0.021798 0.32
11 0.290191 0.493333 0.024523 0.32
2 0.325613 0.493333 0.040872 0.32
17 0.36921 0.493333 0.027248 0.32
24 0.392371 0.493333 0.013624 0.32
1 0.419619 0.493333 0.035422 0.32
25 0.45436 0.493333 0.02861 0.32
20 0.495232 0.52 0.03406 0.373333
0 0.529292 0.513333 0.02861 0.36
20 0.567439 0.493333 0.02861 0.32
0 0.60218 0.493333 0.035422 0.32
20 0.636921 0.493333 0.02861 0.32
0 0.669619 0.52 0.031335 0.373333
5 0.714578 0.506667 0.03951 0.32
5 0.749319 0.493333 0.024523 0.32
5 0.780654 0.493333 0.032698 0.32
9 0.81812 0.373333 0.036785 0.613333
7 0.84673 0.493333 0.014986 0.32
9 0.884196 0.373333 0.040872 0.613333
1 0.923706 0.493333 0.032698 0.32
12 0.956403 0.593333 0.013624 0.653333
11 0.978202 0.493333 0.024523 0.32
