25 0.016103 0.493333 0.032206 0.32
7 0.047504 0.5 0.024155 0.333333
25 0.090177 0.506667 0.038647 0.346667
3 0.128019 0.493333 0.030596 0.32
2 0.171498 0.493333 0.033816 0.32
17 0.206924 0.5 0.030596 0.333333
10 0.23591 0.493333 0.020934 0.32
25 0.267311 0.493333 0.035427 0.32
9 0.309984 0.373333 0.043478 0.613333
0 0.351047 0.493333 0.032206 0.32
1 0.392915 0.493333 0.028986 0.32
24 0.417874 0.493333 0.014493 0.32
17 0.446055 0.493333 0.035427 0.32
3 0.477456 0.493333 0.020934 0.32
18 0.508857 0.493333 0.035427 0.32
6 0.547504 0.493333 0.035427 0.32
12 0.591787 0.613333 0.030596 0.613333
11 0.623188 0.493333 0.025765 0.32
6 0.654589 0.526667 0.030596 0.386667
20 0.692432 0.493333 0.038647 0.32
14 0.727858 0.493333 0.025765 0.32
13 0.757649 0.493333 0.027375 0.32
20 0.797101 0.493333 0.028986 0.32
0 0.832528 0.526667 0.035427 0.386667
1 0.871176 0.493333 0.035427 0.32
19 0.919485 0.52 0.05475 0.373333
17 0.969404 0.513333 0.038647 0.36
