5 0.018627 0.493333 0.037255 0.32
2 0.060784 0.493333 0.039216 0.32
17 0.114706 0.493333 0.041176 0.32
14 0.154902 0.493333 0.031373 0.32
1 0.191176 0.493333 0.033333 0.32
5 0.241176 0.493333 0.058824 0.32
24 0.284314 0.493333 0.019608 0.32
25 0.329412 0.493333 0.043137 0.32
7 0.371569 0.493333 0.033333 0.32
19 0.423529 0.493333 0.062745 0.32
0 0.481373 0.493333 0.045098 0.32
3 0.531373 0.506667 0.027451 0.346667
6 0.569608 0.493333 0.041176 0.32
5 0.626471 0.493333 0.045098 0.32
20 0.67549 0.493333 0.045098 0.32
0 0.719608 0.493333 0.035294 0.32
12 0.755882 0.613333 0.029412 0.613333
11 0.790196 0.493333 0.031373 0.32
5 0.840196 0.493333 0.041176 0.32
7 0.879412 0.493333 0.029412 0.32
3 0.926471 0.493333 0.037255 0.32
6 0.967647 0.493333 0.037255 0.32
