10 0.010031 0.493333 0.020062 0.32
25 0.040123 0.526667 0.033951 0.386667
20 0.075617 0.493333 0.030864 0.32
19 0.116512 0.5 0.044753 0.333333
9 0.169753 0.386667 0.040123 0.64
7 0.204475 0.493333 0.023148 0.32
0 0.23534 0.493333 0.032407 0.32
13 0.268519 0.493333 0.027778 0.32
3 0.300926 0.493333 0.030864 0.32
7 0.331019 0.493333 0.023148 0.32
20 0.366512 0.493333 0.026235 0.32
0 0.404321 0.52 0.04321 0.373333
9 0.453704 0.373333 0.033951 0.613333
0 0.496142 0.493333 0.044753 0.32
6 0.53858 0.493333 0.033951 0.32
24 0.566358 0.493333 0.015432 0.32
17 0.593364 0.493333 0.032407 0.32
26 0.625 0.52 0.009259 0.373333
17 0.643519 0.493333 0.021605 0.32
2 0.672068 0.493333 0.029321 0.32
24 0.705247 0.493333 0.015432 0.32
14 0.731481 0.493333 0.030864 0.32
0 0.76466 0.493333 0.029321 0.32
3 0.806327 0.493333 0.032407 0.32
6 0.838735 0.493333 0.026235 0.32
25 0.871142 0.493333 0.032407 0.32
9 0.915123 0.38 0.049383 0.626667
1 0.966049 0.5 0.046296 0.333333
