10 0.011065 0.493333 0.02213 0.32
25 0.039419 0.493333 0.029046 0.32
11 0.069848 0.493333 0.026279 0.32
5 0.10166 0.5 0.031812 0.333333
20 0.143845 0.493333 0.033195 0.32
0 0.176349 0.493333 0.026279 0.32
2 0.21231 0.493333 0.026279 0.32
17 0.240664 0.493333 0.024896 0.32
1 0.270401 0.506667 0.029046 0.346667
11 0.299447 0.493333 0.023513 0.32
25 0.3361 0.493333 0.030429 0.32
7 0.364454 0.493333 0.020747 0.32
25 0.399032 0.493333 0.029046 0.32
11 0.428769 0.493333 0.024896 0.32
9 0.465422 0.38 0.042877 0.626667
1 0.504149 0.493333 0.029046 0.32
9 0.543568 0.393333 0.030429 0.653333
2 0.578147 0.493333 0.033195 0.32
20 0.607884 0.513333 0.020747 0.36
17 0.635546 0.493333 0.029046 0.32
19 0.681189 0.493333 0.056708 0.32
0 0.728907 0.5 0.033195 0.333333
9 0.770401 0.36 0.030429 0.64
1 0.80083 0.493333 0.024896 0.32
25 0.838174 0.526667 0.030429 0.386667
3 0.874136 0.493333 0.035961 0.32
9 0.923237 0.38 0.042877 0.626667
1 0.959889 0.493333 0.024896 0.32
24 0.982711 0.493333 0.015214 0.32
