5 0.029466 0.506667 0.058932 0.346667
7 0.073665 0.5 0.022099 0.333333
12 0.100368 0.613333 0.023941 0.613333
11 0.138122 0.493333 0.044199 0.32
24 0.186004 0.493333 0.025783 0.32
9 0.220074 0.38 0.034991 0.626667
20 0.269797 0.486667 0.038674 0.333333
0 0.309392 0.493333 0.033149 0.32
5 0.358195 0.493333 0.038674 0.32
2 0.39779 0.513333 0.033149 0.36
0 0.441989 0.493333 0.029466 0.32
17 0.479742 0.493333 0.038674 0.32
2 0.524862 0.493333 0.044199 0.32
12 0.571823 0.62 0.023941 0.626667
3 0.599448 0.493333 0.023941 0.32
8 0.641805 0.606667 0.034991 0.626667
0 0.688766 0.493333 0.051565 0.32
9 0.75046 0.38 0.064457 0.626667
11 0.802947 0.493333 0.033149 0.32
20 0.849908 0.493333 0.034991 0.32
0 0.889503 0.52 0.036832 0.373333
5 0.939227 0.493333 0.036832 0.32
7 0.974217 0.5 0.025783 0.333333
