25 0.019139 0.493333 0.038278 0.32
13 0.051037 0.493333 0.019139 0.32
5 0.082137 0.493333 0.036683 0.32
24 0.111643 0.493333 0.015949 0.32
5 0.137959 0.493333 0.030303 0.32
25 0.173046 0.493333 0.033493 0.32
5 0.216906 0.493333 0.031898 0.32
13 0.250399 0.493333 0.028708 0.32
5 0.285486 0.493333 0.035088 0.32
24 0.313397 0.493333 0.014354 0.32
12 0.3437 0.613333 0.023923 0.613333
24 0.366826 0.493333 0.015949 0.32
5 0.396332 0.493333 0.036683 0.32
11 0.429027 0.493333 0.022329 0.32
1 0.467305 0.493333 0.047847 0.32
20 0.517544 0.493333 0.030303 0.32
24 0.542265 0.5 0.012759 0.333333
0 0.568581 0.493333 0.033493 0.32
9 0.616427 0.38 0.039872 0.626667
1 0.657895 0.493333 0.036683 0.32
17 0.702552 0.493333 0.030303 0.32
5 0.740829 0.493333 0.039872 0.32
9 0.784689 0.373333 0.041467 0.613333
24 0.818182 0.493333 0.019139 0.32
7 0.842903 0.493333 0.023923 0.32
20 0.881978 0.493333 0.031898 0.32
0 0.913078 0.493333 0.023923 0.32
25 0.944976 0.493333 0.033493 0.32
3 0.976874 0.493333 0.023923 0.32
