20 0.014805 0.493333 0.02961 0.32
0 0.046433 0.513333 0.028264 0.36
9 0.080081 0.38 0.033647 0.626667
0 0.115747 0.493333 0.032301 0.32
9 0.152759 0.36 0.036339 0.666667
9 0.195155 0.366667 0.02961 0.626667
0 0.224764 0.506667 0.024226 0.346667
25 0.25572 0.52 0.032301 0.373333
9 0.294751 0.373333 0.037685 0.613333
0 0.33109 0.493333 0.026918 0.32
10 0.363392 0.493333 0.018843 0.32
19 0.397712 0.506667 0.044415 0.32
5 0.434724 0.526667 0.024226 0.386667
20 0.462315 0.493333 0.025572 0.32
0 0.495962 0.526667 0.036339 0.386667
9 0.538358 0.373333 0.02961 0.613333
7 0.565276 0.493333 0.018843 0.32
16 0.605653 0.613333 0.043069 0.613333
17 0.644011 0.493333 0.028264 0.32
2 0.676985 0.493333 0.032301 0.32
24 0.701211 0.493333 0.010767 0.32
3 0.7214 0.493333 0.024226 0.32
12 0.750336 0.606667 0.014805 0.626667
6 0.777254 0.493333 0.033647 0.32
2 0.808883 0.493333 0.024226 0.32
5 0.839838 0.493333 0.032301 0.32
7 0.868775 0.493333 0.020188 0.32
9 0.896366 0.373333 0.02961 0.613333
0 0.933378 0.493333 0.025572 0.32
24 0.95424 0.493333 0.010767 0.32
5 0.976447 0.493333 0.028264 0.32
