9 0.024176 0.373333 0.048352 0.613333
0 0.08022 0.5 0.054945 0.333333
20 0.145055 0.513333 0.043956 0.36
0 0.2 0.493333 0.057143 0.32
10 0.26044 0.493333 0.032967 0.32
24 0.292308 0.493333 0.021978 0.32
25 0.334066 0.493333 0.052747 0.32
2 0.387912 0.493333 0.046154 0.32
20 0.43956 0.486667 0.043956 0.306667
0 0.49011 0.526667 0.043956 0.386667
17 0.546154 0.526667 0.037363 0.386667
19 0.604396 0.493333 0.07033 0.32
0 0.664835 0.493333 0.041758 0.32
25 0.734066 0.493333 0.065934 0.32
3 0.797802 0.52 0.052747 0.373333
9 0.871429 0.36 0.063736 0.64
1 0.946154 0.493333 0.076923 0.32
