8 0.028463 0.606667 0.056926 0.626667
9 0.086338 0.373333 0.051233 0.613333
11 0.132827 0.5 0.034156 0.333333
8 0.193548 0.606667 0.060721 0.626667
17 0.243833 0.493333 0.032258 0.32
3 0.281784 0.506667 0.036053 0.346667
3 0.323529 0.493333 0.039848 0.32
1 0.368121 0.493333 0.041746 0.32
10 0.419355 0.493333 0.034156 0.32
25 0.462998 0.506667 0.045541 0.346667
11 0.504744 0.493333 0.030361 0.32
7 0.537951 0.506667 0.028463 0.346667
6 0.575901 0.513333 0.039848 0.36
9 0.632827 0.38 0.047438 0.626667
24 0.667932 0.506667 0.01518 0.346667
7 0.691651 0.493333 0.024668 0.32
0 0.72296 0.493333 0.030361 0.32
9 0.766603 0.36 0.049336 0.64
24 0.814991 0.493333 0.020873 0.32
24 0.837761 0.493333 0.017078 0.32
5 0.878558 0.493333 0.037951 0.32
2 0.917457 0.493333 0.032258 0.32
19 0.962049 0.493333 0.049336 0.32
