24 0.006512 0.493333 0.013025 0.32
24 0.023878 0.493333 0.015919 0.32
17 0.054993 0.493333 0.026049 0.32
19 0.090449 0.493333 0.039074 0.32
0 0.132417 0.493333 0.039074 0.32
19 0.186686 0.493333 0.049204 0.32
0 0.227931 0.493333 0.027496 0.32
26 0.251085 0.493333 0.013025 0.32
25 0.276411 0.493333 0.031838 0.32
5 0.316208 0.5 0.027496 0.333333
2 0.348046 0.493333 0.030391 0.32
24 0.374096 0.493333 0.015919 0.32
5 0.400145 0.493333 0.030391 0.32
25 0.432706 0.493333 0.028944 0.32
14 0.46165 0.493333 0.023155 0.32
25 0.505065 0.493333 0.043415 0.32
7 0.541968 0.506667 0.024602 0.346667
3 0.571635 0.52 0.028944 0.373333
0 0.60492 0.493333 0.031838 0.32
11 0.636758 0.493333 0.026049 0.32
20 0.674385 0.493333 0.028944 0.32
0 0.703329 0.493333 0.023155 0.32
20 0.739508 0.493333 0.028944 0.32
0 0.77424 0.493333 0.034732 0.32
9 0.813314 0.366667 0.037627 0.626667
1 0.851664 0.5 0.033285 0.333333
24 0.882779 0.526667 0.008683 0.386667
0 0.908104 0.493333 0.036179 0.32
11 0.939219 0.513333 0.02026 0.36
21 0.971056 0.493333 0.037627 0.32
