12 0.009036 0.613333 0.018072 0.613333
2 0.036898 0.493333 0.031627 0.32
11 0.066265 0.493333 0.021084 0.32
9 0.098645 0.38 0.037651 0.626667
7 0.133283 0.493333 0.025602 0.32
2 0.167169 0.493333 0.036145 0.32
5 0.209337 0.526667 0.027108 0.386667
9 0.241717 0.373333 0.031627 0.613333
9 0.290663 0.373333 0.045181 0.613333
7 0.330572 0.493333 0.028614 0.32
24 0.355422 0.493333 0.01506 0.32
16 0.393825 0.593333 0.040663 0.653333
3 0.426958 0.493333 0.019578 0.32
2 0.455572 0.493333 0.031627 0.32
24 0.489458 0.493333 0.01506 0.32
13 0.512048 0.493333 0.024096 0.32
20 0.541416 0.5 0.028614 0.333333
0 0.573795 0.493333 0.03012 0.32
25 0.61747 0.493333 0.036145 0.32
3 0.652861 0.493333 0.028614 0.32
24 0.685241 0.526667 0.01506 0.386667
13 0.707078 0.493333 0.02259 0.32
9 0.739458 0.38 0.036145 0.626667
1 0.780873 0.5 0.040663 0.333333
5 0.83509 0.493333 0.046687 0.32
3 0.876506 0.493333 0.03012 0.32
24 0.908886 0.493333 0.028614 0.32
5 0.940512 0.493333 0.028614 0.32
25 0.973645 0.493333 0.031627 0.32
