10 0.01595 0.493333 0.0319 0.32
4 0.054785 0.493333 0.040222 0.32
5 0.099861 0.493333 0.030513 0.32
20 0.131761 0.493333 0.027739 0.32
0 0.162275 0.52 0.027739 0.373333
9 0.195562 0.38 0.033287 0.626667
0 0.228155 0.493333 0.026352 0.32
10 0.265603 0.493333 0.029126 0.32
25 0.303745 0.493333 0.041609 0.32
19 0.348821 0.493333 0.042996 0.32
25 0.393897 0.5 0.041609 0.333333
11 0.425104 0.493333 0.015257 0.32
1 0.443135 0.493333 0.015257 0.32
17 0.474341 0.493333 0.027739 0.32
11 0.500693 0.493333 0.019417 0.32
0 0.531207 0.493333 0.036061 0.32
24 0.558946 0.493333 0.01387 0.32
10 0.587379 0.493333 0.023578 0.32
25 0.622746 0.493333 0.041609 0.32
2 0.665742 0.493333 0.038835 0.32
17 0.70111 0.493333 0.026352 0.32
26 0.728849 0.493333 0.009709 0.32
17 0.748266 0.493333 0.023578 0.32
2 0.780166 0.526667 0.034674 0.386667
17 0.816227 0.506667 0.018031 0.346667
19 0.852288 0.493333 0.048544 0.32
14 0.889736 0.486667 0.020804 0.333333
19 0.932732 0.493333 0.04577 0.32
0 0.974341 0.493333 0.0319 0.32
