9 0.016901 0.373333 0.033803 0.613333
1 0.052113 0.493333 0.030986 0.32
24 0.083803 0.493333 0.012676 0.32
19 0.11338 0.493333 0.040845 0.32
3 0.147183 0.493333 0.021127 0.32
24 0.16831 0.493333 0.015493 0.32
16 0.200704 0.613333 0.043662 0.613333
24 0.239437 0.493333 0.014085 0.32
9 0.269718 0.386667 0.040845 0.64
1 0.312676 0.493333 0.039437 0.32
25 0.35 0.493333 0.029577 0.32
24 0.375352 0.493333 0.015493 0.32
20 0.409859 0.493333 0.033803 0.32
11 0.439437 0.52 0.019718 0.373333
0 0.466901 0.493333 0.029577 0.32
10 0.507042 0.493333 0.030986 0.32
0 0.539437 0.5 0.028169 0.333333
25 0.573239 0.506667 0.033803 0.346667
7 0.604225 0.493333 0.022535 0.32
24 0.633803 0.486667 0.016901 0.306667
24 0.653521 0.5 0.014085 0.333333
9 0.687324 0.38 0.033803 0.626667
1 0.721831 0.493333 0.029577 0.32
3 0.752113 0.493333 0.025352 0.32
25 0.783099 0.493333 0.030986 0.32
19 0.83169 0.493333 0.046479 0.32
19 0.880282 0.493333 0.04507 0.32
25 0.921127 0.493333 0.030986 0.32
16 0.964789 0.613333 0.050704 0.613333
