9 0.0218 0.373333 0.043601 0.64
1 0.066104 0.493333 0.039381 0.32
20 0.106892 0.493333 0.036568 0.32
0 0.139944 0.493333 0.02391 0.32
19 0.186357 0.493333 0.049226 0.32
0 0.227145 0.513333 0.026723 0.36
0 0.260197 0.513333 0.019691 0.36
24 0.278481 0.493333 0.011252 0.32
2 0.300281 0.493333 0.026723 0.32
25 0.337553 0.493333 0.042194 0.32
9 0.394515 0.38 0.052039 0.626667
2 0.440225 0.5 0.033755 0.333333
19 0.481716 0.493333 0.043601 0.32
0 0.521097 0.493333 0.029536 0.32
2 0.556962 0.493333 0.036568 0.32
24 0.598453 0.493333 0.026723 0.32
11 0.624473 0.493333 0.019691 0.32
1 0.646976 0.493333 0.019691 0.32
9 0.677215 0.38 0.035162 0.626667
9 0.722222 0.38 0.035162 0.626667
7 0.754571 0.493333 0.02391 0.32
25 0.78481 0.493333 0.030942 0.32
2 0.821378 0.493333 0.036568 0.32
0 0.857243 0.493333 0.029536 0.32
19 0.90225 0.493333 0.040788 0.32
25 0.942335 0.493333 0.033755 0.32
0 0.97609 0.5 0.028129 0.333333
