10 0.014667 0.493333 0.029333 0.32
19 0.052667 0.493333 0.041333 0.32
5 0.092 0.5 0.032 0.333333
13 0.120667 0.526667 0.02 0.386667
19 0.152 0.5 0.037333 0.333333
5 0.188 0.493333 0.029333 0.32
3 0.221333 0.493333 0.018667 0.32
6 0.247333 0.493333 0.028 0.32
17 0.287333 0.513333 0.033333 0.36
19 0.328667 0.493333 0.044 0.32
0 0.367333 0.493333 0.028 0.32
0 0.396667 0.513333 0.025333 0.36
24 0.419333 0.493333 0.014667 0.32
9 0.446 0.38 0.033333 0.626667
20 0.482667 0.493333 0.021333 0.32
0 0.509333 0.493333 0.026667 0.32
5 0.538 0.52 0.025333 0.373333
25 0.569333 0.506667 0.032 0.346667
5 0.605333 0.493333 0.034667 0.32
25 0.64 0.493333 0.029333 0.32
3 0.675333 0.5 0.022667 0.333333
25 0.702667 0.493333 0.026667 0.32
11 0.730667 0.493333 0.024 0.32
20 0.758 0.493333 0.025333 0.32
20 0.796 0.493333 0.032 0.32
0 0.828667 0.493333 0.028 0.32
5 0.864667 0.493333 0.025333 0.32
25 0.894667 0.526667 0.029333 0.386667
11 0.924667 0.493333 0.025333 0.32
17 0.956667 0.493333 0.033333 0.32
24 0.983333 0.493333 0.014667 0.32
