9 0.020873 0.373333 0.041746 0.613333
1 0.064516 0.493333 0.037951 0.32
25 0.108159 0.493333 0.041746 0.32
13 0.145161 0.493333 0.024668 0.32
2 0.187856 0.493333 0.053131 0.32
16 0.262808 0.613333 0.070209 0.613333
3 0.316888 0.493333 0.030361 0.32
25 0.355787 0.493333 0.039848 0.32
13 0.394687 0.493333 0.030361 0.32
2 0.433586 0.493333 0.039848 0.32
5 0.490512 0.513333 0.047438 0.36
7 0.532258 0.493333 0.028463 0.32
10 0.582543 0.493333 0.045541 0.32
1 0.629981 0.493333 0.041746 0.32
19 0.691651 0.493333 0.055028 0.32
25 0.742884 0.493333 0.039848 0.32
0 0.785579 0.493333 0.037951 0.32
17 0.835863 0.493333 0.036053 0.32
24 0.867173 0.526667 0.018975 0.386667
18 0.910816 0.493333 0.060721 0.32
25 0.965844 0.493333 0.041746 0.32
