6 0.020672 0.493333 0.041344 0.32
24 0.055556 0.493333 0.018088 0.32
7 0.085271 0.493333 0.031008 0.32
3 0.130491 0.5 0.049096 0.333333
25 0.186047 0.493333 0.05168 0.32
11 0.24031 0.493333 0.046512 0.32
5 0.307494 0.493333 0.05168 0.32
13 0.355297 0.493333 0.033592 0.32
17 0.403101 0.513333 0.05168 0.36
9 0.471576 0.373333 0.074935 0.613333
1 0.542636 0.493333 0.056848 0.32
25 0.627907 0.493333 0.077519 0.32
7 0.69509 0.506667 0.046512 0.346667
19 0.764858 0.493333 0.082687 0.32
3 0.832041 0.52 0.041344 0.373333
16 0.894057 0.613333 0.072351 0.613333
11 0.957364 0.486667 0.043928 0.306667
