10 0.019426 0.493333 0.038851 0.32
25 0.067568 0.493333 0.050676 0.32
19 0.123311 0.506667 0.054054 0.346667
9 0.175676 0.373333 0.043919 0.613333
19 0.225507 0.493333 0.048986 0.32
6 0.279561 0.493333 0.035473 0.32
21 0.319257 0.52 0.037162 0.373333
2 0.358953 0.52 0.035473 0.373333
24 0.398649 0.493333 0.02027 0.32
25 0.4375 0.493333 0.050676 0.32
17 0.482264 0.493333 0.032095 0.32
19 0.524493 0.493333 0.045608 0.32
24 0.559122 0.493333 0.016892 0.32
25 0.597128 0.493333 0.035473 0.32
2 0.641892 0.493333 0.047297 0.32
2 0.684122 0.52 0.030405 0.373333
9 0.724662 0.38 0.043919 0.626667
0 0.774493 0.52 0.032095 0.373333
9 0.818412 0.373333 0.048986 0.613333
10 0.875 0.493333 0.040541 0.32
0 0.912162 0.493333 0.027027 0.32
10 0.940878 0.493333 0.023649 0.32
2 0.972128 0.493333 0.032095 0.32
