17 0.01296 0.5 0.025921 0.333333
19 0.049113 0.493333 0.040928 0.32
0 0.090041 0.52 0.035471 0.373333
10 0.119372 0.493333 0.017735 0.32
0 0.145975 0.493333 0.030014 0.32
9 0.18895 0.366667 0.036835 0.626667
1 0.225784 0.493333 0.031378 0.32
25 0.260573 0.493333 0.032742 0.32
7 0.291269 0.493333 0.023192 0.32
9 0.332196 0.373333 0.039563 0.613333
24 0.361528 0.493333 0.013643 0.32
1 0.390177 0.493333 0.038199 0.32
2 0.424966 0.493333 0.025921 0.32
20 0.463847 0.513333 0.032742 0.36
0 0.5 0.513333 0.034106 0.36
6 0.534789 0.493333 0.030014 0.32
17 0.56412 0.493333 0.023192 0.32
24 0.584584 0.493333 0.012278 0.32
16 0.614598 0.58 0.042292 0.68
2 0.661664 0.493333 0.032742 0.32
24 0.686221 0.5 0.010914 0.333333
19 0.710778 0.493333 0.032742 0.32
2 0.742156 0.52 0.024557 0.373333
0 0.780355 0.493333 0.032742 0.32
11 0.810368 0.493333 0.021828 0.32
11 0.836971 0.493333 0.025921 0.32
25 0.866303 0.493333 0.027285 0.32
2 0.897681 0.493333 0.030014 0.32
3 0.932469 0.493333 0.020464 0.32
24 0.952933 0.493333 0.015007 0.32
1 0.976808 0.493333 0.027285 0.32
