25 0.028351 0.493333 0.056701 0.32
3 0.082474 0.493333 0.041237 0.32
10 0.132732 0.506667 0.048969 0.346667
25 0.189433 0.493333 0.054124 0.32
11 0.239691 0.493333 0.036082 0.32
9 0.291237 0.373333 0.030928 0.613333
9 0.344072 0.38 0.064433 0.626667
16 0.429124 0.613333 0.095361 0.613333
9 0.524485 0.373333 0.059278 0.613333
24 0.579897 0.493333 0.041237 0.32
7 0.618557 0.493333 0.025773 0.32
6 0.677835 0.526667 0.056701 0.386667
16 0.759021 0.62 0.095361 0.626667
9 0.859536 0.373333 0.069588 0.613333
1 0.940722 0.506667 0.082474 0.346667
