3 0.011062 0.5 0.022124 0.333333
4 0.036136 0.493333 0.022124 0.32
10 0.064897 0.493333 0.029499 0.32
17 0.095133 0.526667 0.025074 0.386667
21 0.126106 0.493333 0.030973 0.32
2 0.157817 0.493333 0.026549 0.32
24 0.185103 0.493333 0.007375 0.32
0 0.207965 0.493333 0.032448 0.32
9 0.25 0.38 0.030973 0.626667
1 0.280973 0.493333 0.025074 0.32
8 0.317847 0.606667 0.028024 0.626667
24 0.345133 0.493333 0.020649 0.32
11 0.370206 0.493333 0.023599 0.32
18 0.401917 0.513333 0.033923 0.36
19 0.455752 0.493333 0.053097 0.32
19 0.508112 0.493333 0.045723 0.32
10 0.550147 0.493333 0.017699 0.32
0 0.577434 0.493333 0.030973 0.32
24 0.603982 0.493333 0.016224 0.32
3 0.626844 0.493333 0.023599 0.32
1 0.660029 0.493333 0.036873 0.32
19 0.710177 0.526667 0.042773 0.386667
25 0.750737 0.493333 0.032448 0.32
0 0.786136 0.5 0.032448 0.333333
12 0.822271 0.613333 0.019174 0.613333
11 0.851032 0.493333 0.032448 0.32
24 0.878319 0.493333 0.016224 0.32
5 0.905605 0.493333 0.032448 0.32
25 0.942478 0.52 0.035398 0.373333
14 0.976401 0.506667 0.026549 0.346667
