5 0.012151 0.493333 0.024301 0.32
9 0.043135 0.38 0.032807 0.626667
1 0.077764 0.493333 0.031592 0.32
11 0.105103 0.493333 0.018226 0.32
9 0.13305 0.38 0.032807 0.626667
25 0.171324 0.526667 0.026731 0.386667
3 0.205346 0.5 0.036452 0.333333
10 0.237546 0.493333 0.023086 0.32
9 0.267315 0.366667 0.031592 0.626667
24 0.292224 0.493333 0.013366 0.32
1 0.32017 0.493333 0.037667 0.32
20 0.360267 0.493333 0.025516 0.32
0 0.388214 0.5 0.025516 0.333333
2 0.422843 0.5 0.026731 0.333333
0 0.45079 0.493333 0.024301 0.32
19 0.489672 0.493333 0.036452 0.32
25 0.523694 0.493333 0.026731 0.32
0 0.552248 0.493333 0.025516 0.32
9 0.589915 0.4 0.032807 0.666667
24 0.614824 0.493333 0.012151 0.32
7 0.63548 0.493333 0.024301 0.32
10 0.667679 0.493333 0.023086 0.32
3 0.694411 0.493333 0.025516 0.32
0 0.721142 0.493333 0.023086 0.32
20 0.755772 0.513333 0.029162 0.36
0 0.783718 0.493333 0.021871 0.32
10 0.813487 0.493333 0.020656 0.32
1 0.842649 0.493333 0.032807 0.32
3 0.880316 0.493333 0.025516 0.32
1 0.9113 0.493333 0.031592 0.32
5 0.95322 0.493333 0.035237 0.32
7 0.982382 0.493333 0.018226 0.32
