5 0.024683 0.52 0.049365 0.373333
7 0.061354 0.493333 0.018336 0.32
9 0.093794 0.373333 0.040903 0.613333
17 0.133286 0.506667 0.018336 0.346667
2 0.164316 0.493333 0.038082 0.32
4 0.206629 0.493333 0.040903 0.32
9 0.246827 0.393333 0.03385 0.653333
0 0.289845 0.493333 0.03244 0.32
25 0.32299 0.493333 0.028209 0.32
12 0.356841 0.573333 0.019746 0.693333
24 0.376587 0.493333 0.014104 0.32
9 0.404795 0.393333 0.036671 0.653333
25 0.440056 0.493333 0.028209 0.32
16 0.48237 0.613333 0.036671 0.613333
3 0.514104 0.493333 0.021157 0.32
6 0.540197 0.493333 0.025388 0.32
25 0.576869 0.493333 0.042313 0.32
17 0.614951 0.493333 0.028209 0.32
25 0.654443 0.493333 0.03103 0.32
7 0.684767 0.52 0.023977 0.373333
25 0.722144 0.493333 0.03103 0.32
13 0.750353 0.493333 0.019746 0.32
2 0.777151 0.5 0.028209 0.333333
9 0.819464 0.36 0.036671 0.64
0 0.857546 0.493333 0.03385 0.32
24 0.882934 0.493333 0.011283 0.32
25 0.908322 0.493333 0.03385 0.32
13 0.93653 0.493333 0.016925 0.32
2 0.96897 0.52 0.042313 0.373333
