9 0.027944 0.373333 0.055888 0.613333
1 0.086826 0.493333 0.053892 0.32
24 0.127745 0.493333 0.01996 0.32
25 0.162675 0.493333 0.041916 0.32
7 0.200599 0.493333 0.025948 0.32
0 0.246507 0.493333 0.037924 0.32
25 0.299401 0.493333 0.05988 0.32
13 0.350299 0.493333 0.033932 0.32
5 0.397206 0.493333 0.051896 0.32
9 0.454092 0.4 0.053892 0.666667
5 0.517964 0.506667 0.045908 0.346667
9 0.570858 0.373333 0.051896 0.613333
10 0.628743 0.5 0.035928 0.333333
24 0.660679 0.526667 0.01996 0.386667
25 0.698603 0.493333 0.047904 0.32
3 0.745509 0.493333 0.037924 0.32
24 0.776447 0.493333 0.015968 0.32
1 0.820359 0.493333 0.063872 0.32
1 0.891218 0.506667 0.0499 0.346667
3 0.941118 0.493333 0.041916 0.32
24 0.976048 0.5 0.01996 0.333333
