5 0.026412 0.493333 0.052823 0.32
9 0.081056 0.38 0.04918 0.626667
7 0.12204 0.493333 0.025501 0.32
9 0.157559 0.353333 0.038251 0.68
9 0.208561 0.38 0.056466 0.626667
0 0.262295 0.493333 0.043716 0.32
2 0.316029 0.513333 0.038251 0.36
17 0.355191 0.493333 0.032787 0.32
17 0.403461 0.493333 0.038251 0.32
6 0.446266 0.493333 0.040073 0.32
0 0.489071 0.493333 0.038251 0.32
3 0.533698 0.493333 0.025501 0.32
1 0.569217 0.493333 0.038251 0.32
9 0.611111 0.373333 0.038251 0.613333
7 0.64663 0.5 0.025501 0.333333
25 0.691257 0.493333 0.038251 0.32
5 0.736794 0.493333 0.045537 0.32
9 0.78051 0.38 0.034608 0.626667
0 0.814208 0.513333 0.025501 0.36
5 0.857013 0.493333 0.034608 0.32
17 0.891621 0.493333 0.027322 0.32
11 0.92623 0.493333 0.034608 0.32
0 0.967213 0.506667 0.040073 0.346667
