12 0.011876 0.613333 0.023753 0.613333
24 0.045131 0.493333 0.033254 0.32
5 0.104513 0.506667 0.07601 0.346667
16 0.18171 0.613333 0.068884 0.613333
2 0.249406 0.493333 0.057007 0.32
5 0.321853 0.493333 0.054632 0.32
0 0.387173 0.493333 0.066508 0.32
11 0.448931 0.493333 0.047506 0.32
21 0.508314 0.506667 0.061758 0.346667
9 0.583135 0.393333 0.054632 0.653333
1 0.638955 0.493333 0.047506 0.32
10 0.698337 0.493333 0.038005 0.32
0 0.744656 0.52 0.045131 0.373333
9 0.801663 0.38 0.059382 0.626667
0 0.85867 0.493333 0.045131 0.32
25 0.914489 0.493333 0.057007 0.32
3 0.965558 0.493333 0.035629 0.32
