19 0.042818 0.493333 0.085635 0.32
14 0.110497 0.493333 0.038674 0.32
13 0.154696 0.493333 0.038674 0.32
15 0.223757 0.58 0.088398 0.68
0 0.301105 0.493333 0.055249 0.32
9 0.364641 0.36 0.060773 0.64
10 0.437845 0.493333 0.046961 0.32
24 0.480663 0.493333 0.027624 0.32
19 0.551105 0.493333 0.10221 0.32
13 0.628453 0.493333 0.041436 0.32
0 0.685083 0.5 0.060773 0.333333
10 0.76105 0.493333 0.052486 0.32
19 0.83011 0.493333 0.074586 0.32
9 0.901934 0.38 0.058011 0.626667
1 0.958564 0.493333 0.044199 0.32
