24 0.009386 0.493333 0.018771 0.32
9 0.049488 0.36 0.054608 0.666667
25 0.109215 0.506667 0.040956 0.346667
5 0.150171 0.493333 0.03413 0.32
5 0.187713 0.493333 0.03413 0.32
7 0.22099 0.493333 0.025597 0.32
9 0.273891 0.366667 0.056314 0.626667
2 0.328498 0.493333 0.046075 0.32
5 0.377133 0.493333 0.044369 0.32
24 0.411263 0.493333 0.017065 0.32
13 0.436007 0.493333 0.025597 0.32
1 0.472696 0.493333 0.040956 0.32
20 0.521331 0.493333 0.032423 0.32
0 0.56058 0.513333 0.039249 0.36
25 0.604096 0.493333 0.040956 0.32
3 0.644198 0.5 0.032423 0.333333
9 0.696246 0.38 0.047782 0.626667
1 0.740614 0.493333 0.03413 0.32
25 0.78157 0.493333 0.040956 0.32
13 0.819113 0.493333 0.027304 0.32
2 0.853242 0.513333 0.03413 0.36
1 0.90273 0.493333 0.040956 0.32
24 0.935154 0.493333 0.017065 0.32
17 0.967577 0.493333 0.040956 0.32
