25 0.022059 0.493333 0.044118 0.32
9 0.07563 0.36 0.054622 0.666667
16 0.154412 0.613333 0.073529 0.613333
5 0.22584 0.513333 0.039916 0.36
1 0.277311 0.5 0.054622 0.333333
2 0.329832 0.52 0.042017 0.373333
17 0.372899 0.493333 0.035714 0.32
0 0.411765 0.493333 0.033613 0.32
21 0.471639 0.493333 0.056723 0.32
2 0.527311 0.526667 0.046218 0.386667
19 0.581933 0.493333 0.054622 0.32
0 0.647059 0.513333 0.046218 0.36
3 0.69958 0.493333 0.05042 0.32
12 0.755252 0.613333 0.031513 0.613333
3 0.795168 0.493333 0.039916 0.32
3 0.843487 0.493333 0.027311 0.32
6 0.878151 0.5 0.033613 0.333333
25 0.920168 0.493333 0.042017 0.32
5 0.965336 0.506667 0.039916 0.346667
