2 0.022947 0.493333 0.045894 0.32
0 0.076087 0.493333 0.050725 0.32
7 0.124396 0.493333 0.036232 0.32
20 0.188406 0.493333 0.057971 0.32
1 0.247585 0.493333 0.050725 0.32
20 0.31401 0.493333 0.048309 0.32
11 0.365942 0.493333 0.045894 0.32
7 0.408213 0.493333 0.028986 0.32
6 0.452899 0.493333 0.050725 0.32
24 0.495169 0.493333 0.024155 0.32
24 0.535024 0.493333 0.021739 0.32
9 0.584541 0.366667 0.067633 0.653333
25 0.652174 0.52 0.057971 0.373333
11 0.71256 0.493333 0.05314 0.32
0 0.770531 0.493333 0.05314 0.32
10 0.830918 0.493333 0.033816 0.32
25 0.878019 0.493333 0.050725 0.32
13 0.923913 0.5 0.031401 0.333333
14 0.963768 0.493333 0.038647 0.32
