9 0.034063 0.373333 0.068127 0.613333
24 0.085158 0.513333 0.024331 0.36
7 0.125304 0.493333 0.046229 0.32
25 0.190998 0.493333 0.051095 0.32
3 0.240876 0.493333 0.038929 0.32
0 0.293187 0.52 0.055961 0.373333
24 0.339416 0.493333 0.026764 0.32
9 0.389294 0.373333 0.06326 0.613333
24 0.440389 0.493333 0.029197 0.32
25 0.501217 0.493333 0.058394 0.32
7 0.551095 0.493333 0.03163 0.32
9 0.605839 0.373333 0.043796 0.613333
0 0.650852 0.493333 0.036496 0.32
10 0.709246 0.5 0.046229 0.333333
6 0.76399 0.493333 0.053528 0.32
1 0.833333 0.493333 0.051095 0.32
17 0.889294 0.493333 0.051095 0.32
20 0.951338 0.493333 0.06326 0.32
