19 0.017491 0.493333 0.034982 0.32
2 0.051267 0.526667 0.027744 0.386667
9 0.08263 0.38 0.030157 0.626667
19 0.12304 0.5 0.033776 0.333333
25 0.155006 0.493333 0.025332 0.32
0 0.179131 0.493333 0.018094 0.32
0 0.211098 0.493333 0.028951 0.32
9 0.244873 0.38 0.033776 0.626667
17 0.280458 0.493333 0.020507 0.32
6 0.30579 0.52 0.025332 0.373333
2 0.335947 0.493333 0.030157 0.32
25 0.366104 0.493333 0.025332 0.32
24 0.387214 0.493333 0.012063 0.32
17 0.413148 0.493333 0.022919 0.32
2 0.442702 0.506667 0.031363 0.346667
3 0.470446 0.493333 0.0193 0.32
25 0.495778 0.526667 0.026538 0.386667
0 0.529554 0.493333 0.024125 0.32
2 0.560917 0.493333 0.033776 0.32
5 0.591074 0.493333 0.021713 0.32
0 0.617612 0.493333 0.026538 0.32
9 0.648372 0.38 0.030157 0.626667
0 0.686369 0.493333 0.028951 0.32
24 0.709891 0.493333 0.013269 0.32
2 0.728589 0.493333 0.0193 0.32
20 0.757539 0.493333 0.033776 0.32
9 0.797346 0.38 0.028951 0.626667
1 0.82509 0.493333 0.021713 0.32
5 0.857057 0.493333 0.025332 0.32
26 0.87696 0.493333 0.00965 0.32
5 0.898673 0.5 0.028951 0.333333
10 0.935464 0.493333 0.027744 0.32
19 0.971653 0.506667 0.039807 0.346667
