12 0.011754 0.613333 0.023508 0.64
7 0.038879 0.493333 0.023508 0.32
9 0.081374 0.38 0.05425 0.626667
24 0.122061 0.493333 0.019892 0.32
1 0.157324 0.493333 0.0434 0.32
24 0.195298 0.493333 0.025316 0.32
9 0.244123 0.38 0.047016 0.626667
24 0.278481 0.493333 0.014467 0.32
2 0.311031 0.506667 0.0434 0.346667
26 0.347197 0.493333 0.0217 0.32
11 0.37613 0.493333 0.028933 0.32
17 0.417722 0.493333 0.028933 0.32
2 0.461121 0.513333 0.050633 0.36
3 0.508137 0.493333 0.036166 0.32
11 0.545208 0.493333 0.030741 0.32
7 0.578662 0.493333 0.028933 0.32
6 0.622061 0.5 0.03255 0.333333
24 0.652803 0.493333 0.0217 0.32
7 0.680832 0.493333 0.027125 0.32
17 0.720615 0.493333 0.045208 0.32
19 0.776673 0.493333 0.059675 0.32
0 0.826401 0.506667 0.03255 0.346667
0 0.881555 0.493333 0.052441 0.32
24 0.91953 0.493333 0.016275 0.32
9 0.959313 0.373333 0.056058 0.64
