9 0.023109 0.373333 0.046218 0.613333
0 0.073529 0.493333 0.046218 0.32
17 0.133403 0.493333 0.044118 0.32
19 0.183824 0.493333 0.048319 0.32
0 0.241597 0.52 0.058824 0.373333
0 0.306723 0.493333 0.042017 0.32
3 0.352941 0.493333 0.042017 0.32
6 0.401261 0.493333 0.046218 0.32
9 0.447479 0.353333 0.037815 0.68
19 0.509454 0.493333 0.056723 0.32
24 0.551471 0.493333 0.018908 0.32
13 0.586134 0.5 0.042017 0.333333
0 0.633403 0.493333 0.044118 0.32
20 0.685924 0.493333 0.031513 0.32
0 0.730042 0.493333 0.048319 0.32
24 0.771008 0.493333 0.02521 0.32
9 0.820378 0.38 0.044118 0.626667
0 0.869748 0.493333 0.046218 0.32
3 0.92437 0.513333 0.033613 0.36
6 0.965336 0.5 0.039916 0.333333
