10 0.022173 0.493333 0.044346 0.32
24 0.059867 0.493333 0.022173 0.32
25 0.108647 0.5 0.066519 0.333333
9 0.181818 0.38 0.04878 0.626667
7 0.225055 0.493333 0.028825 0.32
17 0.27051 0.493333 0.053215 0.32
24 0.322616 0.493333 0.042129 0.32
0 0.36918 0.493333 0.042129 0.32
2 0.415743 0.493333 0.042129 0.32
9 0.472284 0.373333 0.039911 0.64
1 0.532151 0.493333 0.070953 0.32
17 0.614191 0.493333 0.062084 0.32
24 0.662971 0.486667 0.026608 0.306667
7 0.700665 0.493333 0.035477 0.32
1 0.751663 0.493333 0.05765 0.32
2 0.822616 0.506667 0.053215 0.346667
17 0.880266 0.493333 0.053215 0.32
16 0.947894 0.613333 0.073171 0.613333
