9 0.023707 0.373333 0.047414 0.666667
0 0.068966 0.493333 0.034483 0.32
9 0.128233 0.38 0.053879 0.626667
26 0.167026 0.493333 0.015086 0.32
0 0.205819 0.493333 0.053879 0.32
21 0.270474 0.493333 0.045259 0.32
14 0.314655 0.493333 0.034483 0.32
19 0.363147 0.506667 0.053879 0.346667
11 0.41056 0.493333 0.032328 0.32
3 0.455819 0.493333 0.028017 0.32
1 0.506466 0.493333 0.064655 0.32
17 0.573276 0.493333 0.038793 0.32
5 0.62069 0.493333 0.047414 0.32
9 0.692888 0.38 0.06681 0.626667
1 0.761853 0.493333 0.0625 0.32
24 0.807112 0.493333 0.019397 0.32
17 0.83944 0.493333 0.036638 0.32
19 0.898707 0.493333 0.073276 0.32
1 0.962284 0.493333 0.045259 0.32
