3 0.01986 0.493333 0.03972 0.32
2 0.07243 0.493333 0.056075 0.32
20 0.127336 0.5 0.044393 0.333333
0 0.178738 0.493333 0.049065 0.32
8 0.257009 0.606667 0.074766 0.626667
9 0.323598 0.353333 0.049065 0.68
25 0.390187 0.493333 0.051402 0.32
19 0.459112 0.493333 0.077103 0.32
13 0.524533 0.493333 0.044393 0.32
0 0.581776 0.513333 0.060748 0.36
3 0.649533 0.493333 0.042056 0.32
1 0.703271 0.493333 0.056075 0.32
17 0.767523 0.493333 0.03972 0.32
19 0.818925 0.493333 0.053738 0.32
24 0.875 0.493333 0.025701 0.32
9 0.938084 0.373333 0.091121 0.64
