5 0.026379 0.493333 0.052758 0.32
20 0.080336 0.5 0.045564 0.333333
19 0.139089 0.493333 0.06235 0.32
9 0.208633 0.373333 0.043165 0.613333
0 0.261391 0.493333 0.052758 0.32
25 0.329736 0.493333 0.05036 0.32
7 0.377698 0.493333 0.035971 0.32
25 0.448441 0.493333 0.071942 0.32
3 0.51199 0.493333 0.045564 0.32
9 0.570743 0.373333 0.06235 0.613333
24 0.631894 0.493333 0.026379 0.32
11 0.667866 0.493333 0.035971 0.32
24 0.702638 0.493333 0.023981 0.32
9 0.758993 0.366667 0.079137 0.626667
19 0.845324 0.493333 0.083933 0.32
12 0.920863 0.62 0.033573 0.653333
11 0.96283 0.493333 0.040767 0.32
