25 0.013462 0.493333 0.026923 0.32
24 0.035256 0.493333 0.011538 0.32
9 0.062821 0.36 0.038462 0.64
25 0.105128 0.493333 0.028205 0.32
7 0.130769 0.493333 0.017949 0.32
9 0.177564 0.38 0.057692 0.626667
0 0.222436 0.493333 0.026923 0.32
0 0.251282 0.493333 0.025641 0.32
9 0.290385 0.373333 0.047436 0.613333
14 0.328205 0.493333 0.023077 0.32
0 0.361538 0.526667 0.025641 0.386667
9 0.391026 0.36 0.028205 0.64
2 0.422436 0.493333 0.029487 0.32
17 0.457051 0.493333 0.034615 0.32
1 0.495513 0.5 0.037179 0.333333
9 0.533333 0.38 0.033333 0.626667
0 0.572436 0.493333 0.026923 0.32
9 0.616667 0.38 0.05641 0.626667
25 0.667949 0.493333 0.028205 0.32
11 0.698718 0.493333 0.028205 0.32
0 0.736538 0.493333 0.029487 0.32
13 0.763462 0.493333 0.019231 0.32
5 0.794231 0.493333 0.037179 0.32
9 0.844231 0.38 0.044872 0.626667
0 0.880769 0.493333 0.023077 0.32
10 0.907051 0.506667 0.024359 0.346667
19 0.938462 0.5 0.033333 0.333333
0 0.974359 0.493333 0.033333 0.32
