5 0.025199 0.5 0.050398 0.333333
11 0.079576 0.493333 0.047745 0.32
2 0.144562 0.506667 0.071618 0.346667
10 0.225464 0.506667 0.05305 0.346667
19 0.298408 0.493333 0.082228 0.32
12 0.364721 0.606667 0.039788 0.626667
24 0.399204 0.493333 0.018568 0.32
17 0.445623 0.493333 0.06366 0.32
12 0.514589 0.606667 0.037135 0.626667
3 0.572944 0.493333 0.068966 0.32
5 0.644562 0.493333 0.06366 0.32
9 0.714854 0.366667 0.066313 0.626667
2 0.795756 0.493333 0.058355 0.32
19 0.871353 0.493333 0.082228 0.32
25 0.949602 0.493333 0.06366 0.32
