3 0.022152 0.493333 0.044304 0.32
4 0.072785 0.493333 0.048523 0.32
13 0.116034 0.493333 0.029536 0.32
9 0.167722 0.386667 0.065401 0.64
7 0.218354 0.493333 0.027426 0.32
12 0.260549 0.606667 0.027426 0.626667
11 0.294304 0.493333 0.031646 0.32
3 0.348101 0.513333 0.046414 0.36
11 0.400844 0.493333 0.050633 0.32
1 0.453586 0.493333 0.046414 0.32
24 0.492616 0.493333 0.023207 0.32
5 0.53692 0.506667 0.035865 0.346667
26 0.566456 0.52 0.014768 0.373333
5 0.603376 0.493333 0.050633 0.32
25 0.656118 0.493333 0.046414 0.32
3 0.71519 0.5 0.063291 0.333333
10 0.783755 0.493333 0.044304 0.32
7 0.82384 0.493333 0.027426 0.32
10 0.855485 0.493333 0.027426 0.32
1 0.89557 0.493333 0.044304 0.32
3 0.934599 0.493333 0.025316 0.32
1 0.968354 0.493333 0.033755 0.32
