5 0.012633 0.513333 0.025266 0.36
24 0.031915 0.526667 0.007979 0.386667
5 0.066489 0.506667 0.055851 0.32
0 0.111702 0.493333 0.029255 0.32
24 0.134973 0.493333 0.011968 0.32
24 0.15625 0.493333 0.011968 0.32
9 0.183511 0.373333 0.037234 0.613333
25 0.220745 0.493333 0.031915 0.32
13 0.24734 0.493333 0.015957 0.32
2 0.27859 0.493333 0.041223 0.32
15 0.326463 0.606667 0.035904 0.626667
0 0.363697 0.493333 0.033245 0.32
2 0.398936 0.493333 0.031915 0.32
5 0.430186 0.5 0.025266 0.333333
5 0.458777 0.493333 0.026596 0.32
25 0.496011 0.493333 0.029255 0.32
3 0.525931 0.493333 0.025266 0.32
5 0.557181 0.5 0.031915 0.333333
7 0.586436 0.493333 0.021277 0.32
2 0.614362 0.493333 0.029255 0.32
9 0.649601 0.4 0.035904 0.666667
3 0.688165 0.493333 0.022606 0.32
6 0.714761 0.493333 0.025266 0.32
0 0.743351 0.493333 0.026596 0.32
11 0.769282 0.493333 0.019947 0.32
10 0.800532 0.493333 0.023936 0.32
19 0.833112 0.513333 0.035904 0.36
9 0.878989 0.38 0.037234 0.626667
0 0.916223 0.493333 0.031915 0.32
9 0.951463 0.373333 0.033245 0.613333
7 0.980718 0.493333 0.019947 0.32
