5 0.015586 0.493333 0.031172 0.32
9 0.055486 0.38 0.043641 0.626667
17 0.088529 0.493333 0.017456 0.32
25 0.112219 0.493333 0.024938 0.32
26 0.131546 0.493333 0.008728 0.32
6 0.150249 0.493333 0.023691 0.32
20 0.182668 0.493333 0.023691 0.32
2 0.215711 0.493333 0.037406 0.32
5 0.257481 0.493333 0.028678 0.32
24 0.280549 0.493333 0.012469 0.32
0 0.304239 0.493333 0.029925 0.32
24 0.328554 0.493333 0.013716 0.32
9 0.350998 0.38 0.026185 0.626667
10 0.380923 0.493333 0.016209 0.32
1 0.408354 0.493333 0.033666 0.32
9 0.441397 0.373333 0.027431 0.613333
0 0.469451 0.493333 0.023691 0.32
5 0.503117 0.493333 0.026185 0.32
7 0.528055 0.493333 0.018703 0.32
3 0.552993 0.493333 0.026185 0.32
25 0.583541 0.52 0.029925 0.373333
2 0.624688 0.533333 0.047382 0.4
25 0.6702 0.493333 0.026185 0.32
9 0.703865 0.366667 0.03616 0.626667
21 0.737531 0.493333 0.026185 0.32
14 0.763092 0.52 0.01995 0.4
19 0.794888 0.493333 0.038653 0.32
11 0.826683 0.506667 0.01995 0.346667
0 0.861596 0.493333 0.032419 0.32
9 0.897756 0.38 0.034913 0.626667
10 0.933915 0.493333 0.01995 0.32
3 0.954489 0.493333 0.016209 0.32
2 0.97818 0.493333 0.026185 0.32
