25 0.018851 0.493333 0.037702 0.32
7 0.054758 0.493333 0.02693 0.32
9 0.095153 0.373333 0.046679 0.613333
24 0.131059 0.493333 0.017953 0.32
7 0.16158 0.493333 0.035907 0.32
9 0.204668 0.373333 0.043088 0.613333
16 0.268402 0.613333 0.059246 0.613333
3 0.313285 0.493333 0.023339 0.32
24 0.344704 0.493333 0.014363 0.32
9 0.385996 0.373333 0.061041 0.613333
5 0.449731 0.493333 0.041293 0.32
26 0.481149 0.493333 0.014363 0.32
5 0.508977 0.493333 0.034111 0.32
9 0.556553 0.373333 0.035907 0.613333
0 0.598743 0.493333 0.041293 0.32
5 0.655296 0.493333 0.046679 0.32
7 0.693896 0.493333 0.023339 0.32
0 0.739677 0.493333 0.043088 0.32
9 0.795332 0.386667 0.061041 0.64
24 0.839318 0.493333 0.019749 0.32
0 0.885099 0.493333 0.046679 0.32
24 0.917415 0.526667 0.010772 0.386667
9 0.94614 0.373333 0.039497 0.613333
24 0.978456 0.493333 0.017953 0.32
