10 0.012058 0.493333 0.024116 0.32
1 0.038585 0.493333 0.022508 0.32
9 0.08119 0.346667 0.040193 0.666667
0 0.123794 0.493333 0.038585 0.32
3 0.168006 0.493333 0.027331 0.32
19 0.196945 0.493333 0.024116 0.32
10 0.236334 0.493333 0.032154 0.32
25 0.279743 0.493333 0.048232 0.32
0 0.322347 0.493333 0.030547 0.32
2 0.360129 0.493333 0.038585 0.32
10 0.40836 0.5 0.03537 0.333333
2 0.441318 0.493333 0.024116 0.32
9 0.478296 0.4 0.043408 0.666667
7 0.516077 0.493333 0.025723 0.32
5 0.549035 0.493333 0.033762 0.32
12 0.589228 0.606667 0.024116 0.626667
14 0.616559 0.493333 0.024116 0.32
25 0.659164 0.493333 0.038585 0.32
3 0.696141 0.493333 0.028939 0.32
9 0.747588 0.38 0.051447 0.626667
24 0.783762 0.493333 0.014469 0.32
7 0.804662 0.493333 0.0209 0.32
24 0.839228 0.493333 0.025723 0.32
2 0.870579 0.52 0.030547 0.373333
5 0.905145 0.506667 0.032154 0.346667
2 0.942122 0.493333 0.03537 0.32
24 0.975884 0.493333 0.025723 0.32
