5 0.029545 0.493333 0.059091 0.32
1 0.0875 0.493333 0.047727 0.32
3 0.1375 0.493333 0.043182 0.32
3 0.203409 0.493333 0.056818 0.32
6 0.269318 0.493333 0.065909 0.32
3 0.346591 0.493333 0.056818 0.32
1 0.413636 0.493333 0.068182 0.32
20 0.489773 0.493333 0.052273 0.32
9 0.538636 0.373333 0.036364 0.613333
7 0.575 0.493333 0.027273 0.32
9 0.635227 0.373333 0.084091 0.613333
17 0.7125 0.493333 0.038636 0.32
11 0.752273 0.493333 0.031818 0.32
0 0.802273 0.493333 0.059091 0.32
3 0.855682 0.493333 0.038636 0.32
25 0.902273 0.493333 0.045455 0.32
2 0.956818 0.493333 0.054545 0.32
