5 0.01361 0.513333 0.027221 0.36
9 0.049427 0.373333 0.038682 0.613333
0 0.08596 0.493333 0.028653 0.32
20 0.11533 0.493333 0.024355 0.32
0 0.146132 0.513333 0.031519 0.36
5 0.187679 0.493333 0.031519 0.32
25 0.221347 0.493333 0.030086 0.32
5 0.253582 0.493333 0.028653 0.32
0 0.283668 0.493333 0.025788 0.32
24 0.30659 0.493333 0.014327 0.32
9 0.345272 0.373333 0.04298 0.613333
7 0.381089 0.5 0.022923 0.333333
24 0.399713 0.526667 0.008596 0.386667
5 0.42192 0.506667 0.030086 0.346667
19 0.462034 0.493333 0.044413 0.32
1 0.502865 0.493333 0.031519 0.32
17 0.540831 0.493333 0.024355 0.32
2 0.57235 0.493333 0.032951 0.32
19 0.618195 0.493333 0.053009 0.32
25 0.662607 0.493333 0.030086 0.32
0 0.69341 0.493333 0.025788 0.32
25 0.731375 0.493333 0.030086 0.32
13 0.75788 0.493333 0.017192 0.32
2 0.781519 0.493333 0.024355 0.32
9 0.821633 0.38 0.035817 0.626667
7 0.851719 0.513333 0.018625 0.36
8 0.889685 0.613333 0.037249 0.586667
24 0.918338 0.493333 0.014327 0.32
20 0.946991 0.5 0.022923 0.333333
0 0.975645 0.506667 0.028653 0.346667
