5 0.014729 0.493333 0.029457 0.32
26 0.037984 0.52 0.010853 0.373333
9 0.073643 0.386667 0.03876 0.64
0 0.117054 0.493333 0.04186 0.32
0 0.16124 0.526667 0.024806 0.386667
25 0.2 0.5 0.046512 0.333333
7 0.237984 0.526667 0.023256 0.386667
3 0.273643 0.493333 0.026357 0.32
25 0.313178 0.493333 0.046512 0.32
3 0.35969 0.493333 0.024806 0.32
1 0.388372 0.493333 0.026357 0.32
9 0.431008 0.373333 0.037209 0.613333
24 0.45969 0.493333 0.013953 0.32
7 0.483721 0.506667 0.027907 0.346667
3 0.522481 0.493333 0.027907 0.32
2 0.55814 0.493333 0.037209 0.32
24 0.590698 0.493333 0.021705 0.32
0 0.620155 0.493333 0.031008 0.32
5 0.657364 0.5 0.037209 0.333333
0 0.703101 0.493333 0.032558 0.32
9 0.745736 0.373333 0.046512 0.613333
24 0.77907 0.493333 0.013953 0.32
25 0.806202 0.493333 0.034109 0.32
3 0.83876 0.493333 0.024806 0.32
9 0.888372 0.373333 0.052713 0.613333
7 0.927132 0.5 0.018605 0.333333
9 0.955814 0.38 0.032558 0.626667
24 0.982171 0.493333 0.013953 0.32
