24 0.006716 0.493333 0.013433 0.32
11 0.026119 0.493333 0.019403 0.32
1 0.056716 0.513333 0.035821 0.36
17 0.097761 0.493333 0.025373 0.32
19 0.136567 0.493333 0.046269 0.32
0 0.178358 0.493333 0.031343 0.32
16 0.222388 0.613333 0.035821 0.613333
17 0.259701 0.493333 0.032836 0.32
17 0.302985 0.493333 0.032836 0.32
2 0.335075 0.493333 0.025373 0.32
3 0.367164 0.513333 0.032836 0.36
5 0.40597 0.493333 0.038806 0.32
5 0.45 0.493333 0.028358 0.32
26 0.472388 0.493333 0.010448 0.32
25 0.496269 0.493333 0.031343 0.32
17 0.528358 0.493333 0.026866 0.32
14 0.556716 0.493333 0.023881 0.32
17 0.594776 0.493333 0.031343 0.32
2 0.629851 0.5 0.032836 0.333333
10 0.670149 0.506667 0.026866 0.346667
17 0.702985 0.493333 0.032836 0.32
9 0.743284 0.373333 0.041791 0.613333
1 0.78209 0.493333 0.029851 0.32
12 0.815672 0.613333 0.016418 0.613333
11 0.841791 0.493333 0.029851 0.32
20 0.870149 0.493333 0.020896 0.32
11 0.898507 0.493333 0.029851 0.32
0 0.935821 0.493333 0.038806 0.32
2 0.973881 0.493333 0.031343 0.32
