5 0.017691 0.506667 0.035382 0.346667
13 0.054935 0.493333 0.031657 0.32
6 0.094972 0.493333 0.040968 0.32
11 0.13594 0.493333 0.03352 0.32
5 0.179702 0.493333 0.046555 0.32
10 0.227188 0.493333 0.022346 0.32
0 0.26257 0.493333 0.040968 0.32
12 0.29702 0.606667 0.020484 0.626667
7 0.323091 0.493333 0.024209 0.32
4 0.371508 0.493333 0.046555 0.32
6 0.414339 0.526667 0.031657 0.386667
17 0.472998 0.506667 0.078212 0.32
19 0.540037 0.493333 0.048417 0.32
0 0.585661 0.52 0.035382 0.373333
3 0.629423 0.493333 0.026071 0.32
24 0.655493 0.493333 0.018622 0.32
1 0.685289 0.493333 0.03352 0.32
9 0.749534 0.38 0.068901 0.626667
0 0.806331 0.493333 0.037244 0.32
24 0.845438 0.5 0.014898 0.333333
2 0.873371 0.513333 0.03352 0.36
20 0.920857 0.493333 0.035382 0.32
0 0.964618 0.493333 0.044693 0.32
