5 0.017493 0.493333 0.034985 0.32
20 0.05102 0.493333 0.026239 0.32
9 0.08309 0.38 0.03207 0.626667
20 0.115889 0.5 0.027697 0.333333
9 0.158892 0.386667 0.037901 0.64
7 0.190233 0.493333 0.01895 0.32
25 0.225219 0.493333 0.030612 0.32
6 0.258746 0.493333 0.030612 0.32
24 0.284257 0.493333 0.014577 0.32
25 0.310496 0.526667 0.03207 0.386667
9 0.354956 0.38 0.05102 0.626667
1 0.40379 0.493333 0.040816 0.32
3 0.447522 0.493333 0.026239 0.32
25 0.479592 0.493333 0.03207 0.32
9 0.519679 0.36 0.042274 0.64
15 0.565598 0.606667 0.029155 0.626667
0 0.59621 0.52 0.026239 0.373333
6 0.626093 0.493333 0.027697 0.32
24 0.650875 0.5 0.016035 0.333333
17 0.674198 0.493333 0.024781 0.32
25 0.712099 0.493333 0.030612 0.32
13 0.742711 0.493333 0.024781 0.32
2 0.779155 0.493333 0.042274 0.32
24 0.811224 0.493333 0.016035 0.32
5 0.844023 0.506667 0.029155 0.346667
11 0.876093 0.493333 0.029155 0.32
16 0.914723 0.606667 0.042274 0.626667
24 0.945335 0.493333 0.01312 0.32
17 0.972303 0.513333 0.034985 0.36
