25 0.023504 0.526667 0.047009 0.386667
7 0.067308 0.52 0.032051 0.373333
5 0.11859 0.493333 0.061966 0.32
11 0.173077 0.493333 0.038462 0.32
19 0.231838 0.493333 0.049145 0.32
25 0.286325 0.52 0.051282 0.373333
0 0.338675 0.493333 0.044872 0.32
12 0.38141 0.613333 0.032051 0.613333
11 0.42094 0.493333 0.038462 0.32
24 0.46688 0.493333 0.023504 0.32
5 0.50641 0.493333 0.047009 0.32
25 0.556624 0.493333 0.044872 0.32
14 0.601496 0.486667 0.032051 0.306667
12 0.650641 0.613333 0.032051 0.613333
7 0.688034 0.493333 0.034188 0.32
9 0.736111 0.373333 0.053419 0.613333
1 0.801282 0.493333 0.068376 0.32
5 0.872863 0.506667 0.044872 0.346667
9 0.916667 0.393333 0.034188 0.653333
0 0.961538 0.493333 0.047009 0.32
