10 0.020794 0.506667 0.041588 0.346667
5 0.068053 0.5 0.045369 0.333333
9 0.122873 0.38 0.056711 0.626667
26 0.160681 0.52 0.011342 0.373333
17 0.189036 0.493333 0.037807 0.32
11 0.226843 0.493333 0.030246 0.32
25 0.275047 0.493333 0.039698 0.32
3 0.31758 0.493333 0.037807 0.32
10 0.364839 0.513333 0.030246 0.36
25 0.406427 0.493333 0.045369 0.32
11 0.44518 0.493333 0.024575 0.32
5 0.480151 0.493333 0.037807 0.32
10 0.517013 0.493333 0.028355 0.32
19 0.564272 0.5 0.058601 0.333333
20 0.624764 0.493333 0.035917 0.32
0 0.664461 0.493333 0.035917 0.32
24 0.695652 0.493333 0.018904 0.32
10 0.717391 0.493333 0.017013 0.32
24 0.741021 0.486667 0.022684 0.306667
11 0.773157 0.493333 0.030246 0.32
20 0.819471 0.493333 0.035917 0.32
0 0.867675 0.493333 0.05293 0.32
25 0.926276 0.493333 0.037807 0.32
3 0.967864 0.493333 0.037807 0.32
