25 0.018851 0.493333 0.037702 0.32
14 0.05386 0.493333 0.025135 0.32
5 0.086176 0.526667 0.032316 0.386667
25 0.132855 0.5 0.05386 0.333333
5 0.184022 0.52 0.041293 0.373333
13 0.223519 0.493333 0.030521 0.32
0 0.268402 0.52 0.034111 0.373333
24 0.298923 0.493333 0.019749 0.32
5 0.332136 0.493333 0.039497 0.32
0 0.38061 0.493333 0.032316 0.32
9 0.421903 0.373333 0.043088 0.613333
7 0.458707 0.513333 0.023339 0.36
24 0.483842 0.493333 0.019749 0.32
25 0.533214 0.493333 0.05386 0.32
17 0.583483 0.493333 0.039497 0.32
1 0.62298 0.493333 0.032316 0.32
10 0.657989 0.493333 0.030521 0.32
1 0.692998 0.506667 0.032316 0.346667
20 0.74237 0.493333 0.041293 0.32
14 0.782765 0.493333 0.032316 0.32
26 0.809695 0.493333 0.014363 0.32
25 0.856373 0.493333 0.05386 0.32
7 0.899461 0.493333 0.025135 0.32
3 0.929084 0.5 0.02693 0.333333
1 0.966786 0.493333 0.041293 0.32
