10 0.02 0.493333 0.04 0.32
9 0.069474 0.36 0.050526 0.64
19 0.127368 0.493333 0.056842 0.32
2 0.181053 0.493333 0.042105 0.32
25 0.238947 0.493333 0.044211 0.32
19 0.303158 0.493333 0.075789 0.32
13 0.362105 0.493333 0.033684 0.32
0 0.402105 0.493333 0.037895 0.32
16 0.461053 0.606667 0.050526 0.626667
24 0.502105 0.493333 0.023158 0.32
6 0.534737 0.493333 0.033684 0.32
25 0.577895 0.493333 0.044211 0.32
3 0.625263 0.493333 0.042105 0.32
7 0.667368 0.493333 0.033684 0.32
5 0.726316 0.513333 0.054737 0.36
11 0.775789 0.493333 0.035789 0.32
2 0.82 0.493333 0.044211 0.32
24 0.855789 0.493333 0.018947 0.32
9 0.908421 0.373333 0.056842 0.613333
0 0.963158 0.513333 0.044211 0.36
