25 0.025918 0.52 0.051836 0.373333
9 0.076674 0.38 0.041037 0.626667
12 0.13067 0.613333 0.036717 0.613333
3 0.176026 0.493333 0.045356 0.32
8 0.24514 0.62 0.084233 0.626667
25 0.314255 0.493333 0.045356 0.32
0 0.360691 0.493333 0.038877 0.32
10 0.415767 0.493333 0.041037 0.32
24 0.451404 0.493333 0.021598 0.32
25 0.492441 0.493333 0.051836 0.32
5 0.543197 0.493333 0.041037 0.32
17 0.597192 0.526667 0.036717 0.386667
19 0.647948 0.5 0.056156 0.333333
0 0.704104 0.52 0.047516 0.373333
11 0.74838 0.493333 0.032397 0.32
5 0.807775 0.493333 0.056156 0.32
7 0.856371 0.493333 0.032397 0.32
11 0.895248 0.526667 0.036717 0.386667
19 0.951404 0.493333 0.066955 0.32
