20 0.021978 0.5 0.043956 0.333333
0 0.072802 0.493333 0.046703 0.32
3 0.125 0.5 0.046703 0.333333
6 0.179945 0.493333 0.052198 0.32
0 0.23489 0.5 0.046703 0.333333
9 0.311813 0.38 0.068681 0.626667
24 0.362637 0.493333 0.021978 0.32
7 0.395604 0.493333 0.032967 0.32
24 0.432692 0.493333 0.03022 0.32
8 0.498626 0.586667 0.063187 0.666667
9 0.572802 0.366667 0.074176 0.626667
25 0.644231 0.493333 0.057692 0.32
19 0.721154 0.493333 0.085165 0.32
14 0.787088 0.493333 0.035714 0.32
13 0.831044 0.493333 0.041209 0.32
24 0.884615 0.506667 0.027473 0.346667
16 0.942308 0.613333 0.076923 0.613333
