9 0.021656 0.373333 0.043312 0.613333
1 0.061146 0.493333 0.030573 0.32
9 0.092357 0.373333 0.026752 0.613333
1 0.126115 0.493333 0.035669 0.32
9 0.16879 0.38 0.031847 0.626667
24 0.19172 0.493333 0.008917 0.32
7 0.207006 0.493333 0.016561 0.32
20 0.236306 0.493333 0.024204 0.32
2 0.263057 0.493333 0.024204 0.32
19 0.298726 0.506667 0.042038 0.32
5 0.334395 0.526667 0.024204 0.386667
3 0.366242 0.493333 0.021656 0.32
6 0.389809 0.493333 0.020382 0.32
25 0.428025 0.5 0.038217 0.333333
9 0.461783 0.38 0.024204 0.626667
9 0.506369 0.38 0.047134 0.626667
24 0.53758 0.493333 0.010191 0.32
7 0.553503 0.493333 0.016561 0.32
9 0.585987 0.373333 0.043312 0.613333
1 0.628662 0.493333 0.024204 0.32
2 0.659873 0.506667 0.033121 0.346667
19 0.7 0.493333 0.042038 0.32
9 0.746497 0.373333 0.033121 0.613333
0 0.778981 0.493333 0.026752 0.32
0 0.812739 0.52 0.02293 0.373333
24 0.833758 0.493333 0.014013 0.32
5 0.856051 0.493333 0.025478 0.32
7 0.888535 0.493333 0.021656 0.32
7 0.912739 0.513333 0.021656 0.36
9 0.940127 0.373333 0.028025 0.613333
24 0.963057 0.493333 0.012739 0.32
7 0.981529 0.493333 0.019108 0.32
