9 0.018657 0.373333 0.037313 0.613333
24 0.045398 0.493333 0.011194 0.32
7 0.060945 0.493333 0.014925 0.32
5 0.084577 0.493333 0.027363 0.32
25 0.120647 0.493333 0.027363 0.32
7 0.149254 0.493333 0.024876 0.32
25 0.177239 0.493333 0.026119 0.32
14 0.203358 0.493333 0.021144 0.32
7 0.230721 0.493333 0.028607 0.32
20 0.266169 0.493333 0.024876 0.32
1 0.29602 0.493333 0.029851 0.32
2 0.325249 0.493333 0.023632 0.32
25 0.358209 0.493333 0.024876 0.32
3 0.385572 0.493333 0.024876 0.32
9 0.424751 0.373333 0.03607 0.613333
0 0.458955 0.493333 0.027363 0.32
0 0.492537 0.493333 0.022388 0.32
24 0.512438 0.526667 0.012438 0.386667
9 0.53607 0.373333 0.029851 0.613333
24 0.562189 0.493333 0.017413 0.32
25 0.594527 0.506667 0.029851 0.346667
7 0.626866 0.526667 0.029851 0.386667
25 0.659204 0.506667 0.029851 0.346667
3 0.691542 0.493333 0.029851 0.32
5 0.7301 0.5 0.029851 0.333333
20 0.75995 0.52 0.024876 0.373333
17 0.788557 0.493333 0.027363 0.32
6 0.818408 0.493333 0.027363 0.32
2 0.848881 0.493333 0.028607 0.32
24 0.878109 0.493333 0.012438 0.32
25 0.900498 0.493333 0.027363 0.32
9 0.938433 0.38 0.043532 0.626667
1 0.97699 0.493333 0.028607 0.32
