2 0.016509 0.493333 0.033019 0.32
9 0.059748 0.32 0.04717 0.506667
17 0.101415 0.493333 0.02673 0.32
25 0.141509 0.493333 0.04717 0.32
1 0.191038 0.493333 0.045597 0.32
5 0.233491 0.493333 0.033019 0.32
20 0.275943 0.493333 0.029874 0.32
0 0.312893 0.493333 0.037736 0.32
3 0.355346 0.52 0.025157 0.373333
2 0.389937 0.506667 0.037736 0.346667
1 0.426887 0.493333 0.029874 0.32
20 0.463836 0.493333 0.037736 0.32
25 0.503145 0.526667 0.034591 0.386667
0 0.54717 0.493333 0.031447 0.32
9 0.585692 0.373333 0.039308 0.613333
14 0.622642 0.493333 0.028302 0.32
5 0.662736 0.5 0.029874 0.333333
20 0.696541 0.493333 0.031447 0.32
0 0.733491 0.513333 0.036164 0.36
9 0.78695 0.373333 0.048742 0.613333
0 0.825472 0.493333 0.022013 0.32
25 0.86478 0.493333 0.034591 0.32
19 0.910377 0.493333 0.050314 0.32
14 0.951258 0.493333 0.025157 0.32
13 0.977987 0.493333 0.022013 0.32
