26 0.006349 0.493333 0.012698 0.32
17 0.033333 0.493333 0.034921 0.32
2 0.073016 0.493333 0.038095 0.32
9 0.115873 0.38 0.04127 0.626667
1 0.161905 0.493333 0.044444 0.32
0 0.209524 0.493333 0.028571 0.32
9 0.246032 0.373333 0.038095 0.613333
25 0.285714 0.493333 0.034921 0.32
3 0.321429 0.493333 0.030159 0.32
5 0.362698 0.513333 0.030159 0.36
20 0.395238 0.493333 0.028571 0.32
1 0.428571 0.493333 0.031746 0.32
24 0.454762 0.493333 0.014286 0.32
10 0.48254 0.5 0.019048 0.333333
2 0.511111 0.493333 0.031746 0.32
12 0.538095 0.606667 0.015873 0.626667
25 0.568254 0.493333 0.038095 0.32
3 0.614286 0.5 0.047619 0.333333
25 0.65873 0.493333 0.034921 0.32
3 0.703968 0.493333 0.033333 0.32
1 0.740476 0.493333 0.033333 0.32
0 0.776984 0.493333 0.033333 0.32
9 0.806349 0.373333 0.019048 0.613333
24 0.828571 0.493333 0.019048 0.32
24 0.855556 0.493333 0.012698 0.32
9 0.884921 0.38 0.039683 0.626667
9 0.936508 0.38 0.04127 0.626667
0 0.974603 0.493333 0.028571 0.32
