10 0.017598 0.493333 0.035197 0.32
9 0.070393 0.373333 0.062112 0.613333
19 0.132505 0.493333 0.05383 0.32
2 0.193582 0.493333 0.060041 0.32
3 0.255694 0.493333 0.035197 0.32
6 0.301242 0.493333 0.047619 0.32
25 0.350932 0.493333 0.043478 0.32
5 0.405797 0.493333 0.057971 0.32
3 0.469979 0.493333 0.041408 0.32
1 0.519669 0.493333 0.049689 0.32
0 0.57764 0.52 0.037267 0.373333
25 0.625259 0.52 0.049689 0.373333
7 0.668737 0.493333 0.028986 0.32
9 0.717391 0.38 0.060041 0.626667
0 0.785714 0.513333 0.068323 0.36
2 0.846791 0.52 0.045549 0.373333
10 0.903727 0.52 0.039337 0.373333
1 0.956522 0.493333 0.057971 0.32
