20 0.012987 0.506667 0.025974 0.346667
0 0.047403 0.493333 0.037662 0.32
12 0.082468 0.613333 0.014286 0.613333
11 0.101299 0.493333 0.018182 0.32
19 0.138312 0.493333 0.037662 0.32
24 0.165584 0.493333 0.011688 0.32
9 0.19026 0.366667 0.032468 0.626667
19 0.230519 0.52 0.042857 0.373333
5 0.274675 0.493333 0.027273 0.32
9 0.308442 0.373333 0.035065 0.613333
4 0.344805 0.526667 0.019481 0.386667
6 0.368182 0.493333 0.022078 0.32
12 0.396753 0.593333 0.016883 0.653333
25 0.422078 0.493333 0.028571 0.32
3 0.45 0.493333 0.022078 0.32
0 0.481818 0.493333 0.036364 0.32
2 0.52013 0.493333 0.035065 0.32
5 0.562987 0.506667 0.032468 0.346667
7 0.59026 0.506667 0.016883 0.346667
11 0.612338 0.493333 0.022078 0.32
19 0.647403 0.506667 0.042857 0.32
0 0.690909 0.493333 0.025974 0.32
25 0.72013 0.493333 0.027273 0.32
5 0.748701 0.493333 0.024675 0.32
24 0.771429 0.493333 0.015584 0.32
5 0.803247 0.506667 0.02987 0.346667
19 0.841558 0.5 0.041558 0.333333
1 0.882468 0.493333 0.035065 0.32
11 0.914286 0.493333 0.023377 0.32
10 0.950649 0.493333 0.031169 0.32
1 0.97987 0.493333 0.022078 0.32
