12 0.013492 0.613333 0.026984 0.613333
24 0.039683 0.486667 0.019048 0.306667
17 0.065873 0.493333 0.02381 0.32
7 0.093651 0.493333 0.025397 0.32
26 0.115079 0.52 0.011111 0.373333
5 0.140476 0.493333 0.033333 0.32
1 0.184127 0.493333 0.031746 0.32
12 0.21746 0.613333 0.028571 0.613333
20 0.249206 0.493333 0.028571 0.32
20 0.284921 0.5 0.036508 0.333333
24 0.314286 0.493333 0.015873 0.32
9 0.361111 0.373333 0.055556 0.613333
24 0.400794 0.493333 0.01746 0.32
7 0.42619 0.52 0.026984 0.373333
0 0.465873 0.493333 0.030159 0.32
9 0.50873 0.373333 0.049206 0.613333
5 0.55 0.506667 0.026984 0.346667
2 0.585714 0.493333 0.038095 0.32
16 0.63254 0.613333 0.049206 0.613333
13 0.669841 0.493333 0.019048 0.32
25 0.707143 0.493333 0.033333 0.32
20 0.74127 0.493333 0.025397 0.32
9 0.780159 0.38 0.042857 0.626667
6 0.819048 0.493333 0.028571 0.32
25 0.852381 0.493333 0.031746 0.32
0 0.898413 0.5 0.038095 0.333333
25 0.938095 0.493333 0.034921 0.32
5 0.97381 0.493333 0.030159 0.32
