25 0.017118 0.493333 0.034237 0.32
7 0.056348 0.493333 0.038516 0.32
10 0.092011 0.493333 0.027104 0.32
4 0.126961 0.493333 0.03709 0.32
24 0.156205 0.493333 0.015692 0.32
17 0.187589 0.493333 0.027104 0.32
2 0.21826 0.506667 0.028531 0.346667
3 0.247504 0.493333 0.024251 0.32
12 0.279601 0.606667 0.019971 0.626667
11 0.302425 0.493333 0.019971 0.32
1 0.328103 0.493333 0.025678 0.32
4 0.360913 0.493333 0.034237 0.32
25 0.39515 0.493333 0.028531 0.32
24 0.426534 0.493333 0.014265 0.32
13 0.447218 0.506667 0.021398 0.346667
24 0.475749 0.493333 0.015692 0.32
14 0.49786 0.493333 0.022825 0.32
0 0.526391 0.493333 0.028531 0.32
2 0.564907 0.493333 0.042796 0.32
9 0.614836 0.38 0.03709 0.626667
0 0.651213 0.493333 0.029957 0.32
3 0.682596 0.493333 0.027104 0.32
6 0.71184 0.493333 0.025678 0.32
0 0.742511 0.493333 0.029957 0.32
9 0.781027 0.366667 0.027104 0.626667
24 0.804565 0.493333 0.014265 0.32
17 0.839515 0.493333 0.035663 0.32
19 0.879458 0.493333 0.038516 0.32
0 0.913695 0.506667 0.024251 0.346667
25 0.945792 0.493333 0.034237 0.32
7 0.977889 0.493333 0.024251 0.32
