9 0.013333 0.38 0.026667 0.626667
1 0.045455 0.493333 0.032727 0.32
1 0.078788 0.493333 0.029091 0.32
2 0.112727 0.513333 0.033939 0.36
19 0.149697 0.493333 0.035152 0.32
2 0.182424 0.493333 0.025455 0.32
25 0.21697 0.493333 0.026667 0.32
9 0.251515 0.373333 0.037576 0.64
24 0.281212 0.493333 0.01697 0.32
24 0.29697 0.493333 0.009697 0.32
5 0.322424 0.506667 0.024242 0.346667
7 0.344848 0.493333 0.015758 0.32
20 0.372727 0.493333 0.02303 0.32
2 0.404242 0.493333 0.035152 0.32
0 0.437576 0.52 0.026667 0.373333
24 0.46 0.493333 0.013333 0.32
9 0.486061 0.373333 0.033939 0.613333
3 0.521212 0.493333 0.019394 0.32
1 0.545455 0.493333 0.024242 0.32
5 0.572121 0.493333 0.024242 0.32
7 0.597576 0.526667 0.021818 0.386667
10 0.626061 0.493333 0.018182 0.32
24 0.644848 0.493333 0.014545 0.32
17 0.665455 0.493333 0.021818 0.32
9 0.692121 0.38 0.026667 0.626667
2 0.729697 0.493333 0.031515 0.32
24 0.751515 0.493333 0.007273 0.32
21 0.771515 0.493333 0.027879 0.32
9 0.802424 0.38 0.029091 0.626667
5 0.84303 0.493333 0.035152 0.32
7 0.870909 0.506667 0.015758 0.346667
5 0.897576 0.506667 0.020606 0.346667
25 0.928485 0.5 0.036364 0.333333
5 0.963636 0.493333 0.029091 0.32
24 0.986061 0.493333 0.010909 0.32
