8 0.028107 0.606667 0.056213 0.626667
2 0.097633 0.493333 0.071006 0.32
24 0.150888 0.493333 0.023669 0.32
19 0.211538 0.493333 0.085799 0.32
2 0.294379 0.526667 0.068047 0.386667
17 0.383136 0.513333 0.068047 0.36
2 0.452663 0.513333 0.059172 0.36
20 0.523669 0.493333 0.04142 0.32
0 0.58284 0.493333 0.065089 0.32
20 0.656805 0.493333 0.04142 0.32
0 0.717456 0.493333 0.068047 0.32
17 0.786982 0.493333 0.059172 0.32
24 0.835799 0.493333 0.026627 0.32
3 0.887574 0.513333 0.065089 0.36
20 0.952663 0.493333 0.053254 0.32
