24 0.006033 0.5 0.012066 0.333333
17 0.030166 0.493333 0.030166 0.32
0 0.064103 0.493333 0.031674 0.32
9 0.110106 0.373333 0.039216 0.613333
0 0.147813 0.493333 0.030166 0.32
24 0.174962 0.486667 0.0181 0.306667
20 0.210407 0.493333 0.028658 0.32
0 0.251131 0.5 0.046757 0.333333
20 0.295626 0.493333 0.021116 0.32
24 0.316742 0.5 0.015083 0.333333
7 0.33635 0.493333 0.0181 0.32
9 0.364253 0.373333 0.031674 0.613333
11 0.394419 0.493333 0.022624 0.32
9 0.438914 0.36 0.045249 0.64
1 0.488688 0.493333 0.048265 0.32
5 0.531674 0.506667 0.031674 0.346667
11 0.561086 0.52 0.021116 0.373333
0 0.588235 0.493333 0.027149 0.32
2 0.61991 0.513333 0.030166 0.36
9 0.667421 0.393333 0.043741 0.653333
1 0.706637 0.493333 0.028658 0.32
10 0.74359 0.493333 0.024133 0.32
1 0.772247 0.493333 0.027149 0.32
5 0.807692 0.493333 0.037707 0.32
24 0.835596 0.506667 0.012066 0.346667
5 0.860483 0.493333 0.031674 0.32
25 0.895173 0.493333 0.031674 0.32
9 0.945701 0.386667 0.045249 0.56
7 0.980392 0.493333 0.0181 0.32
