16 0.036199 0.613333 0.072398 0.613333
17 0.097285 0.493333 0.040724 0.32
0 0.154977 0.493333 0.042986 0.32
24 0.190045 0.493333 0.0181 0.32
9 0.230769 0.373333 0.054299 0.613333
24 0.274887 0.493333 0.024887 0.32
0 0.331448 0.493333 0.056561 0.32
24 0.371041 0.493333 0.013575 0.32
9 0.40724 0.373333 0.049774 0.613333
24 0.450226 0.493333 0.027149 0.32
10 0.503394 0.493333 0.047511 0.32
25 0.55543 0.493333 0.047511 0.32
16 0.621041 0.62 0.074661 0.626667
5 0.684389 0.493333 0.042986 0.32
25 0.748869 0.493333 0.054299 0.32
7 0.807692 0.493333 0.054299 0.32
24 0.858597 0.493333 0.015837 0.32
24 0.883484 0.493333 0.024887 0.32
5 0.924208 0.52 0.047511 0.373333
9 0.968326 0.373333 0.031674 0.613333
