17 0.025568 0.493333 0.051136 0.32
0 0.085227 0.493333 0.060606 0.32
5 0.144886 0.493333 0.051136 0.32
9 0.198864 0.386667 0.049242 0.64
0 0.244318 0.493333 0.034091 0.32
25 0.295455 0.493333 0.041667 0.32
13 0.333333 0.493333 0.026515 0.32
19 0.381629 0.493333 0.0625 0.32
11 0.434659 0.493333 0.035985 0.32
2 0.482008 0.493333 0.051136 0.32
11 0.538826 0.493333 0.035985 0.32
1 0.580492 0.493333 0.039773 0.32
0 0.63447 0.493333 0.041667 0.32
24 0.669508 0.493333 0.020833 0.32
9 0.702652 0.38 0.037879 0.626667
20 0.750947 0.493333 0.032197 0.32
9 0.805871 0.38 0.070076 0.626667
24 0.855114 0.493333 0.020833 0.32
1 0.889205 0.493333 0.039773 0.32
24 0.932765 0.493333 0.020833 0.32
2 0.966856 0.493333 0.039773 0.32
