25 0.018657 0.493333 0.037313 0.32
7 0.046642 0.493333 0.013682 0.32
24 0.062811 0.493333 0.013682 0.32
13 0.082711 0.493333 0.021144 0.32
0 0.106965 0.506667 0.022388 0.346667
3 0.13806 0.493333 0.022388 0.32
1 0.165423 0.493333 0.027363 0.32
9 0.200871 0.38 0.026119 0.626667
1 0.231343 0.506667 0.029851 0.32
10 0.258085 0.493333 0.018657 0.32
0 0.290423 0.493333 0.041045 0.32
16 0.333955 0.606667 0.041045 0.626667
9 0.381841 0.373333 0.037313 0.613333
0 0.415423 0.493333 0.024876 0.32
25 0.449005 0.493333 0.024876 0.32
3 0.47699 0.493333 0.026119 0.32
24 0.504353 0.493333 0.011194 0.32
5 0.524876 0.493333 0.024876 0.32
0 0.553483 0.52 0.027363 0.373333
9 0.585821 0.373333 0.032338 0.613333
24 0.610697 0.493333 0.012438 0.32
5 0.638682 0.513333 0.026119 0.36
1 0.664801 0.493333 0.021144 0.32
24 0.685323 0.493333 0.014925 0.32
2 0.714552 0.493333 0.038557 0.32
19 0.751866 0.493333 0.031095 0.32
25 0.794776 0.493333 0.037313 0.32
7 0.825871 0.493333 0.0199 0.32
9 0.861318 0.38 0.033582 0.626667
7 0.893035 0.493333 0.024876 0.32
24 0.916667 0.493333 0.017413 0.32
20 0.94092 0.493333 0.026119 0.32
0 0.973881 0.493333 0.034826 0.32
