5 0.024641 0.493333 0.049281 0.32
17 0.078029 0.493333 0.049281 0.32
24 0.117043 0.493333 0.020534 0.32
20 0.154004 0.493333 0.045175 0.32
5 0.205339 0.5 0.049281 0.333333
0 0.26386 0.493333 0.039014 0.32
24 0.297741 0.493333 0.020534 0.32
5 0.338809 0.493333 0.053388 0.32
20 0.396304 0.493333 0.032854 0.32
0 0.442505 0.493333 0.051335 0.32
9 0.5 0.38 0.055441 0.626667
24 0.545175 0.493333 0.026694 0.32
11 0.579055 0.493333 0.032854 0.32
10 0.62423 0.493333 0.028747 0.32
5 0.665298 0.493333 0.045175 0.32
25 0.724846 0.526667 0.045175 0.386667
7 0.767967 0.493333 0.032854 0.32
9 0.815195 0.373333 0.053388 0.613333
24 0.856263 0.493333 0.020534 0.32
11 0.89117 0.493333 0.041068 0.32
4 0.950719 0.493333 0.069815 0.32
