10 0.02561 0.493333 0.05122 0.32
1 0.079268 0.5 0.046341 0.333333
12 0.130488 0.613333 0.046341 0.613333
7 0.17561 0.493333 0.034146 0.32
9 0.247561 0.373333 0.07561 0.613333
1 0.32439 0.493333 0.068293 0.32
9 0.412195 0.38 0.073171 0.626667
0 0.485366 0.493333 0.063415 0.32
9 0.554878 0.4 0.065854 0.666667
25 0.634146 0.493333 0.058537 0.32
3 0.7 0.493333 0.063415 0.32
25 0.77439 0.493333 0.05122 0.32
3 0.828049 0.493333 0.046341 0.32
12 0.885366 0.606667 0.034146 0.626667
11 0.932927 0.493333 0.05122 0.32
24 0.973171 0.506667 0.019512 0.346667
