9 0.029323 0.38 0.055639 0.546667
0 0.078195 0.52 0.030075 0.373333
12 0.106015 0.613333 0.019549 0.613333
3 0.133835 0.493333 0.030075 0.32
9 0.175188 0.38 0.046617 0.626667
10 0.22406 0.493333 0.030075 0.32
4 0.262406 0.493333 0.040602 0.32
0 0.303759 0.493333 0.03609 0.32
25 0.340602 0.493333 0.031579 0.32
7 0.372932 0.493333 0.027068 0.32
25 0.419549 0.5 0.045113 0.333333
9 0.460902 0.373333 0.031579 0.613333
10 0.490226 0.493333 0.021053 0.32
5 0.521805 0.493333 0.03609 0.32
20 0.566165 0.493333 0.031579 0.32
0 0.603008 0.493333 0.03609 0.32
5 0.642105 0.493333 0.03609 0.32
7 0.67218 0.493333 0.018045 0.32
9 0.704511 0.38 0.040602 0.626667
24 0.742857 0.493333 0.015038 0.32
9 0.773684 0.366667 0.040602 0.626667
6 0.819549 0.493333 0.030075 0.32
16 0.867669 0.613333 0.06015 0.613333
25 0.930827 0.5 0.045113 0.333333
6 0.972932 0.493333 0.033083 0.32
