12 0.018519 0.613333 0.037037 0.613333
11 0.058824 0.526667 0.034858 0.386667
24 0.090414 0.493333 0.019608 0.32
13 0.119826 0.513333 0.030501 0.36
25 0.183007 0.493333 0.065359 0.32
13 0.237473 0.493333 0.034858 0.32
2 0.276688 0.493333 0.034858 0.32
10 0.330065 0.493333 0.041394 0.32
24 0.37037 0.493333 0.030501 0.32
9 0.413943 0.36 0.04793 0.64
19 0.476035 0.493333 0.067538 0.32
9 0.552288 0.38 0.076253 0.626667
10 0.626362 0.493333 0.041394 0.32
5 0.675381 0.493333 0.04793 0.32
19 0.735294 0.493333 0.063181 0.32
25 0.805011 0.493333 0.045752 0.32
3 0.849673 0.52 0.034858 0.373333
2 0.897603 0.52 0.052288 0.373333
1 0.956427 0.493333 0.056645 0.32
