10 0.027907 0.493333 0.055814 0.32
13 0.076744 0.493333 0.032558 0.32
20 0.119767 0.493333 0.044186 0.32
25 0.17093 0.493333 0.048837 0.32
24 0.218605 0.493333 0.037209 0.32
5 0.276744 0.493333 0.046512 0.32
24 0.316279 0.493333 0.023256 0.32
11 0.353488 0.493333 0.04186 0.32
4 0.424419 0.493333 0.067442 0.32
6 0.488372 0.493333 0.051163 0.32
5 0.553488 0.493333 0.069767 0.32
9 0.643023 0.38 0.076744 0.626667
1 0.704651 0.493333 0.037209 0.32
3 0.747674 0.493333 0.039535 0.32
6 0.8 0.506667 0.055814 0.346667
9 0.882558 0.373333 0.076744 0.64
1 0.954651 0.493333 0.05814 0.32
