12 0.008916 0.613333 0.017833 0.613333
7 0.030178 0.493333 0.019204 0.32
24 0.049383 0.493333 0.013717 0.32
0 0.071331 0.493333 0.024691 0.32
24 0.091907 0.493333 0.010974 0.32
9 0.118656 0.373333 0.037037 0.613333
5 0.163923 0.493333 0.034294 0.32
9 0.201646 0.366667 0.035665 0.626667
20 0.243484 0.493333 0.028807 0.32
11 0.270233 0.493333 0.019204 0.32
19 0.302469 0.493333 0.039781 0.32
0 0.33882 0.52 0.027435 0.373333
20 0.376543 0.493333 0.028807 0.32
0 0.408779 0.493333 0.030178 0.32
24 0.434156 0.493333 0.015089 0.32
6 0.462963 0.493333 0.02332 0.32
24 0.484225 0.493333 0.013717 0.32
17 0.505487 0.493333 0.02332 0.32
5 0.536351 0.553333 0.019204 0.173333
13 0.559671 0.493333 0.021948 0.32
11 0.583676 0.493333 0.020576 0.32
9 0.622771 0.38 0.038409 0.626667
1 0.668724 0.493333 0.048011 0.32
2 0.711248 0.493333 0.03155 0.32
9 0.747599 0.36 0.035665 0.64
10 0.779835 0.493333 0.02332 0.32
19 0.81893 0.493333 0.049383 0.32
10 0.868313 0.493333 0.030178 0.32
7 0.896433 0.493333 0.020576 0.32
9 0.923868 0.38 0.028807 0.626667
24 0.954733 0.493333 0.013717 0.32
0 0.977366 0.493333 0.026063 0.32
