2 0.030343 0.493333 0.060686 0.32
25 0.097625 0.506667 0.063325 0.346667
20 0.167546 0.493333 0.065963 0.32
7 0.230871 0.493333 0.050132 0.32
25 0.30343 0.493333 0.058047 0.32
7 0.360158 0.493333 0.044855 0.32
0 0.408971 0.493333 0.042216 0.32
11 0.456464 0.493333 0.042216 0.32
17 0.521108 0.493333 0.050132 0.32
24 0.560686 0.493333 0.01847 0.32
6 0.600264 0.493333 0.050132 0.32
0 0.655673 0.526667 0.050132 0.386667
5 0.734828 0.493333 0.07124 0.32
11 0.795515 0.493333 0.039578 0.32
0 0.844327 0.493333 0.047493 0.32
25 0.905013 0.493333 0.063325 0.32
7 0.961741 0.493333 0.039578 0.32
