6 0.013981 0.493333 0.027963 0.32
7 0.038615 0.493333 0.015979 0.32
9 0.063915 0.373333 0.029294 0.613333
25 0.095872 0.493333 0.029294 0.32
3 0.129827 0.493333 0.033289 0.32
2 0.165779 0.526667 0.033289 0.386667
9 0.20972 0.373333 0.035952 0.613333
0 0.242344 0.493333 0.023968 0.32
5 0.279627 0.493333 0.031957 0.32
19 0.316911 0.5 0.037284 0.333333
24 0.344874 0.493333 0.013316 0.32
11 0.364847 0.493333 0.021305 0.32
9 0.406791 0.373333 0.043941 0.64
1 0.447403 0.493333 0.031957 0.32
5 0.488682 0.493333 0.031957 0.32
20 0.525965 0.493333 0.037284 0.32
6 0.557257 0.493333 0.019973 0.32
16 0.59787 0.586667 0.055925 0.666667
9 0.646471 0.36 0.035952 0.666667
24 0.676431 0.493333 0.018642 0.32
5 0.710386 0.493333 0.030626 0.32
7 0.738349 0.493333 0.019973 0.32
25 0.773635 0.52 0.031957 0.373333
20 0.802264 0.493333 0.019973 0.32
1 0.829561 0.493333 0.029294 0.32
3 0.857523 0.493333 0.021305 0.32
25 0.886818 0.493333 0.031957 0.32
9 0.928762 0.38 0.033289 0.626667
24 0.95739 0.493333 0.018642 0.32
7 0.980027 0.513333 0.021305 0.36
