5 0.0162 0.493333 0.032401 0.32
7 0.053019 0.493333 0.035346 0.32
25 0.095729 0.493333 0.044183 0.32
14 0.132548 0.493333 0.023564 0.32
9 0.173049 0.373333 0.036819 0.613333
1 0.206922 0.5 0.025037 0.333333
24 0.234168 0.493333 0.023564 0.32
0 0.270987 0.493333 0.029455 0.32
9 0.314433 0.38 0.051546 0.626667
20 0.357143 0.493333 0.027982 0.32
0 0.388071 0.493333 0.027982 0.32
10 0.426362 0.493333 0.027982 0.32
1 0.471281 0.493333 0.055965 0.32
25 0.527246 0.52 0.035346 0.373333
17 0.566274 0.513333 0.036819 0.36
2 0.60162 0.493333 0.027982 0.32
3 0.632548 0.493333 0.027982 0.32
3 0.66053 0.493333 0.022091 0.32
1 0.690722 0.493333 0.032401 0.32
25 0.732695 0.493333 0.030928 0.32
3 0.77025 0.493333 0.038292 0.32
24 0.810015 0.493333 0.020619 0.32
3 0.837997 0.493333 0.029455 0.32
24 0.861561 0.493333 0.011782 0.32
5 0.888807 0.493333 0.036819 0.32
25 0.939617 0.493333 0.044183 0.32
14 0.977172 0.493333 0.025037 0.32
