20 0.025862 0.493333 0.051724 0.32
24 0.067734 0.493333 0.022167 0.32
6 0.115764 0.52 0.064039 0.373333
20 0.173645 0.493333 0.041872 0.32
3 0.227833 0.493333 0.05665 0.32
6 0.29064 0.526667 0.059113 0.386667
9 0.359606 0.373333 0.044335 0.613333
1 0.416256 0.493333 0.059113 0.32
2 0.480296 0.493333 0.059113 0.32
24 0.536946 0.493333 0.019704 0.32
2 0.576355 0.506667 0.049261 0.346667
12 0.635468 0.613333 0.034483 0.613333
2 0.684729 0.493333 0.054187 0.32
0 0.746305 0.493333 0.059113 0.32
19 0.817734 0.493333 0.073892 0.32
1 0.891626 0.493333 0.064039 0.32
25 0.955665 0.526667 0.054187 0.386667
