20 0.023256 0.493333 0.046512 0.32
11 0.075581 0.493333 0.048837 0.32
19 0.132558 0.493333 0.055814 0.32
0 0.193023 0.493333 0.055814 0.32
25 0.265116 0.506667 0.055814 0.346667
14 0.316279 0.493333 0.037209 0.32
9 0.369767 0.386667 0.060465 0.64
0 0.440698 0.493333 0.048837 0.32
13 0.487209 0.493333 0.034884 0.32
3 0.523256 0.493333 0.027907 0.32
6 0.568605 0.493333 0.053488 0.32
0 0.624419 0.493333 0.048837 0.32
12 0.680233 0.606667 0.030233 0.626667
3 0.723256 0.493333 0.046512 0.32
5 0.773256 0.493333 0.044186 0.32
7 0.819767 0.5 0.039535 0.333333
24 0.856977 0.493333 0.025581 0.32
25 0.911628 0.526667 0.051163 0.386667
9 0.962791 0.373333 0.04186 0.64
