3 0.019062 0.493333 0.038123 0.32
1 0.083578 0.526667 0.079179 0.386667
25 0.178886 0.52 0.070381 0.373333
9 0.260997 0.38 0.082111 0.626667
24 0.341642 0.493333 0.038123 0.32
13 0.384164 0.493333 0.035191 0.32
11 0.435484 0.493333 0.055718 0.32
11 0.494135 0.493333 0.049853 0.32
11 0.561584 0.493333 0.043988 0.32
1 0.611437 0.493333 0.043988 0.32
9 0.677419 0.393333 0.076246 0.653333
24 0.743402 0.493333 0.043988 0.32
7 0.790323 0.493333 0.038123 0.32
9 0.869501 0.373333 0.079179 0.613333
0 0.947214 0.52 0.064516 0.373333
