24 0.010358 0.493333 0.020716 0.32
6 0.042373 0.493333 0.035782 0.32
11 0.079096 0.493333 0.030132 0.32
19 0.120527 0.493333 0.045198 0.32
24 0.15725 0.493333 0.020716 0.32
8 0.20904 0.606667 0.056497 0.626667
9 0.265537 0.373333 0.048964 0.613333
11 0.309793 0.493333 0.032015 0.32
24 0.347458 0.493333 0.016949 0.32
24 0.368173 0.493333 0.016949 0.32
5 0.40113 0.493333 0.041431 0.32
24 0.436911 0.493333 0.022599 0.32
24 0.471751 0.493333 0.020716 0.32
24 0.495292 0.493333 0.018832 0.32
5 0.531073 0.493333 0.045198 0.32
25 0.587571 0.493333 0.041431 0.32
14 0.62806 0.493333 0.032015 0.32
24 0.665725 0.52 0.016949 0.373333
0 0.694915 0.493333 0.033898 0.32
10 0.733522 0.493333 0.035782 0.32
24 0.762712 0.493333 0.015066 0.32
25 0.794727 0.493333 0.041431 0.32
2 0.838983 0.493333 0.039548 0.32
17 0.886064 0.493333 0.028249 0.32
11 0.926554 0.493333 0.045198 0.32
0 0.969868 0.493333 0.033898 0.32
