9 0.017385 0.38 0.034771 0.626667
7 0.047983 0.52 0.020862 0.373333
19 0.079972 0.493333 0.037552 0.32
9 0.12726 0.373333 0.037552 0.613333
1 0.170376 0.493333 0.043115 0.32
5 0.216273 0.493333 0.029207 0.32
5 0.251739 0.493333 0.036161 0.32
10 0.287204 0.526667 0.029207 0.386667
0 0.327538 0.493333 0.045897 0.32
24 0.361613 0.493333 0.01669 0.32
17 0.39847 0.493333 0.037552 0.32
2 0.437413 0.493333 0.034771 0.32
3 0.470097 0.493333 0.025035 0.32
3 0.501391 0.493333 0.018081 0.32
6 0.527816 0.513333 0.029207 0.36
17 0.558414 0.493333 0.026426 0.32
19 0.595967 0.493333 0.043115 0.32
1 0.638387 0.493333 0.036161 0.32
25 0.680807 0.493333 0.029207 0.32
3 0.709318 0.513333 0.022253 0.36
0 0.737135 0.493333 0.027816 0.32
2 0.769124 0.506667 0.030598 0.346667
24 0.801113 0.493333 0.013908 0.32
2 0.828234 0.526667 0.034771 0.386667
25 0.863004 0.493333 0.029207 0.32
20 0.897775 0.493333 0.034771 0.32
25 0.934631 0.52 0.03338 0.373333
0 0.972184 0.493333 0.036161 0.32
