9 0.031323 0.346667 0.062645 0.666667
1 0.090487 0.493333 0.046404 0.32
10 0.143852 0.5 0.051044 0.333333
0 0.196056 0.52 0.044084 0.373333
2 0.256381 0.52 0.044084 0.373333
9 0.319026 0.38 0.071926 0.626667
24 0.37123 0.513333 0.023202 0.36
25 0.426914 0.52 0.055684 0.373333
3 0.482599 0.493333 0.046404 0.32
9 0.537123 0.373333 0.053364 0.613333
1 0.596288 0.493333 0.055684 0.32
24 0.641531 0.493333 0.025522 0.32
16 0.705336 0.613333 0.069606 0.613333
9 0.777262 0.38 0.064965 0.626667
25 0.853828 0.52 0.055684 0.373333
14 0.901392 0.52 0.030162 0.373333
9 0.952436 0.373333 0.062645 0.613333
