10 0.016284 0.493333 0.032567 0.32
5 0.059387 0.493333 0.045977 0.32
9 0.121648 0.36 0.051724 0.666667
0 0.170498 0.493333 0.038314 0.32
25 0.212644 0.493333 0.038314 0.32
13 0.25 0.526667 0.028736 0.386667
2 0.285441 0.493333 0.034483 0.32
12 0.327586 0.613333 0.022989 0.613333
24 0.35249 0.493333 0.019157 0.32
25 0.388889 0.506667 0.045977 0.346667
17 0.444444 0.513333 0.038314 0.36
5 0.48659 0.493333 0.038314 0.32
5 0.535441 0.493333 0.051724 0.32
17 0.586207 0.493333 0.042146 0.32
25 0.643678 0.493333 0.045977 0.32
13 0.687739 0.493333 0.034483 0.32
2 0.730843 0.493333 0.044061 0.32
12 0.780651 0.613333 0.028736 0.613333
2 0.81705 0.513333 0.036398 0.36
5 0.862069 0.493333 0.045977 0.32
10 0.905172 0.493333 0.032567 0.32
24 0.933908 0.493333 0.017241 0.32
25 0.966475 0.493333 0.04023 0.32
