12 0.013089 0.613333 0.026178 0.613333
11 0.045375 0.493333 0.031414 0.32
19 0.089005 0.493333 0.048866 0.32
25 0.137871 0.493333 0.041885 0.32
0 0.181501 0.493333 0.038394 0.32
9 0.226003 0.373333 0.04363 0.613333
0 0.272251 0.493333 0.024433 0.32
9 0.311518 0.38 0.04712 0.626667
9 0.357766 0.373333 0.038394 0.613333
1 0.400524 0.493333 0.04014 0.32
5 0.452007 0.493333 0.038394 0.32
11 0.490401 0.493333 0.031414 0.32
1 0.530541 0.526667 0.041885 0.386667
12 0.578534 0.613333 0.029668 0.613333
11 0.611693 0.493333 0.029668 0.32
12 0.649215 0.606667 0.020942 0.626667
1 0.686736 0.493333 0.04712 0.32
11 0.725131 0.493333 0.022688 0.32
9 0.763525 0.373333 0.04712 0.613333
5 0.82199 0.493333 0.045375 0.32
26 0.853403 0.52 0.010471 0.373333
17 0.881326 0.493333 0.038394 0.32
11 0.918848 0.493333 0.029668 0.32
0 0.962478 0.493333 0.050611 0.32
