5 0.013177 0.493333 0.026354 0.32
7 0.036603 0.5 0.014641 0.333333
3 0.061493 0.493333 0.029283 0.32
1 0.101025 0.493333 0.043924 0.32
20 0.147145 0.493333 0.027818 0.32
0 0.181552 0.493333 0.035139 0.32
17 0.219619 0.513333 0.035139 0.36
19 0.262079 0.493333 0.043924 0.32
0 0.304539 0.493333 0.035139 0.32
5 0.346266 0.493333 0.027818 0.32
11 0.377745 0.493333 0.029283 0.32
0 0.408492 0.493333 0.026354 0.32
5 0.445827 0.493333 0.027818 0.32
2 0.475842 0.493333 0.026354 0.32
0 0.516837 0.5 0.035139 0.333333
9 0.562958 0.373333 0.051245 0.613333
5 0.618594 0.493333 0.039531 0.32
2 0.653734 0.493333 0.02489 0.32
5 0.685212 0.493333 0.032211 0.32
3 0.721816 0.52 0.035139 0.373333
1 0.756955 0.493333 0.029283 0.32
5 0.789165 0.506667 0.029283 0.346667
17 0.831625 0.493333 0.035139 0.32
2 0.871889 0.493333 0.039531 0.32
3 0.906296 0.513333 0.023426 0.36
20 0.934846 0.5 0.027818 0.333333
0 0.970717 0.493333 0.038067 0.32
