12 0.013317 0.606667 0.026634 0.626667
11 0.049637 0.5 0.03632 0.333333
12 0.089588 0.613333 0.033898 0.64
24 0.123487 0.493333 0.024213 0.32
17 0.173123 0.493333 0.065375 0.32
20 0.245763 0.493333 0.046005 0.32
0 0.311138 0.5 0.075061 0.333333
10 0.384988 0.506667 0.038741 0.346667
0 0.438257 0.493333 0.058111 0.32
25 0.501211 0.506667 0.058111 0.346667
7 0.550847 0.493333 0.031477 0.32
0 0.602906 0.493333 0.038741 0.32
9 0.664649 0.38 0.075061 0.626667
2 0.728814 0.493333 0.043584 0.32
20 0.784504 0.493333 0.058111 0.32
7 0.831719 0.493333 0.026634 0.32
3 0.884988 0.493333 0.046005 0.32
24 0.923729 0.493333 0.021792 0.32
1 0.961259 0.493333 0.043584 0.32
