10 0.027704 0.493333 0.055409 0.32
25 0.100264 0.493333 0.079156 0.32
1 0.175462 0.493333 0.060686 0.32
2 0.240106 0.493333 0.058047 0.32
17 0.294195 0.493333 0.039578 0.32
0 0.341689 0.5 0.044855 0.333333
9 0.426121 0.373333 0.087071 0.64
0 0.509235 0.493333 0.068602 0.32
5 0.580475 0.493333 0.063325 0.32
12 0.653034 0.613333 0.044855 0.613333
24 0.693931 0.493333 0.026385 0.32
5 0.744063 0.493333 0.063325 0.32
2 0.815303 0.513333 0.068602 0.36
0 0.879947 0.513333 0.050132 0.36
9 0.94591 0.38 0.07124 0.626667
