3 0.017401 0.5 0.034803 0.333333
1 0.066125 0.5 0.053364 0.333333
25 0.12181 0.493333 0.048724 0.32
2 0.177494 0.493333 0.053364 0.32
0 0.229698 0.493333 0.041763 0.32
9 0.294664 0.373333 0.055684 0.613333
1 0.358469 0.526667 0.062645 0.386667
25 0.418794 0.493333 0.048724 0.32
13 0.461717 0.493333 0.027842 0.32
2 0.50464 0.52 0.048724 0.373333
24 0.545244 0.493333 0.023202 0.32
20 0.597448 0.493333 0.048724 0.32
0 0.647332 0.493333 0.041763 0.32
15 0.708817 0.606667 0.071926 0.626667
0 0.772622 0.493333 0.046404 0.32
24 0.812065 0.526667 0.023202 0.386667
12 0.852668 0.613333 0.025522 0.613333
24 0.883991 0.493333 0.027842 0.32
24 0.915313 0.493333 0.025522 0.32
1 0.958237 0.493333 0.051044 0.32
