17 0.019157 0.5 0.038314 0.333333
16 0.068966 0.606667 0.05364 0.626667
19 0.122605 0.493333 0.045977 0.32
25 0.170498 0.493333 0.042146 0.32
25 0.225096 0.493333 0.04023 0.32
3 0.26341 0.493333 0.028736 0.32
9 0.31705 0.38 0.051724 0.626667
24 0.364943 0.493333 0.036398 0.32
7 0.398467 0.493333 0.022989 0.32
12 0.426245 0.606667 0.024904 0.626667
5 0.461686 0.493333 0.038314 0.32
0 0.514368 0.493333 0.04023 0.32
13 0.554598 0.493333 0.032567 0.32
17 0.60249 0.5 0.036398 0.333333
14 0.638889 0.493333 0.028736 0.32
18 0.67433 0.493333 0.034483 0.32
20 0.725096 0.493333 0.04023 0.32
11 0.76341 0.5 0.028736 0.333333
9 0.818966 0.373333 0.055556 0.613333
25 0.871648 0.493333 0.042146 0.32
3 0.916667 0.493333 0.04023 0.32
2 0.963602 0.493333 0.045977 0.32
