9 0.01981 0.4 0.03962 0.666667
24 0.053883 0.493333 0.022187 0.32
7 0.077655 0.493333 0.019017 0.32
3 0.113312 0.493333 0.030111 0.32
24 0.135499 0.493333 0.007924 0.32
11 0.153724 0.52 0.022187 0.373333
1 0.187797 0.506667 0.03962 0.346667
24 0.226624 0.506667 0.015848 0.346667
13 0.249604 0.493333 0.023772 0.32
24 0.272583 0.493333 0.015848 0.32
5 0.302694 0.493333 0.038035 0.32
25 0.351823 0.52 0.038035 0.373333
3 0.385103 0.506667 0.022187 0.346667
24 0.413629 0.493333 0.012678 0.32
9 0.439778 0.38 0.033281 0.626667
1 0.478605 0.513333 0.038035 0.36
2 0.515055 0.52 0.028526 0.373333
17 0.547544 0.493333 0.030111 0.32
1 0.587163 0.493333 0.042789 0.32
2 0.639461 0.493333 0.03962 0.32
0 0.676704 0.493333 0.028526 0.32
12 0.713154 0.613333 0.022187 0.613333
11 0.74168 0.493333 0.028526 0.32
25 0.783677 0.493333 0.033281 0.32
7 0.815372 0.493333 0.023772 0.32
16 0.857369 0.613333 0.053883 0.613333
17 0.899366 0.493333 0.023772 0.32
20 0.929477 0.493333 0.030111 0.32
0 0.968304 0.493333 0.041204 0.32
