10 0.011577 0.493333 0.023155 0.32
25 0.043415 0.493333 0.034732 0.32
19 0.087554 0.506667 0.047757 0.32
3 0.132417 0.493333 0.036179 0.32
16 0.178003 0.613333 0.049204 0.613333
12 0.222865 0.62 0.02026 0.626667
11 0.24602 0.493333 0.02026 0.32
10 0.269175 0.493333 0.02026 0.32
20 0.304631 0.493333 0.044863 0.32
0 0.349493 0.493333 0.039074 0.32
20 0.391462 0.493333 0.024602 0.32
0 0.418234 0.526667 0.023155 0.386667
5 0.45369 0.493333 0.027496 0.32
7 0.481187 0.493333 0.021708 0.32
5 0.51809 0.493333 0.031838 0.32
13 0.54848 0.493333 0.023155 0.32
5 0.591172 0.493333 0.041968 0.32
9 0.629522 0.373333 0.028944 0.613333
24 0.654848 0.493333 0.015919 0.32
12 0.672938 0.593333 0.014472 0.653333
11 0.695369 0.526667 0.024602 0.386667
13 0.729378 0.493333 0.023155 0.32
3 0.757598 0.493333 0.027496 0.32
5 0.789436 0.506667 0.030391 0.346667
7 0.817656 0.493333 0.02026 0.32
11 0.842258 0.526667 0.023155 0.386667
19 0.877713 0.493333 0.041968 0.32
6 0.924023 0.493333 0.030391 0.32
24 0.950072 0.493333 0.015919 0.32
17 0.975398 0.493333 0.028944 0.32
