9 0.024518 0.373333 0.049037 0.613333
0 0.068301 0.493333 0.031524 0.32
9 0.121716 0.373333 0.050788 0.613333
1 0.174256 0.533333 0.047285 0.4
17 0.225044 0.493333 0.047285 0.32
0 0.269702 0.493333 0.035026 0.32
25 0.308231 0.493333 0.035026 0.32
24 0.338879 0.493333 0.019264 0.32
20 0.378284 0.493333 0.035026 0.32
14 0.410683 0.52 0.022767 0.373333
25 0.443958 0.493333 0.036778 0.32
25 0.486865 0.506667 0.042032 0.346667
0 0.528021 0.493333 0.033275 0.32
2 0.564799 0.493333 0.033275 0.32
10 0.61296 0.493333 0.038529 0.32
1 0.654991 0.493333 0.038529 0.32
5 0.698774 0.493333 0.042032 0.32
0 0.745184 0.493333 0.043783 0.32
2 0.792469 0.493333 0.043783 0.32
25 0.845884 0.526667 0.038529 0.386667
7 0.879159 0.493333 0.021016 0.32
17 0.917688 0.493333 0.049037 0.32
2 0.966725 0.493333 0.042032 0.32
