10 0.015873 0.493333 0.031746 0.32
1 0.051282 0.493333 0.034188 0.32
5 0.08547 0.493333 0.029304 0.32
17 0.114164 0.5 0.023199 0.333333
2 0.139194 0.493333 0.021978 0.32
3 0.160562 0.493333 0.015873 0.32
25 0.190476 0.493333 0.026862 0.32
7 0.220391 0.493333 0.028083 0.32
5 0.249695 0.493333 0.025641 0.32
0 0.276557 0.52 0.023199 0.373333
2 0.303419 0.52 0.025641 0.373333
24 0.323565 0.493333 0.009768 0.32
6 0.348596 0.493333 0.023199 0.32
25 0.377289 0.52 0.029304 0.373333
19 0.413309 0.493333 0.037851 0.32
0 0.447497 0.493333 0.025641 0.32
3 0.487179 0.5 0.03663 0.333333
25 0.526252 0.493333 0.03663 0.32
9 0.567766 0.373333 0.041514 0.64
12 0.604396 0.613333 0.014652 0.613333
3 0.626984 0.493333 0.025641 0.32
0 0.655067 0.493333 0.025641 0.32
24 0.678877 0.493333 0.017094 0.32
5 0.701465 0.526667 0.023199 0.386667
0 0.739316 0.493333 0.035409 0.32
3 0.769841 0.493333 0.020757 0.32
5 0.802808 0.5 0.028083 0.333333
20 0.82967 0.493333 0.020757 0.32
20 0.855922 0.493333 0.026862 0.32
13 0.880342 0.493333 0.017094 0.32
24 0.897436 0.526667 0.01221 0.386667
5 0.925519 0.52 0.026862 0.373333
13 0.949939 0.493333 0.017094 0.32
19 0.97619 0.493333 0.030525 0.32
