25 0.027076 0.5 0.054152 0.333333
3 0.076715 0.493333 0.037906 0.32
3 0.121841 0.493333 0.045126 0.32
1 0.169675 0.493333 0.043321 0.32
5 0.213899 0.506667 0.037906 0.32
2 0.263538 0.493333 0.054152 0.32
9 0.322202 0.38 0.037906 0.626667
1 0.366426 0.493333 0.043321 0.32
25 0.422383 0.493333 0.043321 0.32
7 0.458484 0.5 0.021661 0.333333
5 0.491877 0.493333 0.037906 0.32
13 0.530686 0.493333 0.032491 0.32
3 0.564982 0.513333 0.028881 0.36
0 0.611011 0.493333 0.037906 0.32
25 0.655235 0.506667 0.043321 0.346667
19 0.706679 0.493333 0.052347 0.32
0 0.754513 0.493333 0.036101 0.32
5 0.805957 0.493333 0.041516 0.32
24 0.83935 0.513333 0.018051 0.36
1 0.876354 0.5 0.048736 0.333333
17 0.925993 0.513333 0.043321 0.36
20 0.969314 0.493333 0.036101 0.32
