17 0.013591 0.493333 0.027182 0.32
19 0.052217 0.506667 0.044349 0.346667
0 0.090844 0.493333 0.027182 0.32
10 0.118026 0.493333 0.021459 0.32
5 0.147353 0.493333 0.031474 0.32
12 0.180973 0.613333 0.015737 0.613333
11 0.203863 0.493333 0.02432 0.32
3 0.242489 0.493333 0.032904 0.32
6 0.276824 0.493333 0.030043 0.32
25 0.323319 0.5 0.042918 0.333333
9 0.363376 0.373333 0.031474 0.666667
2 0.401288 0.493333 0.038627 0.32
9 0.445637 0.38 0.030043 0.626667
24 0.47711 0.493333 0.027182 0.32
7 0.502146 0.5 0.017167 0.333333
24 0.520029 0.493333 0.012876 0.32
24 0.542918 0.493333 0.027182 0.32
25 0.587983 0.493333 0.042918 0.32
6 0.626609 0.493333 0.028612 0.32
24 0.650215 0.493333 0.012876 0.32
17 0.672389 0.493333 0.025751 0.32
9 0.712446 0.373333 0.048641 0.613333
1 0.753934 0.493333 0.028612 0.32
1 0.796137 0.493333 0.035765 0.32
2 0.834049 0.493333 0.031474 0.32
19 0.873391 0.493333 0.041488 0.32
12 0.914163 0.606667 0.020029 0.626667
11 0.937053 0.5 0.020029 0.333333
19 0.969957 0.493333 0.040057 0.32
