24 0.014398 0.493333 0.028796 0.32
9 0.074607 0.373333 0.081152 0.64
9 0.164921 0.373333 0.062827 0.613333
0 0.232984 0.493333 0.062827 0.32
10 0.291885 0.493333 0.044503 0.32
2 0.352094 0.526667 0.065445 0.386667
9 0.447644 0.373333 0.089005 0.613333
19 0.534031 0.493333 0.073298 0.32
11 0.599476 0.493333 0.04712 0.32
24 0.64267 0.493333 0.028796 0.32
5 0.708115 0.493333 0.065445 0.32
0 0.776178 0.52 0.060209 0.373333
11 0.831152 0.52 0.039267 0.373333
5 0.883508 0.493333 0.054974 0.32
9 0.948953 0.373333 0.065445 0.613333
