24 0.007576 0.493333 0.015152 0.32
13 0.031145 0.493333 0.025253 0.32
24 0.054714 0.52 0.015152 0.373333
17 0.082492 0.493333 0.03367 0.32
9 0.135522 0.366667 0.048822 0.626667
1 0.180135 0.5 0.03367 0.333333
21 0.228114 0.493333 0.038721 0.32
9 0.265993 0.373333 0.030303 0.64
14 0.298822 0.493333 0.02862 0.32
12 0.3367 0.613333 0.023569 0.613333
25 0.372054 0.493333 0.040404 0.32
2 0.411616 0.493333 0.031987 0.32
0 0.459596 0.493333 0.040404 0.32
9 0.506734 0.386667 0.047138 0.64
9 0.557239 0.38 0.047138 0.626667
2 0.600168 0.493333 0.031987 0.32
20 0.637205 0.493333 0.035354 0.32
5 0.688552 0.493333 0.043771 0.32
7 0.728114 0.493333 0.02862 0.32
2 0.763468 0.493333 0.035354 0.32
19 0.823232 0.493333 0.060606 0.32
17 0.876263 0.513333 0.038721 0.36
20 0.914141 0.493333 0.030303 0.32
0 0.960438 0.493333 0.055556 0.32
