17 0.021465 0.493333 0.042929 0.32
25 0.075758 0.493333 0.055556 0.32
1 0.138889 0.493333 0.060606 0.32
20 0.213384 0.493333 0.05303 0.32
11 0.270202 0.493333 0.050505 0.32
0 0.330808 0.493333 0.060606 0.32
9 0.419192 0.38 0.080808 0.626667
1 0.491162 0.493333 0.05303 0.32
3 0.546717 0.493333 0.04798 0.32
2 0.60101 0.493333 0.050505 0.32
1 0.650253 0.493333 0.037879 0.32
5 0.717172 0.493333 0.060606 0.32
7 0.77399 0.493333 0.042929 0.32
12 0.840909 0.613333 0.055556 0.613333
25 0.901515 0.526667 0.055556 0.386667
0 0.958333 0.493333 0.04798 0.32
