17 0.016102 0.493333 0.032203 0.32
19 0.059322 0.493333 0.047458 0.32
0 0.102542 0.493333 0.032203 0.32
9 0.14322 0.38 0.042373 0.626667
0 0.188136 0.493333 0.040678 0.32
20 0.236441 0.493333 0.032203 0.32
0 0.272881 0.493333 0.033898 0.32
24 0.300847 0.526667 0.015254 0.386667
20 0.334746 0.493333 0.028814 0.32
0 0.371186 0.493333 0.037288 0.32
25 0.418644 0.493333 0.033898 0.32
17 0.460169 0.493333 0.042373 0.32
2 0.499153 0.493333 0.028814 0.32
3 0.530508 0.493333 0.027119 0.32
9 0.576271 0.373333 0.040678 0.613333
0 0.614407 0.493333 0.028814 0.32
25 0.652542 0.493333 0.040678 0.32
3 0.694068 0.493333 0.035593 0.32
25 0.741525 0.493333 0.035593 0.32
7 0.777119 0.493333 0.028814 0.32
25 0.821186 0.493333 0.035593 0.32
7 0.855085 0.526667 0.025424 0.386667
12 0.889831 0.613333 0.020339 0.613333
11 0.915254 0.493333 0.023729 0.32
14 0.944068 0.493333 0.027119 0.32
0 0.974576 0.493333 0.027119 0.32
