5 0.025253 0.493333 0.050505 0.32
17 0.07702 0.493333 0.042929 0.32
11 0.123737 0.493333 0.040404 0.32
0 0.189394 0.493333 0.080808 0.32
10 0.266414 0.493333 0.037879 0.32
0 0.310606 0.493333 0.040404 0.32
24 0.353535 0.493333 0.035354 0.32
10 0.401515 0.506667 0.050505 0.346667
3 0.458333 0.493333 0.05303 0.32
0 0.515152 0.5 0.050505 0.333333
20 0.579545 0.493333 0.042929 0.32
0 0.633838 0.493333 0.055556 0.32
17 0.690657 0.5 0.04798 0.333333
2 0.743687 0.493333 0.04798 0.32
4 0.80303 0.513333 0.060606 0.36
0 0.881313 0.493333 0.060606 0.32
9 0.949495 0.38 0.065657 0.626667
