9 0.025641 0.38 0.051282 0.626667
0 0.07002 0.493333 0.029586 0.32
24 0.107495 0.493333 0.017751 0.32
13 0.136095 0.493333 0.031558 0.32
9 0.171598 0.373333 0.031558 0.613333
10 0.213018 0.493333 0.023669 0.32
2 0.252465 0.493333 0.047337 0.32
17 0.307692 0.493333 0.055227 0.32
6 0.361933 0.493333 0.045365 0.32
0 0.412229 0.493333 0.047337 0.32
17 0.469428 0.5 0.039448 0.333333
0 0.511834 0.493333 0.037475 0.32
11 0.552268 0.493333 0.035503 0.32
0 0.599606 0.52 0.031558 0.373333
25 0.640039 0.493333 0.04142 0.32
7 0.679487 0.493333 0.029586 0.32
9 0.725838 0.38 0.055227 0.626667
24 0.767258 0.493333 0.019724 0.32
7 0.790927 0.5 0.019724 0.333333
9 0.849112 0.38 0.069034 0.626667
0 0.907298 0.493333 0.039448 0.32
24 0.952663 0.493333 0.023669 0.32
24 0.977318 0.493333 0.017751 0.32
