9 0.046954 0.38 0.093909 0.626667
0 0.129442 0.493333 0.060914 0.32
17 0.191624 0.493333 0.053299 0.32
24 0.236041 0.493333 0.025381 0.32
3 0.27665 0.5 0.045685 0.333333
2 0.34264 0.513333 0.076142 0.36
20 0.423858 0.493333 0.050761 0.32
0 0.475888 0.493333 0.043147 0.32
10 0.522843 0.513333 0.040609 0.36
19 0.57868 0.506667 0.060914 0.346667
24 0.625635 0.493333 0.022843 0.32
9 0.682741 0.373333 0.055838 0.613333
0 0.741117 0.493333 0.050761 0.32
24 0.786802 0.493333 0.030457 0.32
25 0.833756 0.493333 0.053299 0.32
5 0.890863 0.493333 0.050761 0.32
25 0.951777 0.493333 0.060914 0.32
