17 0.008978 0.506667 0.017956 0.346667
2 0.035221 0.493333 0.029006 0.32
3 0.069751 0.493333 0.03453 0.32
21 0.11326 0.52 0.033149 0.373333
14 0.147099 0.493333 0.029006 0.32
19 0.185083 0.493333 0.041436 0.32
11 0.219613 0.493333 0.022099 0.32
0 0.254144 0.52 0.027624 0.373333
25 0.287293 0.493333 0.033149 0.32
5 0.323204 0.493333 0.033149 0.32
20 0.357044 0.493333 0.029006 0.32
6 0.387431 0.493333 0.026243 0.32
20 0.416436 0.493333 0.026243 0.32
25 0.453729 0.493333 0.029006 0.32
9 0.482735 0.373333 0.023481 0.613333
25 0.513812 0.506667 0.033149 0.346667
24 0.539365 0.493333 0.012431 0.32
4 0.571133 0.493333 0.04558 0.32
9 0.625 0.38 0.042818 0.626667
1 0.662983 0.493333 0.027624 0.32
0 0.698895 0.493333 0.024862 0.32
19 0.730663 0.493333 0.033149 0.32
3 0.762431 0.493333 0.024862 0.32
9 0.801105 0.36 0.033149 0.64
5 0.837017 0.493333 0.033149 0.32
16 0.876381 0.606667 0.040055 0.626667
0 0.912983 0.493333 0.027624 0.32
9 0.949586 0.393333 0.040055 0.653333
24 0.980663 0.486667 0.016575 0.306667
