10 0.012635 0.513333 0.025271 0.36
24 0.033394 0.493333 0.009025 0.32
0 0.059567 0.52 0.036101 0.373333
20 0.099278 0.493333 0.036101 0.32
14 0.134477 0.493333 0.027076 0.32
20 0.181408 0.493333 0.041516 0.32
0 0.223827 0.506667 0.036101 0.346667
12 0.265343 0.613333 0.021661 0.613333
7 0.294224 0.5 0.028881 0.333333
9 0.325812 0.373333 0.027076 0.613333
1 0.362816 0.493333 0.039711 0.32
0 0.415162 0.493333 0.039711 0.32
9 0.461191 0.386667 0.045126 0.64
3 0.509025 0.493333 0.043321 0.32
6 0.555957 0.493333 0.043321 0.32
25 0.599278 0.493333 0.036101 0.32
17 0.642599 0.493333 0.025271 0.32
26 0.669675 0.493333 0.021661 0.32
1 0.708484 0.493333 0.048736 0.32
9 0.767148 0.373333 0.043321 0.613333
7 0.805957 0.493333 0.027076 0.32
8 0.849278 0.606667 0.034296 0.626667
0 0.888989 0.493333 0.037906 0.32
9 0.931408 0.373333 0.039711 0.613333
11 0.971119 0.493333 0.032491 0.32
