0 0.015182 0.493333 0.030364 0.32
24 0.044534 0.493333 0.020243 0.32
11 0.072874 0.493333 0.02834 0.32
9 0.126518 0.373333 0.050607 0.613333
7 0.171053 0.493333 0.030364 0.32
0 0.215587 0.493333 0.030364 0.32
9 0.263158 0.38 0.05668 0.626667
25 0.317814 0.493333 0.044534 0.32
11 0.361336 0.493333 0.034413 0.32
9 0.406883 0.38 0.048583 0.626667
6 0.464575 0.493333 0.038462 0.32
24 0.504049 0.493333 0.032389 0.32
17 0.543522 0.493333 0.038462 0.32
0 0.59413 0.493333 0.034413 0.32
1 0.633603 0.493333 0.036437 0.32
17 0.673077 0.493333 0.034413 0.32
0 0.718623 0.5 0.048583 0.333333
5 0.781377 0.493333 0.048583 0.32
2 0.823887 0.493333 0.02834 0.32
25 0.86336 0.493333 0.04251 0.32
20 0.906883 0.493333 0.036437 0.32
14 0.944332 0.493333 0.030364 0.32
24 0.974696 0.493333 0.022267 0.32
