9 0.018954 0.353333 0.035294 0.493333
7 0.04902 0.493333 0.019608 0.32
17 0.086275 0.493333 0.036601 0.32
19 0.124183 0.493333 0.033987 0.32
14 0.154902 0.506667 0.022222 0.346667
8 0.200654 0.62 0.05098 0.626667
19 0.247712 0.5 0.037908 0.333333
24 0.27451 0.493333 0.010458 0.32
6 0.293464 0.493333 0.022222 0.32
10 0.326797 0.493333 0.026144 0.32
1 0.360131 0.493333 0.035294 0.32
12 0.396732 0.606667 0.03268 0.626667
11 0.427451 0.493333 0.023529 0.32
24 0.448366 0.493333 0.013072 0.32
25 0.477124 0.493333 0.026144 0.32
14 0.502614 0.493333 0.019608 0.32
0 0.529412 0.513333 0.028758 0.36
24 0.556863 0.493333 0.020915 0.32
5 0.582353 0.506667 0.024837 0.346667
24 0.604575 0.493333 0.014379 0.32
9 0.635294 0.38 0.028758 0.626667
24 0.65817 0.493333 0.011765 0.32
7 0.677778 0.506667 0.022222 0.346667
24 0.696732 0.5 0.010458 0.333333
20 0.727451 0.493333 0.03268 0.32
2 0.762092 0.493333 0.031373 0.32
9 0.806536 0.366667 0.039216 0.626667
0 0.839216 0.493333 0.020915 0.32
5 0.865359 0.5 0.026144 0.333333
19 0.899346 0.513333 0.036601 0.36
1 0.940523 0.493333 0.040523 0.32
20 0.977124 0.493333 0.027451 0.32
