10 0.022837 0.513333 0.045673 0.36
9 0.079327 0.373333 0.057692 0.613333
24 0.11899 0.493333 0.012019 0.32
24 0.138221 0.493333 0.016827 0.32
3 0.169471 0.493333 0.036058 0.32
1 0.216346 0.493333 0.048077 0.32
19 0.295673 0.506667 0.076923 0.346667
25 0.365385 0.493333 0.052885 0.32
0 0.430288 0.493333 0.067308 0.32
9 0.510817 0.38 0.084135 0.626667
0 0.582933 0.493333 0.050481 0.32
5 0.652644 0.493333 0.055288 0.32
9 0.727163 0.373333 0.084135 0.64
24 0.786058 0.493333 0.024038 0.32
3 0.820913 0.493333 0.036058 0.32
4 0.867788 0.493333 0.048077 0.32
5 0.932692 0.493333 0.048077 0.32
26 0.972356 0.493333 0.021635 0.32
