0 0.018519 0.5 0.037037 0.333333
25 0.051971 0.493333 0.02509 0.32
9 0.083632 0.366667 0.033453 0.653333
25 0.114695 0.493333 0.023895 0.32
9 0.145161 0.4 0.032258 0.666667
10 0.181004 0.506667 0.0227 0.346667
9 0.20908 0.373333 0.028674 0.613333
24 0.23178 0.493333 0.011947 0.32
1 0.25687 0.493333 0.033453 0.32
10 0.29092 0.493333 0.017921 0.32
5 0.317204 0.493333 0.029869 0.32
9 0.350657 0.38 0.032258 0.626667
2 0.381123 0.52 0.023895 0.373333
19 0.415771 0.506667 0.040621 0.32
24 0.443847 0.526667 0.010753 0.386667
5 0.469534 0.493333 0.023895 0.32
7 0.493429 0.52 0.019116 0.373333
2 0.517921 0.493333 0.02509 0.32
9 0.5454 0.373333 0.02509 0.613333
10 0.574671 0.493333 0.016726 0.32
3 0.597969 0.493333 0.02509 0.32
0 0.623656 0.493333 0.021505 0.32
20 0.64994 0.513333 0.014337 0.36
3 0.670251 0.493333 0.021505 0.32
1 0.695341 0.52 0.023895 0.373333
5 0.724014 0.493333 0.028674 0.32
11 0.749104 0.493333 0.016726 0.32
5 0.777778 0.493333 0.023895 0.32
7 0.798088 0.493333 0.011947 0.32
25 0.824373 0.493333 0.023895 0.32
6 0.850657 0.493333 0.023895 0.32
0 0.879331 0.493333 0.028674 0.32
5 0.914576 0.493333 0.02509 0.32
13 0.939665 0.493333 0.020311 0.32
19 0.971924 0.493333 0.039427 0.32
