20 0.043027 0.493333 0.086053 0.32
1 0.121662 0.493333 0.059347 0.32
12 0.194362 0.613333 0.04451 0.613333
11 0.243323 0.493333 0.041543 0.32
0 0.305638 0.52 0.071217 0.373333
24 0.364985 0.486667 0.035608 0.306667
9 0.4273 0.38 0.071217 0.626667
5 0.51632 0.493333 0.065282 0.32
11 0.587537 0.493333 0.065282 0.32
24 0.642433 0.493333 0.032641 0.32
5 0.689911 0.493333 0.050445 0.32
12 0.753709 0.613333 0.035608 0.613333
24 0.792285 0.493333 0.029674 0.32
19 0.848665 0.493333 0.071217 0.32
9 0.934718 0.373333 0.089021 0.613333
