3 0.028986 0.5 0.057971 0.333333
19 0.101449 0.493333 0.077295 0.32
25 0.181159 0.493333 0.048309 0.32
11 0.227053 0.493333 0.033816 0.32
25 0.285024 0.493333 0.072464 0.32
25 0.364734 0.493333 0.05314 0.32
7 0.410628 0.5 0.028986 0.333333
25 0.468599 0.493333 0.05314 0.32
9 0.525362 0.373333 0.050725 0.613333
2 0.578502 0.513333 0.045894 0.36
11 0.623188 0.493333 0.033816 0.32
5 0.682367 0.493333 0.050725 0.32
7 0.725845 0.493333 0.02657 0.32
17 0.774155 0.493333 0.060386 0.32
1 0.835749 0.513333 0.05314 0.36
11 0.886473 0.493333 0.038647 0.32
5 0.94686 0.5 0.072464 0.333333
