12 0.011962 0.613333 0.023923 0.613333
11 0.04067 0.493333 0.027113 0.32
5 0.08134 0.493333 0.031898 0.32
19 0.12201 0.5 0.043062 0.333333
11 0.157895 0.493333 0.022329 0.32
9 0.200957 0.373333 0.041467 0.613333
24 0.232057 0.493333 0.014354 0.32
7 0.252791 0.493333 0.020734 0.32
5 0.289474 0.493333 0.030303 0.32
9 0.328549 0.38 0.041467 0.626667
24 0.358852 0.493333 0.012759 0.32
9 0.396332 0.346667 0.039872 0.666667
0 0.440191 0.493333 0.041467 0.32
25 0.488836 0.493333 0.033493 0.32
7 0.518341 0.493333 0.019139 0.32
5 0.556619 0.493333 0.035088 0.32
7 0.591707 0.506667 0.028708 0.346667
9 0.637959 0.38 0.041467 0.626667
0 0.680223 0.493333 0.036683 0.32
25 0.727273 0.493333 0.035088 0.32
3 0.761563 0.493333 0.027113 0.32
10 0.795853 0.5 0.019139 0.333333
0 0.830941 0.493333 0.044657 0.32
24 0.872408 0.493333 0.015949 0.32
25 0.899522 0.493333 0.031898 0.32
9 0.937799 0.373333 0.038278 0.613333
7 0.974482 0.526667 0.028708 0.386667
