26 0.005502 0.493333 0.011004 0.32
17 0.024759 0.493333 0.022008 0.32
20 0.058459 0.5 0.026135 0.333333
0 0.093535 0.52 0.038514 0.373333
9 0.13205 0.373333 0.033012 0.613333
0 0.169876 0.526667 0.037139 0.386667
12 0.204952 0.606667 0.013755 0.626667
11 0.227648 0.493333 0.026135 0.32
25 0.259972 0.506667 0.033012 0.346667
3 0.290234 0.493333 0.022008 0.32
1 0.329436 0.493333 0.037139 0.32
11 0.363824 0.493333 0.026135 0.32
24 0.387208 0.493333 0.015131 0.32
19 0.418157 0.52 0.041265 0.373333
5 0.462861 0.493333 0.028886 0.32
19 0.498624 0.493333 0.037139 0.32
24 0.529574 0.493333 0.019257 0.32
9 0.560523 0.4 0.037139 0.666667
1 0.591472 0.493333 0.019257 0.32
24 0.610729 0.493333 0.013755 0.32
25 0.642366 0.493333 0.030261 0.32
7 0.669188 0.493333 0.017882 0.32
25 0.695323 0.493333 0.028886 0.32
24 0.720083 0.493333 0.015131 0.32
24 0.737276 0.493333 0.013755 0.32
20 0.767538 0.5 0.02751 0.333333
0 0.798487 0.493333 0.028886 0.32
9 0.841816 0.393333 0.038514 0.653333
0 0.88033 0.493333 0.033012 0.32
17 0.913343 0.5 0.02751 0.333333
2 0.944979 0.493333 0.030261 0.32
3 0.976616 0.493333 0.02751 0.32
