12 0.017906 0.62 0.035813 0.626667
3 0.064738 0.493333 0.046832 0.32
9 0.137741 0.38 0.060606 0.626667
24 0.184573 0.493333 0.022039 0.32
7 0.220386 0.506667 0.038567 0.346667
9 0.287879 0.38 0.085399 0.626667
24 0.349862 0.493333 0.027548 0.32
20 0.410468 0.493333 0.055096 0.32
6 0.471074 0.526667 0.055096 0.386667
19 0.546832 0.493333 0.085399 0.32
9 0.632231 0.38 0.07438 0.626667
5 0.717631 0.493333 0.057851 0.32
9 0.787879 0.373333 0.071625 0.613333
7 0.85124 0.493333 0.044077 0.32
9 0.929752 0.38 0.101928 0.626667
