25 0.014075 0.493333 0.02815 0.32
7 0.042225 0.513333 0.022788 0.36
24 0.063673 0.493333 0.014745 0.32
20 0.087131 0.513333 0.02681 0.36
24 0.11059 0.493333 0.014745 0.32
14 0.130027 0.493333 0.018767 0.32
10 0.161528 0.493333 0.025469 0.32
24 0.182976 0.493333 0.012064 0.32
16 0.213807 0.573333 0.044236 0.693333
11 0.25067 0.493333 0.024129 0.32
16 0.296917 0.613333 0.049598 0.613333
24 0.330429 0.493333 0.012064 0.32
6 0.351877 0.493333 0.025469 0.32
9 0.385389 0.373333 0.036193 0.613333
9 0.422922 0.38 0.033512 0.626667
1 0.455764 0.493333 0.02681 0.32
25 0.493968 0.493333 0.02815 0.32
9 0.530161 0.38 0.038874 0.626667
0 0.574397 0.493333 0.044236 0.32
20 0.614611 0.493333 0.017426 0.32
1 0.640751 0.493333 0.029491 0.32
2 0.674933 0.493333 0.033512 0.32
19 0.711796 0.493333 0.034853 0.32
2 0.75067 0.52 0.024129 0.373333
17 0.774799 0.493333 0.018767 0.32
24 0.792895 0.493333 0.012064 0.32
16 0.823727 0.613333 0.044236 0.613333
20 0.871314 0.493333 0.032172 0.32
0 0.904155 0.5 0.02815 0.333333
12 0.930295 0.62 0.018767 0.626667
24 0.949062 0.493333 0.013405 0.32
5 0.974531 0.493333 0.032172 0.32
