24 0.007886 0.493333 0.015773 0.32
13 0.029968 0.493333 0.022082 0.32
7 0.055994 0.493333 0.023659 0.32
17 0.089905 0.493333 0.037855 0.32
2 0.141956 0.533333 0.059937 0.4
0 0.190852 0.493333 0.031546 0.32
3 0.233438 0.493333 0.031546 0.32
1 0.268927 0.493333 0.033123 0.32
10 0.309937 0.493333 0.026814 0.32
5 0.343849 0.513333 0.0347 0.36
9 0.388801 0.373333 0.048896 0.64
0 0.433754 0.506667 0.0347 0.346667
9 0.483438 0.366667 0.042587 0.626667
24 0.512618 0.493333 0.009464 0.32
7 0.52918 0.493333 0.01735 0.32
9 0.563091 0.373333 0.044164 0.613333
1 0.612776 0.493333 0.048896 0.32
24 0.648265 0.493333 0.015773 0.32
12 0.676656 0.613333 0.018927 0.613333
25 0.708202 0.52 0.037855 0.373333
11 0.744479 0.493333 0.028391 0.32
25 0.778391 0.493333 0.033123 0.32
13 0.809148 0.493333 0.022082 0.32
2 0.839905 0.493333 0.033123 0.32
10 0.880126 0.493333 0.025237 0.32
5 0.915615 0.493333 0.039432 0.32
24 0.950315 0.493333 0.007886 0.32
0 0.973186 0.493333 0.031546 0.32
