5 0.027211 0.493333 0.054422 0.32
25 0.0839 0.493333 0.049887 0.32
5 0.139456 0.493333 0.052154 0.32
25 0.195011 0.493333 0.049887 0.32
9 0.269841 0.366667 0.068027 0.626667
1 0.334467 0.493333 0.052154 0.32
9 0.394558 0.373333 0.058957 0.613333
0 0.456916 0.493333 0.056689 0.32
9 0.529478 0.38 0.056689 0.626667
0 0.581633 0.5 0.038549 0.333333
24 0.615646 0.493333 0.020408 0.32
25 0.664399 0.493333 0.045351 0.32
7 0.709751 0.493333 0.036281 0.32
20 0.765306 0.493333 0.043084 0.32
0 0.814059 0.493333 0.045351 0.32
5 0.863946 0.493333 0.045351 0.32
11 0.911565 0.493333 0.040816 0.32
0 0.960317 0.493333 0.047619 0.32
