10 0.017007 0.493333 0.034014 0.32
1 0.051871 0.493333 0.028912 0.32
24 0.076531 0.493333 0.013605 0.32
17 0.103741 0.493333 0.034014 0.32
19 0.145408 0.493333 0.042517 0.32
14 0.185374 0.493333 0.030612 0.32
2 0.231293 0.493333 0.037415 0.32
9 0.277211 0.38 0.047619 0.626667
19 0.329932 0.506667 0.05102 0.32
3 0.372449 0.493333 0.027211 0.32
24 0.401361 0.493333 0.02381 0.32
16 0.445578 0.62 0.057823 0.626667
9 0.519558 0.373333 0.066327 0.64
0 0.579082 0.493333 0.045918 0.32
12 0.62585 0.606667 0.02381 0.626667
25 0.661565 0.52 0.040816 0.373333
9 0.710884 0.36 0.05102 0.64
26 0.75 0.493333 0.020408 0.32
0 0.780612 0.493333 0.034014 0.32
24 0.808673 0.493333 0.015306 0.32
24 0.836735 0.493333 0.017007 0.32
5 0.871599 0.493333 0.045918 0.32
9 0.926871 0.38 0.040816 0.626667
1 0.969388 0.493333 0.037415 0.32
