12 0.010753 0.613333 0.021505 0.613333
11 0.051075 0.493333 0.048387 0.32
3 0.122312 0.493333 0.056452 0.32
1 0.188172 0.493333 0.064516 0.32
9 0.263441 0.373333 0.048387 0.64
0 0.329301 0.493333 0.072581 0.32
16 0.43414 0.613333 0.099462 0.613333
17 0.512097 0.493333 0.045699 0.32
5 0.586022 0.493333 0.064516 0.32
11 0.646505 0.506667 0.045699 0.346667
20 0.705645 0.493333 0.061828 0.32
24 0.752688 0.493333 0.021505 0.32
0 0.797043 0.493333 0.056452 0.32
9 0.876344 0.373333 0.064516 0.64
1 0.947581 0.493333 0.067204 0.32
