10 0.020661 0.493333 0.041322 0.32
25 0.067149 0.493333 0.043388 0.32
11 0.107438 0.493333 0.028926 0.32
19 0.155992 0.493333 0.059917 0.32
5 0.210744 0.493333 0.041322 0.32
20 0.270661 0.493333 0.049587 0.32
11 0.318182 0.493333 0.03719 0.32
19 0.379132 0.493333 0.076446 0.32
0 0.441116 0.5 0.039256 0.333333
2 0.498967 0.493333 0.068182 0.32
24 0.557851 0.493333 0.020661 0.32
13 0.586777 0.493333 0.028926 0.32
2 0.625 0.493333 0.039256 0.32
20 0.679752 0.513333 0.041322 0.36
0 0.720041 0.493333 0.030992 0.32
24 0.747934 0.493333 0.016529 0.32
11 0.77686 0.506667 0.033058 0.346667
1 0.828512 0.52 0.061983 0.373333
5 0.895661 0.513333 0.043388 0.36
26 0.928719 0.493333 0.014463 0.32
5 0.96281 0.493333 0.045455 0.32
