9 0.021115 0.38 0.04223 0.626667
0 0.066723 0.493333 0.04223 0.32
0 0.107264 0.493333 0.032095 0.32
24 0.138514 0.493333 0.023649 0.32
9 0.178209 0.386667 0.048986 0.64
10 0.226351 0.493333 0.023649 0.32
25 0.260135 0.493333 0.037162 0.32
11 0.299831 0.493333 0.035473 0.32
7 0.33277 0.493333 0.023649 0.32
6 0.366554 0.493333 0.037162 0.32
17 0.408784 0.493333 0.023649 0.32
19 0.447635 0.493333 0.047297 0.32
0 0.493243 0.513333 0.037162 0.36
3 0.539696 0.493333 0.032095 0.32
1 0.577703 0.493333 0.037162 0.32
2 0.619932 0.493333 0.040541 0.32
9 0.670608 0.373333 0.037162 0.613333
19 0.722973 0.493333 0.060811 0.32
8 0.784628 0.606667 0.055743 0.626667
17 0.830236 0.493333 0.028716 0.32
3 0.858953 0.493333 0.021959 0.32
5 0.902027 0.493333 0.040541 0.32
18 0.942568 0.493333 0.033784 0.32
7 0.975507 0.493333 0.025338 0.32
