9 0.014663 0.38 0.029326 0.626667
24 0.038856 0.493333 0.013196 0.32
7 0.059384 0.493333 0.021994 0.32
20 0.09824 0.493333 0.035191 0.32
0 0.132698 0.493333 0.027859 0.32
3 0.16349 0.493333 0.027859 0.32
1 0.195015 0.493333 0.029326 0.32
10 0.229472 0.493333 0.019062 0.32
1 0.260997 0.5 0.038123 0.333333
20 0.291789 0.513333 0.017595 0.36
1 0.330645 0.526667 0.054252 0.36
2 0.374633 0.493333 0.027859 0.32
5 0.416422 0.5 0.035191 0.333333
7 0.447947 0.493333 0.021994 0.32
25 0.479472 0.506667 0.035191 0.346667
9 0.519062 0.38 0.038123 0.626667
0 0.556452 0.5 0.030792 0.333333
25 0.604106 0.5 0.043988 0.333333
7 0.641496 0.493333 0.024927 0.32
9 0.68695 0.373333 0.045455 0.613333
7 0.727273 0.493333 0.029326 0.32
12 0.759531 0.613333 0.014663 0.613333
14 0.782258 0.486667 0.021994 0.306667
12 0.810117 0.613333 0.024927 0.613333
11 0.83871 0.493333 0.026393 0.32
10 0.872434 0.493333 0.020528 0.32
25 0.903226 0.506667 0.035191 0.346667
2 0.940616 0.513333 0.033724 0.36
17 0.975073 0.493333 0.029326 0.32
