9 0.022971 0.373333 0.045942 0.613333
11 0.061256 0.493333 0.024502 0.32
4 0.097243 0.493333 0.041348 0.32
20 0.140888 0.493333 0.024502 0.32
0 0.17075 0.526667 0.029096 0.386667
25 0.205207 0.526667 0.033691 0.386667
17 0.244257 0.513333 0.038285 0.36
14 0.280245 0.506667 0.027565 0.346667
25 0.320827 0.493333 0.032159 0.32
9 0.359877 0.373333 0.039816 0.613333
18 0.408882 0.493333 0.036753 0.32
2 0.450995 0.52 0.041348 0.373333
7 0.492343 0.493333 0.035222 0.32
24 0.519142 0.5 0.012251 0.333333
17 0.546708 0.506667 0.036753 0.346667
5 0.590352 0.493333 0.04441 0.32
24 0.6317 0.493333 0.016845 0.32
2 0.657734 0.52 0.029096 0.373333
20 0.692956 0.493333 0.035222 0.32
7 0.723583 0.493333 0.019908 0.32
25 0.751914 0.493333 0.030628 0.32
12 0.789433 0.593333 0.022971 0.653333
14 0.815467 0.493333 0.022971 0.32
9 0.861409 0.38 0.047473 0.626667
1 0.906585 0.493333 0.036753 0.32
25 0.951761 0.493333 0.032159 0.32
3 0.980092 0.493333 0.018377 0.32
