10 0.017986 0.493333 0.035971 0.32
24 0.051559 0.493333 0.021583 0.32
10 0.098321 0.493333 0.06235 0.32
3 0.157074 0.493333 0.045564 0.32
25 0.209832 0.493333 0.05036 0.32
11 0.260192 0.493333 0.040767 0.32
5 0.321343 0.506667 0.047962 0.346667
20 0.368106 0.493333 0.035971 0.32
25 0.416067 0.493333 0.05036 0.32
19 0.477218 0.493333 0.06235 0.32
1 0.53717 0.493333 0.047962 0.32
17 0.606715 0.493333 0.057554 0.32
25 0.665468 0.493333 0.05036 0.32
0 0.733813 0.493333 0.052758 0.32
24 0.779376 0.486667 0.028777 0.306667
5 0.83693 0.5 0.071942 0.333333
25 0.913669 0.493333 0.047962 0.32
3 0.96283 0.493333 0.040767 0.32
