9 0.026012 0.373333 0.052023 0.613333
0 0.078035 0.493333 0.044316 0.32
10 0.123314 0.493333 0.038536 0.32
9 0.181118 0.366667 0.069364 0.626667
24 0.23025 0.493333 0.021195 0.32
1 0.261079 0.493333 0.032755 0.32
0 0.311175 0.493333 0.040462 0.32
24 0.344894 0.513333 0.019268 0.36
9 0.385356 0.373333 0.05395 0.613333
24 0.424855 0.52 0.017341 0.373333
20 0.468208 0.486667 0.038536 0.306667
24 0.503854 0.493333 0.021195 0.32
2 0.540462 0.5 0.044316 0.333333
0 0.584778 0.493333 0.036609 0.32
12 0.631985 0.586667 0.030829 0.666667
11 0.668593 0.493333 0.034682 0.32
10 0.7158 0.493333 0.032755 0.32
24 0.745665 0.493333 0.019268 0.32
9 0.791908 0.373333 0.065511 0.613333
19 0.854528 0.5 0.052023 0.333333
0 0.913295 0.493333 0.038536 0.32
9 0.961464 0.38 0.050096 0.626667
