9 0.01871 0.373333 0.037419 0.613333
2 0.054839 0.493333 0.029677 0.32
17 0.090968 0.5 0.024516 0.333333
24 0.112258 0.493333 0.012903 0.32
19 0.139355 0.52 0.036129 0.373333
2 0.17871 0.493333 0.024516 0.32
9 0.214194 0.386667 0.03871 0.56
12 0.250323 0.613333 0.015484 0.613333
1 0.28 0.493333 0.03871 0.32
11 0.311613 0.493333 0.019355 0.32
9 0.339355 0.393333 0.030968 0.653333
20 0.377419 0.493333 0.027097 0.32
7 0.405806 0.493333 0.024516 0.32
9 0.439355 0.373333 0.037419 0.613333
24 0.469677 0.493333 0.018065 0.32
11 0.492258 0.493333 0.021935 0.32
1 0.525161 0.493333 0.03871 0.32
20 0.570323 0.493333 0.033548 0.32
11 0.6 0.506667 0.020645 0.346667
0 0.625161 0.493333 0.024516 0.32
9 0.665806 0.38 0.03871 0.626667
0 0.700645 0.493333 0.025806 0.32
17 0.728387 0.493333 0.024516 0.32
19 0.75871 0.526667 0.030968 0.386667
25 0.796129 0.5 0.03871 0.333333
12 0.834194 0.613333 0.019355 0.613333
11 0.856774 0.493333 0.020645 0.32
24 0.885161 0.493333 0.018065 0.32
5 0.909032 0.526667 0.024516 0.386667
1 0.940645 0.493333 0.033548 0.32
17 0.975484 0.513333 0.030968 0.36
