9 0.01696 0.373333 0.03392 0.613333
1 0.055905 0.493333 0.038945 0.32
17 0.092337 0.52 0.028894 0.373333
19 0.126256 0.493333 0.03392 0.32
0 0.156407 0.5 0.021357 0.333333
12 0.185302 0.593333 0.018844 0.653333
3 0.207286 0.486667 0.020101 0.333333
9 0.239322 0.38 0.038945 0.626667
0 0.273241 0.513333 0.023869 0.36
18 0.305276 0.493333 0.022613 0.32
7 0.329774 0.513333 0.021357 0.36
11 0.351759 0.493333 0.017588 0.32
24 0.36809 0.493333 0.01005 0.32
9 0.399497 0.373333 0.035176 0.613333
1 0.434673 0.493333 0.030151 0.32
9 0.471734 0.353333 0.026382 0.68
0 0.498744 0.52 0.022613 0.373333
5 0.530151 0.493333 0.022613 0.32
7 0.555276 0.493333 0.022613 0.293333
25 0.589824 0.493333 0.026382 0.32
11 0.615578 0.493333 0.020101 0.32
1 0.643216 0.513333 0.030151 0.36
0 0.681533 0.493333 0.028894 0.32
24 0.704774 0.493333 0.012563 0.32
9 0.73304 0.38 0.038945 0.626667
5 0.776382 0.493333 0.030151 0.32
1 0.805276 0.493333 0.022613 0.32
2 0.832915 0.533333 0.027638 0.4
19 0.864322 0.513333 0.030151 0.36
2 0.898869 0.493333 0.03392 0.32
9 0.940327 0.4 0.031407 0.666667
0 0.974874 0.52 0.032663 0.373333
