24 0.004878 0.493333 0.009756 0.32
20 0.023171 0.493333 0.021951 0.32
24 0.041463 0.493333 0.009756 0.32
6 0.060976 0.493333 0.02439 0.32
0 0.089024 0.526667 0.026829 0.386667
17 0.122561 0.493333 0.023171 0.32
19 0.152439 0.493333 0.031707 0.32
0 0.185976 0.5 0.030488 0.333333
9 0.22622 0.38 0.032927 0.626667
7 0.254878 0.493333 0.019512 0.32
5 0.286585 0.493333 0.026829 0.32
17 0.312195 0.493333 0.019512 0.32
11 0.331707 0.493333 0.014634 0.32
25 0.359756 0.493333 0.036585 0.32
13 0.390854 0.493333 0.020732 0.32
2 0.417073 0.493333 0.026829 0.32
17 0.45 0.493333 0.021951 0.32
14 0.473171 0.493333 0.019512 0.32
18 0.498171 0.493333 0.02561 0.32
24 0.520732 0.486667 0.014634 0.306667
10 0.546951 0.493333 0.018293 0.32
9 0.57439 0.373333 0.031707 0.613333
7 0.60122 0.493333 0.017073 0.32
7 0.618293 0.5 0.012195 0.333333
0 0.651829 0.5 0.037805 0.333333
9 0.687195 0.373333 0.028049 0.613333
5 0.718902 0.493333 0.030488 0.32
11 0.747561 0.493333 0.021951 0.32
5 0.77561 0.493333 0.029268 0.32
9 0.807317 0.38 0.029268 0.626667
10 0.841463 0.526667 0.021951 0.386667
1 0.868293 0.513333 0.026829 0.36
2 0.89878 0.493333 0.029268 0.32
24 0.921341 0.493333 0.010976 0.32
19 0.946341 0.493333 0.034146 0.32
25 0.978659 0.493333 0.02561 0.32
