12 0.00774 0.606667 0.01548 0.626667
11 0.03096 0.493333 0.024768 0.32
0 0.06192 0.493333 0.03096 0.32
24 0.092879 0.493333 0.024768 0.32
5 0.127709 0.493333 0.0387 0.32
25 0.176471 0.493333 0.037152 0.32
3 0.212848 0.493333 0.029412 0.32
5 0.247678 0.493333 0.034056 0.32
24 0.276316 0.493333 0.017028 0.32
26 0.294892 0.493333 0.013932 0.32
6 0.318885 0.493333 0.027864 0.32
25 0.359907 0.493333 0.032508 0.32
7 0.393963 0.493333 0.029412 0.32
20 0.436533 0.506667 0.034056 0.346667
1 0.472136 0.493333 0.03096 0.32
3 0.506966 0.493333 0.032508 0.32
24 0.540248 0.493333 0.012384 0.32
17 0.565789 0.493333 0.032508 0.32
11 0.595201 0.513333 0.020124 0.36
19 0.628483 0.493333 0.040248 0.32
25 0.668731 0.493333 0.034056 0.32
25 0.71517 0.52 0.037152 0.373333
3 0.751548 0.493333 0.029412 0.32
24 0.78483 0.493333 0.01548 0.32
11 0.809598 0.5 0.027864 0.333333
19 0.852167 0.493333 0.051084 0.32
10 0.894737 0.493333 0.027864 0.32
19 0.934211 0.493333 0.044892 0.32
0 0.974458 0.493333 0.029412 0.32
