20 0.020316 0.526667 0.040632 0.386667
25 0.072235 0.493333 0.054176 0.32
24 0.119639 0.493333 0.031603 0.32
5 0.164786 0.493333 0.049661 0.32
9 0.218962 0.373333 0.049661 0.613333
1 0.283296 0.493333 0.069977 0.32
20 0.351016 0.493333 0.03386 0.32
0 0.395034 0.493333 0.045147 0.32
12 0.444695 0.606667 0.022573 0.626667
11 0.476298 0.493333 0.031603 0.32
25 0.534989 0.52 0.054176 0.373333
7 0.583521 0.493333 0.03386 0.32
10 0.62754 0.493333 0.045147 0.32
3 0.677201 0.52 0.045147 0.373333
16 0.740406 0.613333 0.072235 0.613333
24 0.791196 0.493333 0.020316 0.32
9 0.856659 0.38 0.079007 0.626667
0 0.918736 0.493333 0.036117 0.32
2 0.962754 0.493333 0.042889 0.32
