10 0.022222 0.493333 0.044444 0.32
5 0.075309 0.493333 0.051852 0.32
25 0.144444 0.493333 0.051852 0.32
3 0.191358 0.493333 0.032099 0.32
3 0.233333 0.493333 0.041975 0.32
1 0.279012 0.493333 0.039506 0.32
20 0.335802 0.493333 0.039506 0.32
24 0.37284 0.493333 0.024691 0.32
11 0.412346 0.493333 0.044444 0.32
9 0.477778 0.373333 0.076543 0.613333
19 0.559259 0.493333 0.076543 0.32
24 0.62963 0.493333 0.02963 0.32
3 0.67037 0.5 0.041975 0.333333
25 0.722222 0.493333 0.051852 0.32
2 0.775309 0.493333 0.044444 0.32
3 0.834568 0.513333 0.039506 0.36
24 0.871605 0.493333 0.024691 0.32
2 0.91358 0.506667 0.049383 0.346667
7 0.962963 0.493333 0.039506 0.32
