20 0.023419 0.493333 0.046838 0.32
0 0.0726 0.493333 0.042155 0.32
25 0.145199 0.5 0.070258 0.333333
6 0.20726 0.493333 0.044496 0.32
0 0.274005 0.493333 0.056206 0.32
9 0.331382 0.38 0.04918 0.626667
10 0.393443 0.493333 0.042155 0.32
25 0.454333 0.5 0.070258 0.333333
11 0.512881 0.493333 0.037471 0.32
9 0.567916 0.38 0.063232 0.626667
24 0.617096 0.493333 0.025761 0.32
1 0.662763 0.493333 0.056206 0.32
5 0.735363 0.493333 0.056206 0.32
1 0.796253 0.486667 0.056206 0.28
19 0.861827 0.493333 0.06089 0.32
20 0.912178 0.493333 0.030445 0.32
2 0.957845 0.506667 0.051522 0.346667
