2 0.023077 0.493333 0.046154 0.32
17 0.068269 0.493333 0.036538 0.32
5 0.118269 0.493333 0.036538 0.32
2 0.163462 0.52 0.046154 0.373333
6 0.217308 0.493333 0.034615 0.32
16 0.274038 0.613333 0.071154 0.613333
24 0.325 0.493333 0.023077 0.32
9 0.370192 0.373333 0.059615 0.613333
6 0.424038 0.493333 0.040385 0.32
25 0.468269 0.493333 0.040385 0.32
25 0.530769 0.5 0.057692 0.333333
17 0.582692 0.493333 0.038462 0.32
3 0.622115 0.493333 0.032692 0.32
20 0.670192 0.493333 0.036538 0.32
24 0.701923 0.526667 0.019231 0.386667
11 0.730769 0.493333 0.030769 0.32
0 0.767308 0.493333 0.034615 0.32
9 0.824038 0.373333 0.051923 0.613333
0 0.876923 0.493333 0.046154 0.32
9 0.926923 0.36 0.046154 0.64
7 0.970192 0.493333 0.032692 0.32
