25 0.019409 0.493333 0.038817 0.32
3 0.057301 0.486667 0.029575 0.333333
2 0.107209 0.493333 0.044362 0.32
24 0.143253 0.493333 0.020333 0.32
17 0.174677 0.493333 0.03512 0.32
9 0.228281 0.373333 0.064695 0.613333
9 0.2939 0.38 0.040665 0.626667
24 0.326248 0.493333 0.016636 0.32
7 0.35305 0.52 0.029575 0.373333
20 0.399261 0.493333 0.036969 0.32
19 0.449168 0.506667 0.055453 0.32
2 0.505545 0.493333 0.049908 0.32
25 0.565619 0.506667 0.044362 0.346667
7 0.60536 0.493333 0.027726 0.32
9 0.657116 0.38 0.049908 0.626667
0 0.707948 0.493333 0.044362 0.32
3 0.747689 0.493333 0.027726 0.32
6 0.78281 0.493333 0.03512 0.32
25 0.822551 0.493333 0.036969 0.32
16 0.878004 0.613333 0.048059 0.613333
25 0.926063 0.493333 0.040665 0.32
3 0.968577 0.493333 0.036969 0.32
