4 0.019836 0.493333 0.039672 0.32
9 0.06156 0.373333 0.038304 0.613333
14 0.095075 0.493333 0.023256 0.32
24 0.114911 0.493333 0.010944 0.32
24 0.128591 0.493333 0.010944 0.32
9 0.164843 0.38 0.042408 0.626667
0 0.201778 0.493333 0.025992 0.32
25 0.23803 0.493333 0.04104 0.32
7 0.27223 0.493333 0.021888 0.32
10 0.305062 0.52 0.024624 0.373333
9 0.338577 0.38 0.036936 0.626667
10 0.378933 0.493333 0.024624 0.32
24 0.400821 0.493333 0.01368 0.32
25 0.424761 0.493333 0.028728 0.32
9 0.461012 0.373333 0.024624 0.64
1 0.48974 0.493333 0.02736 0.32
5 0.529412 0.493333 0.032832 0.32
25 0.564979 0.506667 0.032832 0.346667
5 0.599863 0.52 0.031464 0.373333
13 0.631327 0.493333 0.025992 0.32
12 0.662791 0.593333 0.017784 0.653333
3 0.686047 0.493333 0.023256 0.32
10 0.721614 0.493333 0.028728 0.32
3 0.753078 0.493333 0.028728 0.32
0 0.786594 0.493333 0.032832 0.32
3 0.824213 0.493333 0.023256 0.32
1 0.857729 0.493333 0.038304 0.32
9 0.896717 0.38 0.0342 0.626667
24 0.922709 0.493333 0.012312 0.32
7 0.943912 0.493333 0.024624 0.32
2 0.974692 0.493333 0.031464 0.32
