20 0.025316 0.493333 0.050633 0.32
1 0.080169 0.493333 0.050633 0.32
10 0.136076 0.493333 0.031646 0.32
1 0.184599 0.493333 0.056962 0.32
9 0.251055 0.353333 0.046414 0.68
1 0.296414 0.493333 0.035865 0.32
5 0.343882 0.493333 0.050633 0.32
7 0.392405 0.506667 0.037975 0.346667
9 0.438819 0.38 0.046414 0.626667
24 0.487342 0.493333 0.021097 0.32
5 0.522152 0.506667 0.040084 0.346667
5 0.583333 0.513333 0.052743 0.36
13 0.631857 0.493333 0.035865 0.32
14 0.670886 0.493333 0.033755 0.32
5 0.722574 0.493333 0.061181 0.32
3 0.785865 0.493333 0.035865 0.32
1 0.830169 0.506667 0.044304 0.346667
5 0.881857 0.493333 0.050633 0.32
26 0.924051 0.493333 0.025316 0.32
5 0.96308 0.493333 0.044304 0.32
