9 0.018576 0.38 0.037152 0.626667
0 0.055728 0.493333 0.03096 0.32
17 0.095201 0.493333 0.041796 0.32
2 0.131579 0.493333 0.024768 0.32
3 0.161765 0.506667 0.029412 0.346667
24 0.196594 0.493333 0.018576 0.32
5 0.229876 0.493333 0.041796 0.32
9 0.273994 0.373333 0.040248 0.613333
8 0.317337 0.613333 0.040248 0.586667
5 0.355263 0.493333 0.029412 0.32
25 0.396285 0.493333 0.03096 0.32
20 0.429567 0.493333 0.029412 0.32
14 0.4613 0.493333 0.027864 0.32
19 0.504644 0.493333 0.052632 0.32
15 0.55805 0.573333 0.032508 0.693333
0 0.592105 0.493333 0.029412 0.32
10 0.621517 0.493333 0.02322 0.32
5 0.653251 0.493333 0.034056 0.32
9 0.698916 0.38 0.051084 0.626667
17 0.749226 0.493333 0.027864 0.32
19 0.782508 0.493333 0.032508 0.32
0 0.818111 0.52 0.032508 0.373333
25 0.854489 0.493333 0.034056 0.32
3 0.887771 0.493333 0.026316 0.32
9 0.928793 0.373333 0.034056 0.613333
1 0.96904 0.5 0.040248 0.333333
