9 0.023973 0.366667 0.047945 0.653333
0 0.067637 0.493333 0.032534 0.32
0 0.116438 0.5 0.041096 0.333333
24 0.149829 0.493333 0.018836 0.32
24 0.180651 0.493333 0.018836 0.32
3 0.210616 0.493333 0.034247 0.32
25 0.251712 0.493333 0.041096 0.32
26 0.282534 0.493333 0.013699 0.32
17 0.309075 0.493333 0.032534 0.32
2 0.350171 0.493333 0.042808 0.32
5 0.40839 0.493333 0.049658 0.32
14 0.450342 0.493333 0.027397 0.32
8 0.500856 0.62 0.066781 0.626667
17 0.553938 0.493333 0.032534 0.32
3 0.58476 0.493333 0.02226 0.32
11 0.612158 0.493333 0.025685 0.32
5 0.656678 0.493333 0.039384 0.32
17 0.696062 0.493333 0.032534 0.32
18 0.734589 0.493333 0.037671 0.32
0 0.775685 0.493333 0.037671 0.32
5 0.825342 0.493333 0.037671 0.32
9 0.872432 0.373333 0.049658 0.613333
25 0.918664 0.493333 0.035959 0.32
9 0.964041 0.38 0.047945 0.626667
