17 0.017613 0.493333 0.035225 0.32
19 0.072407 0.493333 0.066536 0.32
0 0.127202 0.493333 0.035225 0.32
9 0.184932 0.38 0.052838 0.626667
24 0.225049 0.493333 0.019569 0.32
7 0.253425 0.493333 0.029354 0.32
9 0.310176 0.366667 0.056751 0.626667
1 0.363014 0.493333 0.041096 0.32
25 0.420744 0.506667 0.046967 0.346667
9 0.476517 0.38 0.056751 0.626667
5 0.53229 0.493333 0.046967 0.32
20 0.573386 0.493333 0.027397 0.32
2 0.616438 0.493333 0.050881 0.32
25 0.675147 0.493333 0.039139 0.32
2 0.722114 0.493333 0.046967 0.32
24 0.759295 0.493333 0.019569 0.32
21 0.790607 0.493333 0.035225 0.32
12 0.831703 0.613333 0.019569 0.613333
24 0.855186 0.493333 0.019569 0.32
5 0.886497 0.506667 0.035225 0.346667
2 0.934442 0.493333 0.052838 0.32
24 0.975538 0.493333 0.021526 0.32
