10 0.015221 0.493333 0.030441 0.32
1 0.05175 0.493333 0.03653 0.32
24 0.08828 0.493333 0.015221 0.32
9 0.114916 0.366667 0.031963 0.626667
20 0.15449 0.493333 0.025875 0.32
7 0.178082 0.5 0.015221 0.333333
9 0.222222 0.38 0.066971 0.626667
15 0.290715 0.58 0.048706 0.68
18 0.337139 0.493333 0.038052 0.32
7 0.374429 0.493333 0.030441 0.32
25 0.417047 0.493333 0.033486 0.32
3 0.449772 0.493333 0.025875 0.32
9 0.482496 0.373333 0.033486 0.613333
24 0.512938 0.493333 0.021309 0.32
7 0.538813 0.493333 0.024353 0.32
12 0.573059 0.613333 0.022831 0.613333
7 0.600457 0.493333 0.025875 0.32
9 0.652207 0.38 0.056317 0.626667
0 0.699391 0.493333 0.031963 0.32
25 0.744292 0.493333 0.03653 0.32
7 0.778539 0.493333 0.025875 0.32
5 0.816591 0.493333 0.028919 0.32
13 0.84551 0.493333 0.022831 0.32
25 0.87519 0.493333 0.030441 0.32
2 0.906393 0.493333 0.025875 0.32
9 0.9414 0.38 0.038052 0.626667
7 0.976408 0.493333 0.025875 0.32
