5 0.025 0.493333 0.05 0.32
14 0.066346 0.493333 0.025 0.32
19 0.109615 0.52 0.053846 0.373333
5 0.165385 0.493333 0.05 0.32
26 0.200962 0.493333 0.013462 0.32
24 0.216346 0.493333 0.009615 0.32
0 0.252885 0.493333 0.036538 0.32
24 0.289423 0.493333 0.028846 0.32
9 0.3375 0.38 0.059615 0.626667
24 0.379808 0.493333 0.017308 0.32
0 0.425 0.493333 0.046154 0.32
24 0.461538 0.506667 0.019231 0.346667
9 0.5 0.36 0.05 0.666667
12 0.554808 0.613333 0.032692 0.64
11 0.588462 0.493333 0.026923 0.32
12 0.626923 0.573333 0.023077 0.693333
25 0.663462 0.493333 0.042308 0.32
25 0.711538 0.506667 0.046154 0.346667
5 0.759615 0.493333 0.042308 0.32
9 0.8375 0.38 0.086538 0.626667
2 0.913462 0.52 0.057692 0.373333
6 0.966346 0.493333 0.040385 0.32
