0 0.029674 0.493333 0.059347 0.32
24 0.087537 0.493333 0.04451 0.32
2 0.15727 0.493333 0.083086 0.32
25 0.235905 0.493333 0.062315 0.32
10 0.313056 0.493333 0.050445 0.32
24 0.35905 0.493333 0.029674 0.32
9 0.416914 0.346667 0.074184 0.666667
7 0.482196 0.493333 0.04451 0.32
0 0.540059 0.493333 0.059347 0.32
24 0.593472 0.493333 0.035608 0.32
12 0.651335 0.606667 0.038576 0.626667
25 0.707715 0.493333 0.062315 0.32
2 0.772997 0.493333 0.05638 0.32
5 0.839763 0.493333 0.065282 0.32
9 0.928783 0.366667 0.10089 0.626667
