24 0.008237 0.493333 0.016474 0.32
0 0.036244 0.493333 0.032949 0.32
12 0.082372 0.613333 0.036244 0.613333
5 0.124382 0.493333 0.041186 0.32
25 0.164745 0.493333 0.032949 0.32
13 0.194399 0.493333 0.019769 0.32
11 0.219934 0.493333 0.024712 0.32
24 0.252883 0.493333 0.018122 0.32
9 0.287479 0.38 0.044481 0.626667
0 0.336903 0.493333 0.031301 0.32
24 0.364086 0.493333 0.016474 0.32
9 0.400329 0.38 0.049423 0.626667
9 0.450577 0.38 0.044481 0.626667
24 0.485173 0.493333 0.018122 0.32
7 0.509885 0.493333 0.024712 0.32
9 0.562603 0.38 0.057661 0.626667
7 0.605437 0.493333 0.021417 0.32
10 0.635091 0.513333 0.031301 0.36
25 0.672158 0.526667 0.036244 0.386667
17 0.707578 0.493333 0.028007 0.32
11 0.733937 0.493333 0.018122 0.32
0 0.773476 0.493333 0.037891 0.32
2 0.812191 0.493333 0.032949 0.32
20 0.847611 0.493333 0.031301 0.32
1 0.88056 0.493333 0.028007 0.32
5 0.925041 0.506667 0.037891 0.346667
2 0.967875 0.526667 0.041186 0.386667
