25 0.029491 0.493333 0.058981 0.32
9 0.103217 0.38 0.077748 0.626667
25 0.190349 0.493333 0.058981 0.32
7 0.243968 0.493333 0.037534 0.32
17 0.306971 0.493333 0.050938 0.32
19 0.373995 0.5 0.072386 0.333333
0 0.459786 0.513333 0.088472 0.36
0 0.52815 0.513333 0.037534 0.36
2 0.576408 0.493333 0.048257 0.32
21 0.640751 0.493333 0.069705 0.32
20 0.72118 0.493333 0.053619 0.32
24 0.764075 0.493333 0.021448 0.32
0 0.809651 0.493333 0.058981 0.32
0 0.883378 0.493333 0.050938 0.32
9 0.947721 0.38 0.067024 0.626667
