10 0.010929 0.493333 0.021858 0.32
1 0.037568 0.493333 0.025956 0.32
0 0.068989 0.52 0.031421 0.373333
24 0.094262 0.493333 0.013661 0.32
2 0.11612 0.493333 0.02459 0.32
24 0.141393 0.493333 0.006831 0.32
11 0.161885 0.493333 0.028689 0.32
1 0.197404 0.533333 0.036885 0.4
2 0.23429 0.526667 0.031421 0.386667
5 0.267077 0.493333 0.028689 0.32
7 0.293033 0.493333 0.01776 0.32
3 0.325137 0.493333 0.027322 0.32
1 0.357923 0.493333 0.032787 0.32
7 0.394809 0.5 0.021858 0.333333
7 0.422814 0.493333 0.028689 0.32
25 0.461066 0.493333 0.028689 0.32
24 0.485656 0.493333 0.015027 0.32
16 0.525273 0.613333 0.058743 0.613333
24 0.565574 0.493333 0.016393 0.32
25 0.597678 0.493333 0.028689 0.32
11 0.627732 0.493333 0.025956 0.32
13 0.653689 0.493333 0.020492 0.32
25 0.68306 0.52 0.032787 0.373333
17 0.714481 0.493333 0.02459 0.32
20 0.743852 0.493333 0.028689 0.32
19 0.788251 0.493333 0.040984 0.32
13 0.821721 0.493333 0.020492 0.32
0 0.851093 0.493333 0.032787 0.32
20 0.881148 0.493333 0.021858 0.32
1 0.90847 0.493333 0.027322 0.32
12 0.940574 0.613333 0.01776 0.64
20 0.971311 0.493333 0.038251 0.32
