20 0.010638 0.493333 0.021277 0.32
11 0.03617 0.506667 0.024113 0.346667
0 0.07305 0.5 0.043972 0.333333
2 0.112057 0.493333 0.028369 0.32
9 0.147518 0.38 0.036879 0.626667
17 0.188652 0.493333 0.025532 0.32
19 0.222695 0.493333 0.036879 0.32
0 0.262411 0.493333 0.036879 0.32
16 0.313475 0.606667 0.04539 0.626667
3 0.349645 0.493333 0.021277 0.32
5 0.380142 0.526667 0.034043 0.386667
17 0.424823 0.493333 0.035461 0.32
2 0.460993 0.493333 0.031206 0.32
3 0.494326 0.493333 0.029787 0.32
24 0.52766 0.493333 0.017021 0.32
9 0.558156 0.346667 0.038298 0.666667
20 0.596454 0.493333 0.032624 0.32
13 0.624823 0.493333 0.01844 0.32
19 0.657447 0.5 0.041135 0.333333
2 0.695745 0.493333 0.029787 0.32
25 0.737589 0.52 0.034043 0.373333
9 0.780851 0.366667 0.046809 0.626667
24 0.814184 0.526667 0.014184 0.386667
5 0.84539 0.493333 0.028369 0.32
7 0.875887 0.493333 0.02695 0.32
25 0.90922 0.493333 0.034043 0.32
0 0.948936 0.493333 0.039716 0.32
24 0.980142 0.486667 0.017021 0.306667
