24 0.016566 0.493333 0.033133 0.32
2 0.078313 0.493333 0.078313 0.32
12 0.141566 0.606667 0.036145 0.626667
24 0.180723 0.493333 0.03012 0.32
5 0.233434 0.493333 0.063253 0.32
5 0.317771 0.506667 0.063253 0.346667
9 0.39759 0.38 0.084337 0.626667
24 0.459337 0.493333 0.027108 0.32
0 0.513554 0.493333 0.069277 0.32
8 0.597892 0.606667 0.057229 0.626667
0 0.668675 0.493333 0.072289 0.32
9 0.75 0.38 0.078313 0.626667
14 0.822289 0.513333 0.054217 0.36
25 0.902108 0.493333 0.063253 0.32
7 0.959337 0.493333 0.039157 0.32
