9 0.01926 0.366667 0.038521 0.626667
19 0.063945 0.493333 0.044684 0.32
11 0.101695 0.493333 0.024653 0.32
10 0.128659 0.493333 0.023112 0.32
24 0.151772 0.493333 0.016949 0.32
25 0.180277 0.493333 0.033898 0.32
20 0.223421 0.493333 0.030817 0.32
0 0.261171 0.493333 0.038521 0.32
5 0.308166 0.493333 0.033898 0.32
11 0.338213 0.493333 0.020031 0.32
24 0.362866 0.493333 0.007704 0.32
3 0.392912 0.5 0.046225 0.333333
25 0.435285 0.493333 0.032357 0.32
0 0.479969 0.493333 0.035439 0.32
4 0.514638 0.506667 0.027735 0.346667
17 0.541602 0.506667 0.020031 0.346667
3 0.57473 0.493333 0.040062 0.32
24 0.612481 0.493333 0.013867 0.32
9 0.640986 0.373333 0.03698 0.613333
24 0.670262 0.493333 0.015408 0.32
14 0.692604 0.493333 0.023112 0.32
25 0.724191 0.493333 0.033898 0.32
24 0.752696 0.493333 0.016949 0.32
9 0.79584 0.373333 0.047766 0.64
0 0.838983 0.493333 0.032357 0.32
17 0.885208 0.513333 0.038521 0.36
19 0.92604 0.506667 0.03698 0.346667
0 0.959938 0.493333 0.024653 0.32
24 0.98228 0.493333 0.013867 0.32
