0 0.024064 0.493333 0.048128 0.32
24 0.069519 0.486667 0.032086 0.306667
9 0.145722 0.38 0.09893 0.546667
24 0.227273 0.493333 0.042781 0.32
3 0.287433 0.493333 0.040107 0.32
2 0.34492 0.493333 0.064171 0.32
25 0.425134 0.493333 0.058824 0.32
3 0.481283 0.493333 0.042781 0.32
0 0.540107 0.526667 0.064171 0.386667
24 0.602941 0.493333 0.050802 0.32
9 0.673797 0.353333 0.080214 0.653333
5 0.745989 0.493333 0.053476 0.32
0 0.815508 0.493333 0.048128 0.32
24 0.855615 0.493333 0.02139 0.32
9 0.910428 0.373333 0.07754 0.613333
24 0.967914 0.493333 0.026738 0.32
