25 0.02657 0.493333 0.05314 0.32
11 0.073671 0.493333 0.031401 0.32
25 0.119565 0.493333 0.050725 0.32
11 0.171498 0.493333 0.043478 0.32
20 0.237923 0.493333 0.055556 0.32
11 0.292271 0.493333 0.043478 0.32
0 0.34058 0.52 0.043478 0.373333
12 0.392512 0.613333 0.02657 0.613333
2 0.438406 0.493333 0.055556 0.32
9 0.506039 0.393333 0.070048 0.653333
3 0.565217 0.493333 0.038647 0.32
25 0.614734 0.493333 0.050725 0.32
2 0.673913 0.493333 0.057971 0.32
9 0.746377 0.373333 0.05314 0.613333
1 0.798309 0.493333 0.041063 0.32
19 0.849034 0.493333 0.050725 0.32
25 0.905797 0.493333 0.05314 0.32
0 0.960145 0.493333 0.045894 0.32
