10 0.02451 0.493333 0.04902 0.32
25 0.090686 0.493333 0.073529 0.32
19 0.171569 0.493333 0.078431 0.32
9 0.251225 0.386667 0.071078 0.64
19 0.319853 0.493333 0.056373 0.32
5 0.401961 0.493333 0.073529 0.32
11 0.466912 0.493333 0.046569 0.32
9 0.550245 0.386667 0.085784 0.666667
0 0.617647 0.526667 0.039216 0.386667
20 0.659314 0.493333 0.034314 0.32
0 0.713235 0.493333 0.063725 0.32
24 0.775735 0.493333 0.026961 0.32
0 0.817402 0.493333 0.046569 0.32
17 0.876225 0.493333 0.061275 0.32
24 0.921569 0.493333 0.019608 0.32
0 0.959559 0.493333 0.046569 0.32
