20 0.015741 0.506667 0.031481 0.346667
24 0.05 0.493333 0.02963 0.32
19 0.090741 0.493333 0.044444 0.32
1 0.139815 0.493333 0.046296 0.32
9 0.186111 0.38 0.038889 0.626667
17 0.236111 0.493333 0.035185 0.32
24 0.265741 0.493333 0.016667 0.32
18 0.292593 0.493333 0.02963 0.32
25 0.331481 0.493333 0.040741 0.32
25 0.385185 0.493333 0.040741 0.32
3 0.42963 0.513333 0.040741 0.36
0 0.475 0.493333 0.042593 0.32
24 0.517593 0.493333 0.035185 0.32
9 0.561111 0.373333 0.044444 0.613333
24 0.599074 0.493333 0.024074 0.32
19 0.649074 0.506667 0.05 0.346667
3 0.697222 0.493333 0.038889 0.32
6 0.738889 0.493333 0.037037 0.32
12 0.778704 0.613333 0.035185 0.613333
11 0.818519 0.513333 0.037037 0.36
24 0.859259 0.5 0.018519 0.333333
13 0.889815 0.493333 0.035185 0.32
24 0.92963 0.526667 0.018519 0.386667
5 0.964815 0.493333 0.044444 0.32
