20 0.024934 0.493333 0.049869 0.32
0 0.080052 0.493333 0.049869 0.32
24 0.135171 0.493333 0.049869 0.32
24 0.190289 0.493333 0.023622 0.32
5 0.245407 0.493333 0.076115 0.32
11 0.309711 0.493333 0.041995 0.32
7 0.35958 0.526667 0.047244 0.386667
10 0.426509 0.493333 0.049869 0.32
1 0.484252 0.493333 0.055118 0.32
5 0.548556 0.493333 0.062992 0.32
5 0.62336 0.506667 0.049869 0.346667
7 0.674541 0.493333 0.041995 0.32
5 0.732283 0.493333 0.062992 0.32
7 0.792651 0.52 0.047244 0.373333
24 0.829396 0.526667 0.015748 0.386667
5 0.887139 0.493333 0.062992 0.32
2 0.952756 0.493333 0.057743 0.32
