24 0.011905 0.493333 0.02381 0.32
13 0.038961 0.493333 0.021645 0.32
2 0.07684 0.493333 0.045455 0.32
8 0.142857 0.613333 0.056277 0.586667
9 0.213203 0.373333 0.075758 0.64
20 0.285714 0.493333 0.038961 0.32
0 0.333333 0.526667 0.047619 0.386667
10 0.387446 0.493333 0.030303 0.32
24 0.418831 0.493333 0.02381 0.32
25 0.45671 0.493333 0.04329 0.32
25 0.517316 0.493333 0.047619 0.32
7 0.564935 0.493333 0.038961 0.32
1 0.62013 0.52 0.041126 0.373333
24 0.655844 0.493333 0.021645 0.32
19 0.704545 0.5 0.0671 0.333333
25 0.764069 0.493333 0.04329 0.32
10 0.818182 0.493333 0.034632 0.32
25 0.862554 0.493333 0.045455 0.32
11 0.909091 0.493333 0.038961 0.32
25 0.958874 0.52 0.051948 0.373333
