9 0.018542 0.38 0.037084 0.626667
0 0.051151 0.493333 0.023018 0.32
11 0.076726 0.493333 0.023018 0.32
19 0.111253 0.493333 0.040921 0.32
9 0.157289 0.386667 0.033248 0.64
1 0.190537 0.493333 0.028133 0.32
24 0.220588 0.493333 0.014066 0.32
24 0.236573 0.493333 0.012788 0.32
25 0.26087 0.52 0.030691 0.373333
13 0.287084 0.493333 0.016624 0.32
2 0.311381 0.52 0.026854 0.373333
9 0.351023 0.38 0.034527 0.626667
0 0.386189 0.493333 0.030691 0.32
3 0.422634 0.506667 0.024297 0.346667
24 0.440537 0.493333 0.006394 0.32
1 0.466752 0.493333 0.040921 0.32
0 0.509591 0.506667 0.026854 0.346667
25 0.540921 0.493333 0.030691 0.32
12 0.569054 0.586667 0.02046 0.666667
25 0.601023 0.493333 0.038363 0.32
0 0.643223 0.493333 0.040921 0.32
9 0.680946 0.386667 0.029412 0.64
10 0.714194 0.52 0.019182 0.373333
6 0.738491 0.493333 0.024297 0.32
17 0.762148 0.493333 0.017903 0.32
10 0.790921 0.493333 0.021739 0.32
24 0.810742 0.493333 0.012788 0.32
16 0.838875 0.606667 0.038363 0.626667
24 0.868286 0.486667 0.015345 0.306667
17 0.899616 0.493333 0.026854 0.32
19 0.932864 0.506667 0.034527 0.346667
1 0.971867 0.526667 0.038363 0.386667
