9 0.012195 0.373333 0.02439 0.613333
1 0.045732 0.493333 0.037805 0.32
9 0.085976 0.38 0.037805 0.626667
24 0.114634 0.493333 0.014634 0.32
0 0.142683 0.493333 0.02439 0.32
9 0.177439 0.373333 0.040244 0.64
9 0.221341 0.38 0.030488 0.626667
1 0.256707 0.52 0.035366 0.373333
25 0.289024 0.493333 0.02439 0.32
3 0.310976 0.493333 0.014634 0.32
5 0.335366 0.526667 0.029268 0.386667
7 0.359146 0.493333 0.013415 0.32
0 0.389024 0.493333 0.029268 0.32
9 0.42622 0.38 0.040244 0.626667
5 0.469512 0.5 0.029268 0.333333
1 0.496951 0.493333 0.020732 0.32
2 0.523171 0.5 0.026829 0.333333
19 0.557927 0.493333 0.037805 0.32
2 0.590854 0.493333 0.023171 0.32
3 0.620122 0.493333 0.018293 0.32
6 0.642683 0.493333 0.021951 0.32
0 0.670732 0.493333 0.029268 0.32
9 0.704878 0.373333 0.034146 0.613333
0 0.739024 0.493333 0.029268 0.32
0 0.77561 0.513333 0.026829 0.36
24 0.797561 0.493333 0.012195 0.32
9 0.821341 0.38 0.030488 0.626667
0 0.858537 0.493333 0.039024 0.32
20 0.898171 0.506667 0.023171 0.346667
2 0.928659 0.493333 0.032927 0.32
24 0.959146 0.493333 0.010976 0.32
0 0.979268 0.493333 0.02439 0.32
