5 0.026966 0.493333 0.053933 0.32
13 0.07191 0.493333 0.026966 0.32
25 0.114607 0.493333 0.049438 0.32
7 0.170787 0.493333 0.053933 0.32
3 0.231461 0.493333 0.035955 0.32
1 0.28427 0.493333 0.060674 0.32
3 0.34382 0.493333 0.026966 0.32
24 0.374157 0.493333 0.024719 0.32
2 0.41573 0.493333 0.049438 0.32
7 0.464045 0.493333 0.038202 0.32
0 0.525843 0.493333 0.053933 0.32
9 0.582022 0.38 0.049438 0.626667
20 0.634831 0.493333 0.047191 0.32
0 0.68427 0.493333 0.042697 0.32
3 0.74382 0.493333 0.044944 0.32
1 0.795506 0.493333 0.049438 0.32
9 0.852809 0.373333 0.05618 0.613333
4 0.91236 0.493333 0.053933 0.32
17 0.964045 0.493333 0.040449 0.32
