1 0.030337 0.526667 0.060674 0.386667
17 0.08764 0.5 0.044944 0.333333
12 0.133708 0.613333 0.038202 0.64
5 0.180899 0.493333 0.047191 0.32
7 0.224719 0.493333 0.031461 0.32
5 0.266292 0.52 0.042697 0.373333
9 0.332584 0.38 0.058427 0.626667
0 0.38764 0.493333 0.042697 0.32
24 0.434831 0.52 0.020225 0.373333
0 0.47191 0.493333 0.044944 0.32
21 0.520225 0.506667 0.042697 0.346667
14 0.566292 0.493333 0.040449 0.32
19 0.620225 0.493333 0.058427 0.32
11 0.668539 0.513333 0.029213 0.36
9 0.72809 0.38 0.058427 0.626667
0 0.782022 0.493333 0.040449 0.32
20 0.824719 0.493333 0.035955 0.32
0 0.867416 0.493333 0.040449 0.32
25 0.919101 0.506667 0.053933 0.346667
7 0.967416 0.513333 0.033708 0.36
