9 0.013848 0.366667 0.027697 0.626667
1 0.045918 0.493333 0.030612 0.32
17 0.080904 0.493333 0.033528 0.32
1 0.113703 0.493333 0.026239 0.32
19 0.153061 0.493333 0.046647 0.32
20 0.203353 0.493333 0.033528 0.32
0 0.23688 0.5 0.027697 0.333333
17 0.264577 0.493333 0.021866 0.32
19 0.301749 0.493333 0.046647 0.32
1 0.346939 0.493333 0.037901 0.32
11 0.381195 0.493333 0.024781 0.32
9 0.422741 0.373333 0.037901 0.613333
1 0.459913 0.493333 0.030612 0.32
9 0.511662 0.366667 0.052478 0.626667
1 0.555394 0.52 0.029155 0.373333
8 0.608601 0.62 0.056851 0.626667
9 0.65379 0.366667 0.027697 0.626667
20 0.683673 0.493333 0.026239 0.32
11 0.710641 0.493333 0.021866 0.32
0 0.739796 0.526667 0.030612 0.386667
10 0.779155 0.513333 0.027697 0.36
20 0.811224 0.493333 0.030612 0.32
0 0.848397 0.493333 0.037901 0.32
9 0.895773 0.38 0.05102 0.626667
6 0.938047 0.493333 0.027697 0.32
5 0.972303 0.493333 0.034985 0.32
