17 0.013025 0.493333 0.026049 0.32
18 0.050651 0.493333 0.043415 0.32
1 0.096237 0.493333 0.041968 0.32
9 0.144718 0.38 0.034732 0.626667
25 0.180174 0.493333 0.030391 0.32
7 0.212012 0.493333 0.027496 0.32
19 0.245297 0.493333 0.033285 0.32
11 0.276411 0.493333 0.023155 0.32
25 0.31259 0.493333 0.028944 0.32
7 0.340087 0.493333 0.02026 0.32
20 0.36686 0.493333 0.027496 0.32
0 0.396527 0.506667 0.026049 0.346667
9 0.434877 0.38 0.044863 0.626667
24 0.473227 0.493333 0.011577 0.32
5 0.497106 0.493333 0.030391 0.32
25 0.531114 0.493333 0.031838 0.32
14 0.560058 0.493333 0.02026 0.32
20 0.589001 0.493333 0.017366 0.32
0 0.617945 0.52 0.034732 0.373333
24 0.646165 0.493333 0.015919 0.32
11 0.670043 0.493333 0.026049 0.32
3 0.698263 0.493333 0.024602 0.32
10 0.732996 0.493333 0.024602 0.32
5 0.763386 0.493333 0.030391 0.32
17 0.803184 0.493333 0.028944 0.32
19 0.837916 0.493333 0.034732 0.32
0 0.872648 0.493333 0.028944 0.32
24 0.894356 0.526667 0.008683 0.386667
2 0.930535 0.493333 0.043415 0.32
0 0.972504 0.493333 0.034732 0.32
