3 0.01108 0.493333 0.022161 0.32
1 0.045706 0.5 0.041551 0.333333
19 0.086565 0.493333 0.034626 0.32
0 0.119114 0.506667 0.024931 0.346667
17 0.151662 0.493333 0.034626 0.32
3 0.189751 0.5 0.022161 0.333333
1 0.225762 0.493333 0.044321 0.32
9 0.274931 0.373333 0.048476 0.64
16 0.331025 0.606667 0.044321 0.653333
3 0.367729 0.493333 0.023546 0.32
9 0.398199 0.393333 0.031856 0.653333
0 0.432133 0.493333 0.030471 0.32
5 0.471607 0.493333 0.029086 0.32
11 0.502078 0.493333 0.026316 0.32
9 0.539474 0.373333 0.042936 0.613333
0 0.577562 0.493333 0.027701 0.32
8 0.617036 0.586667 0.031856 0.666667
24 0.644044 0.493333 0.01662 0.32
20 0.666205 0.493333 0.022161 0.32
2 0.698061 0.493333 0.036011 0.32
10 0.736842 0.513333 0.022161 0.36
1 0.765928 0.493333 0.030471 0.32
24 0.790859 0.493333 0.01385 0.32
9 0.822022 0.38 0.029086 0.626667
24 0.844875 0.493333 0.01108 0.32
1 0.865651 0.506667 0.024931 0.346667
9 0.903047 0.373333 0.030471 0.613333
24 0.934211 0.493333 0.026316 0.32
16 0.970222 0.613333 0.040166 0.613333
