25 0.026224 0.5 0.052448 0.333333
7 0.06993 0.493333 0.027972 0.32
25 0.117133 0.493333 0.041958 0.32
14 0.15472 0.493333 0.026224 0.32
13 0.186189 0.493333 0.02972 0.32
7 0.228147 0.493333 0.047203 0.32
10 0.280594 0.513333 0.033217 0.36
19 0.323427 0.5 0.045455 0.333333
12 0.367133 0.593333 0.017483 0.653333
25 0.398601 0.493333 0.038462 0.32
3 0.439685 0.493333 0.036713 0.32
0 0.481643 0.493333 0.04021 0.32
10 0.530594 0.513333 0.033217 0.36
1 0.572552 0.493333 0.043706 0.32
24 0.607517 0.493333 0.019231 0.32
25 0.65035 0.52 0.041958 0.373333
9 0.69493 0.373333 0.04021 0.613333
17 0.748252 0.513333 0.041958 0.36
14 0.784091 0.52 0.022727 0.373333
1 0.823427 0.493333 0.048951 0.32
11 0.865385 0.493333 0.027972 0.32
3 0.909091 0.493333 0.034965 0.32
24 0.937937 0.493333 0.015734 0.32
5 0.968531 0.493333 0.038462 0.32
