24 0.015015 0.493333 0.03003 0.32
24 0.051051 0.493333 0.03003 0.32
5 0.10961 0.493333 0.075075 0.32
17 0.183183 0.513333 0.06006 0.36
2 0.252252 0.506667 0.066066 0.346667
1 0.313814 0.493333 0.045045 0.32
25 0.39039 0.526667 0.066066 0.386667
19 0.468468 0.493333 0.078078 0.32
13 0.533033 0.493333 0.039039 0.32
0 0.600601 0.52 0.084084 0.373333
24 0.687688 0.493333 0.048048 0.32
0 0.750751 0.5 0.066066 0.333333
25 0.825826 0.52 0.072072 0.373333
17 0.894895 0.493333 0.054054 0.32
2 0.953453 0.493333 0.051051 0.32
