9 0.019663 0.373333 0.039326 0.613333
25 0.057584 0.526667 0.030899 0.386667
4 0.094101 0.493333 0.036517 0.32
25 0.139045 0.52 0.033708 0.373333
7 0.167135 0.493333 0.016854 0.32
10 0.20014 0.5 0.029494 0.333333
24 0.223315 0.5 0.011236 0.333333
25 0.248596 0.52 0.033708 0.373333
10 0.288624 0.513333 0.026685 0.36
1 0.316713 0.493333 0.023876 0.32
11 0.345506 0.493333 0.02809 0.32
9 0.380618 0.373333 0.036517 0.613333
0 0.422753 0.5 0.042135 0.333333
17 0.466994 0.493333 0.026685 0.32
19 0.504916 0.5 0.043539 0.333333
0 0.546348 0.493333 0.033708 0.32
1 0.585674 0.493333 0.025281 0.32
19 0.61868 0.493333 0.035112 0.32
20 0.655197 0.493333 0.032303 0.32
20 0.697331 0.493333 0.032303 0.32
0 0.729635 0.493333 0.026685 0.32
0 0.760534 0.493333 0.029494 0.32
9 0.793539 0.36 0.030899 0.64
24 0.819522 0.493333 0.015449 0.32
2 0.84691 0.493333 0.033708 0.32
20 0.889045 0.493333 0.030899 0.32
11 0.917837 0.493333 0.021067 0.32
0 0.948034 0.493333 0.033708 0.32
24 0.978933 0.493333 0.022472 0.32
