1 0.032189 0.493333 0.064378 0.32
24 0.075107 0.526667 0.012876 0.386667
17 0.101931 0.493333 0.032189 0.32
26 0.131974 0.493333 0.019313 0.32
0 0.168455 0.493333 0.045064 0.32
5 0.224249 0.493333 0.05794 0.32
19 0.301502 0.493333 0.066524 0.32
0 0.363734 0.493333 0.049356 0.32
9 0.432403 0.38 0.05794 0.626667
1 0.491416 0.493333 0.051502 0.32
24 0.533262 0.493333 0.023605 0.32
9 0.583691 0.36 0.06867 0.666667
5 0.655579 0.506667 0.045064 0.346667
7 0.700644 0.493333 0.036481 0.32
7 0.73927 0.493333 0.032189 0.32
3 0.785408 0.493333 0.030043 0.32
1 0.830472 0.493333 0.051502 0.32
9 0.899142 0.366667 0.055794 0.626667
24 0.940987 0.493333 0.019313 0.32
7 0.969957 0.493333 0.030043 0.32
