25 0.013831 0.493333 0.027663 0.32
7 0.040111 0.493333 0.019364 0.32
20 0.06639 0.5 0.027663 0.333333
25 0.103734 0.493333 0.041494 0.32
2 0.139696 0.513333 0.024896 0.36
24 0.161826 0.493333 0.013831 0.32
10 0.188105 0.513333 0.019364 0.36
24 0.207469 0.493333 0.013831 0.32
19 0.23444 0.533333 0.034578 0.4
9 0.272476 0.393333 0.035961 0.653333
12 0.311895 0.613333 0.023513 0.613333
11 0.337483 0.493333 0.02213 0.32
20 0.364454 0.493333 0.026279 0.32
0 0.396957 0.493333 0.033195 0.32
9 0.437759 0.38 0.029046 0.626667
0 0.471646 0.493333 0.033195 0.32
25 0.511757 0.5 0.041494 0.333333
17 0.552559 0.493333 0.034578 0.32
19 0.582988 0.493333 0.020747 0.32
9 0.621024 0.4 0.035961 0.666667
1 0.658368 0.493333 0.033195 0.32
24 0.691563 0.493333 0.013831 0.32
2 0.720609 0.493333 0.038728 0.32
12 0.760719 0.586667 0.02213 0.666667
3 0.789073 0.493333 0.029046 0.32
4 0.82296 0.493333 0.019364 0.32
6 0.849931 0.493333 0.029046 0.32
12 0.88036 0.593333 0.012448 0.653333
25 0.903873 0.493333 0.029046 0.32
0 0.937759 0.493333 0.033195 0.32
9 0.973721 0.38 0.033195 0.626667
