25 0.016304 0.52 0.032609 0.373333
2 0.052989 0.493333 0.035326 0.32
25 0.089674 0.493333 0.032609 0.32
17 0.120924 0.493333 0.024457 0.32
24 0.150136 0.493333 0.014946 0.32
0 0.17731 0.493333 0.033967 0.32
9 0.220788 0.38 0.033967 0.626667
24 0.249321 0.493333 0.017663 0.32
7 0.271739 0.493333 0.021739 0.32
20 0.306386 0.493333 0.028533 0.32
25 0.339674 0.506667 0.032609 0.346667
2 0.373641 0.533333 0.029891 0.4
24 0.396739 0.493333 0.01087 0.32
20 0.422554 0.493333 0.021739 0.32
0 0.44837 0.493333 0.024457 0.32
5 0.483696 0.5 0.027174 0.333333
11 0.512908 0.493333 0.025815 0.32
24 0.534647 0.493333 0.012228 0.32
17 0.563859 0.493333 0.027174 0.32
0 0.59375 0.493333 0.027174 0.32
2 0.624321 0.52 0.028533 0.373333
9 0.665082 0.38 0.033967 0.626667
0 0.699049 0.493333 0.028533 0.32
14 0.726223 0.486667 0.02038 0.333333
17 0.752038 0.5 0.025815 0.333333
8 0.800951 0.62 0.052989 0.626667
9 0.851223 0.373333 0.04212 0.613333
5 0.898098 0.493333 0.032609 0.32
26 0.922554 0.493333 0.01087 0.32
5 0.952446 0.493333 0.029891 0.32
11 0.980299 0.5 0.02038 0.333333
