25 0.016611 0.493333 0.033223 0.32
7 0.049003 0.493333 0.024917 0.32
9 0.084718 0.373333 0.039867 0.613333
1 0.127907 0.493333 0.039867 0.32
25 0.177741 0.493333 0.036545 0.32
13 0.215947 0.526667 0.033223 0.386667
19 0.255814 0.493333 0.039867 0.32
8 0.305648 0.606667 0.053156 0.626667
11 0.347176 0.493333 0.023256 0.32
1 0.38206 0.493333 0.039867 0.32
2 0.430233 0.526667 0.033223 0.386667
9 0.4701 0.373333 0.039867 0.613333
24 0.501661 0.493333 0.016611 0.32
10 0.534053 0.513333 0.024917 0.36
1 0.568937 0.5 0.038206 0.333333
0 0.612126 0.493333 0.024917 0.32
25 0.647841 0.506667 0.039867 0.346667
11 0.685216 0.493333 0.028239 0.32
25 0.730897 0.493333 0.039867 0.32
24 0.762458 0.526667 0.016611 0.386667
16 0.803987 0.606667 0.059801 0.626667
24 0.845515 0.493333 0.016611 0.32
9 0.876246 0.366667 0.021595 0.626667
0 0.906977 0.493333 0.033223 0.32
5 0.953488 0.493333 0.036545 0.32
26 0.981728 0.493333 0.013289 0.32
