17 0.016579 0.493333 0.033159 0.32
14 0.048866 0.493333 0.024433 0.32
18 0.082897 0.493333 0.036649 0.32
2 0.1274 0.493333 0.045375 0.32
20 0.184991 0.493333 0.045375 0.32
0 0.227749 0.493333 0.033159 0.32
5 0.268761 0.513333 0.041885 0.36
13 0.306283 0.513333 0.026178 0.36
0 0.339442 0.52 0.033159 0.373333
20 0.383944 0.493333 0.031414 0.32
0 0.425829 0.52 0.045375 0.373333
0 0.479058 0.493333 0.036649 0.32
24 0.513089 0.493333 0.024433 0.32
9 0.542757 0.393333 0.027923 0.653333
5 0.591623 0.493333 0.045375 0.32
7 0.636998 0.493333 0.038394 0.32
25 0.678883 0.493333 0.038394 0.32
0 0.725131 0.493333 0.04712 0.32
24 0.760035 0.52 0.015707 0.373333
3 0.798429 0.493333 0.036649 0.32
6 0.836824 0.493333 0.033159 0.32
25 0.876091 0.526667 0.038394 0.386667
10 0.926702 0.493333 0.038394 0.32
0 0.968586 0.493333 0.038394 0.32
