5 0.01201 0.52 0.02402 0.373333
0 0.037927 0.493333 0.022756 0.32
24 0.061315 0.493333 0.018963 0.32
5 0.089128 0.493333 0.031606 0.32
5 0.127686 0.493333 0.027813 0.32
9 0.159924 0.373333 0.031606 0.613333
20 0.192794 0.493333 0.029077 0.32
0 0.222503 0.493333 0.025284 0.32
12 0.25158 0.613333 0.015171 0.613333
24 0.268647 0.493333 0.013906 0.32
5 0.290139 0.506667 0.02402 0.346667
24 0.309735 0.493333 0.010114 0.32
24 0.32933 0.493333 0.011378 0.32
2 0.351454 0.493333 0.027813 0.32
9 0.384324 0.373333 0.03287 0.613333
0 0.415297 0.526667 0.02402 0.386667
24 0.442478 0.493333 0.012642 0.32
9 0.47598 0.38 0.046776 0.546667
10 0.517067 0.493333 0.025284 0.32
19 0.553097 0.493333 0.041719 0.32
5 0.590392 0.493333 0.027813 0.32
25 0.627054 0.493333 0.027813 0.32
7 0.652971 0.493333 0.018963 0.32
17 0.68268 0.493333 0.022756 0.32
2 0.708597 0.493333 0.02402 0.32
1 0.744627 0.5 0.042984 0.333333
2 0.790139 0.493333 0.030341 0.32
24 0.81732 0.493333 0.018963 0.32
21 0.841972 0.5 0.025284 0.333333
5 0.876738 0.493333 0.026549 0.32
13 0.902655 0.493333 0.020228 0.32
25 0.929204 0.493333 0.027813 0.32
3 0.955752 0.493333 0.020228 0.32
1 0.979772 0.493333 0.022756 0.32
