3 0.012931 0.493333 0.025862 0.32
1 0.059267 0.493333 0.05819 0.32
24 0.103448 0.526667 0.021552 0.386667
2 0.159483 0.493333 0.081897 0.32
12 0.229526 0.606667 0.028017 0.626667
25 0.269397 0.493333 0.043103 0.32
13 0.314655 0.493333 0.038793 0.32
19 0.366379 0.493333 0.056034 0.32
20 0.428879 0.493333 0.038793 0.32
0 0.474138 0.493333 0.043103 0.32
12 0.519397 0.613333 0.017241 0.613333
3 0.548491 0.493333 0.032328 0.32
20 0.604526 0.52 0.049569 0.373333
24 0.645474 0.493333 0.023707 0.32
11 0.673491 0.493333 0.023707 0.32
0 0.719828 0.493333 0.060345 0.32
9 0.782328 0.393333 0.034483 0.653333
0 0.822198 0.506667 0.036638 0.346667
24 0.855603 0.493333 0.021552 0.32
2 0.893319 0.493333 0.045259 0.32
9 0.952586 0.36 0.064655 0.64
