5 0.026077 0.5 0.052154 0.333333
19 0.092971 0.493333 0.072562 0.32
0 0.154195 0.52 0.040816 0.373333
20 0.201814 0.493333 0.045351 0.32
0 0.251701 0.493333 0.045351 0.32
8 0.327664 0.606667 0.07483 0.626667
9 0.401361 0.386667 0.063492 0.64
11 0.455782 0.493333 0.036281 0.32
24 0.488662 0.493333 0.020408 0.32
12 0.530612 0.613333 0.031746 0.613333
2 0.572562 0.513333 0.043084 0.36
17 0.64059 0.493333 0.061224 0.32
11 0.69161 0.5 0.031746 0.333333
0 0.736961 0.52 0.049887 0.373333
9 0.79932 0.366667 0.06576 0.626667
9 0.878685 0.373333 0.061224 0.613333
1 0.94898 0.493333 0.070295 0.32
