20 0.013636 0.493333 0.027273 0.32
1 0.055455 0.526667 0.049091 0.386667
2 0.1 0.493333 0.032727 0.32
20 0.147273 0.493333 0.036364 0.32
0 0.186364 0.513333 0.034545 0.36
9 0.233636 0.373333 0.052727 0.613333
10 0.289091 0.493333 0.032727 0.32
1 0.322727 0.493333 0.027273 0.32
4 0.362727 0.52 0.027273 0.373333
6 0.399091 0.493333 0.038182 0.32
20 0.449091 0.493333 0.036364 0.32
9 0.490909 0.373333 0.04 0.613333
24 0.525455 0.493333 0.021818 0.32
1 0.569091 0.493333 0.058182 0.32
5 0.63 0.493333 0.038182 0.32
2 0.672727 0.5 0.04 0.333333
9 0.727273 0.373333 0.043636 0.613333
1 0.776364 0.493333 0.047273 0.32
9 0.83 0.38 0.034545 0.626667
1 0.88 0.506667 0.058182 0.346667
25 0.931818 0.493333 0.038182 0.32
3 0.970909 0.493333 0.032727 0.32
