5 0.027859 0.493333 0.055718 0.32
11 0.082111 0.493333 0.041056 0.32
1 0.146628 0.5 0.076246 0.333333
12 0.208211 0.573333 0.035191 0.693333
11 0.258065 0.513333 0.052786 0.36
0 0.321114 0.493333 0.061584 0.32
9 0.412023 0.373333 0.079179 0.613333
0 0.486804 0.493333 0.058651 0.32
17 0.565982 0.493333 0.058651 0.32
3 0.618768 0.493333 0.035191 0.32
5 0.680352 0.493333 0.076246 0.32
24 0.737537 0.493333 0.026393 0.32
25 0.806452 0.493333 0.070381 0.32
13 0.872434 0.493333 0.049853 0.32
1 0.941349 0.513333 0.076246 0.36
