25 0.021429 0.493333 0.042857 0.32
3 0.065179 0.493333 0.0375 0.32
20 0.1125 0.52 0.032143 0.373333
24 0.141071 0.493333 0.017857 0.32
11 0.166964 0.493333 0.026786 0.32
25 0.210714 0.493333 0.035714 0.32
1 0.248214 0.493333 0.032143 0.32
19 0.298214 0.493333 0.060714 0.32
17 0.35 0.493333 0.035714 0.32
9 0.410714 0.373333 0.060714 0.613333
0 0.464286 0.493333 0.039286 0.32
17 0.505357 0.5 0.035714 0.333333
19 0.553571 0.493333 0.053571 0.32
25 0.605357 0.493333 0.042857 0.32
5 0.649107 0.493333 0.0375 0.32
9 0.696429 0.373333 0.032143 0.64
0 0.733929 0.493333 0.035714 0.32
5 0.773214 0.493333 0.035714 0.32
7 0.804464 0.493333 0.019643 0.32
2 0.836607 0.493333 0.0375 0.32
25 0.886607 0.493333 0.0375 0.32
3 0.927679 0.493333 0.0375 0.32
25 0.96875 0.493333 0.0375 0.32
