25 0.018916 0.493333 0.037831 0.32
3 0.052333 0.493333 0.02396 0.32
25 0.081967 0.493333 0.030265 0.32
14 0.111602 0.506667 0.02396 0.346667
9 0.153846 0.38 0.055485 0.626667
3 0.203026 0.52 0.025221 0.373333
6 0.230139 0.493333 0.02396 0.32
25 0.259773 0.493333 0.030265 0.32
5 0.299496 0.52 0.044136 0.373333
10 0.337957 0.493333 0.015132 0.32
5 0.360656 0.493333 0.025221 0.32
5 0.39029 0.493333 0.029004 0.32
25 0.428752 0.52 0.030265 0.373333
11 0.457125 0.493333 0.021438 0.32
10 0.485498 0.493333 0.030265 0.32
24 0.508827 0.493333 0.011349 0.32
17 0.530265 0.493333 0.026482 0.32
1 0.568726 0.493333 0.032787 0.32
3 0.5971 0.493333 0.018916 0.32
24 0.616646 0.486667 0.015132 0.306667
9 0.645649 0.373333 0.022699 0.64
2 0.671501 0.493333 0.02396 0.32
20 0.701135 0.513333 0.030265 0.36
5 0.737705 0.493333 0.025221 0.32
2 0.771122 0.493333 0.03657 0.32
24 0.803909 0.493333 0.011349 0.32
9 0.826608 0.373333 0.029004 0.613333
10 0.85309 0.493333 0.018916 0.32
5 0.879571 0.493333 0.029004 0.32
5 0.912989 0.493333 0.032787 0.32
10 0.946406 0.493333 0.016393 0.32
1 0.974149 0.513333 0.034048 0.36
