24 0.012035 0.493333 0.02407 0.32
24 0.039387 0.493333 0.021882 0.32
17 0.082057 0.493333 0.054705 0.32
7 0.131291 0.493333 0.035011 0.32
13 0.175055 0.493333 0.043764 0.32
5 0.234136 0.493333 0.043764 0.32
19 0.286652 0.493333 0.052516 0.32
24 0.328228 0.493333 0.021882 0.32
11 0.359956 0.493333 0.032823 0.32
9 0.40919 0.38 0.056893 0.626667
20 0.479212 0.493333 0.052516 0.32
24 0.519694 0.493333 0.019694 0.32
11 0.554705 0.493333 0.041575 0.32
5 0.617068 0.493333 0.052516 0.32
20 0.666302 0.493333 0.037199 0.32
0 0.713348 0.52 0.04814 0.373333
20 0.78337 0.493333 0.061269 0.32
11 0.835886 0.493333 0.035011 0.32
0 0.878556 0.493333 0.041575 0.32
25 0.92779 0.493333 0.04814 0.32
7 0.97046 0.493333 0.028446 0.32
