19 0.023401 0.493333 0.046802 0.32
25 0.067083 0.493333 0.034321 0.32
0 0.102964 0.493333 0.031201 0.32
24 0.138066 0.493333 0.017161 0.32
9 0.166927 0.373333 0.034321 0.613333
3 0.201248 0.493333 0.028081 0.32
6 0.231669 0.493333 0.026521 0.32
0 0.272231 0.493333 0.032761 0.32
3 0.304212 0.513333 0.024961 0.36
9 0.354134 0.373333 0.053042 0.613333
7 0.396256 0.493333 0.024961 0.32
1 0.428237 0.493333 0.032761 0.32
2 0.463339 0.493333 0.031201 0.32
19 0.50078 0.493333 0.037441 0.32
10 0.548362 0.493333 0.035881 0.32
7 0.578783 0.493333 0.018721 0.32
12 0.610764 0.613333 0.023401 0.613333
11 0.639626 0.493333 0.028081 0.32
5 0.683307 0.493333 0.037441 0.32
2 0.717629 0.493333 0.024961 0.32
20 0.75117 0.493333 0.035881 0.32
1 0.783931 0.493333 0.023401 0.32
10 0.816693 0.493333 0.020281 0.32
3 0.842434 0.493333 0.024961 0.32
5 0.876755 0.493333 0.037441 0.32
9 0.920437 0.373333 0.043682 0.613333
7 0.957878 0.52 0.024961 0.373333
24 0.981279 0.493333 0.015601 0.32
