0 0.016129 0.493333 0.032258 0.32
9 0.049731 0.38 0.02957 0.626667
17 0.079301 0.493333 0.024194 0.32
0 0.110215 0.52 0.032258 0.373333
5 0.144489 0.493333 0.030914 0.32
5 0.18414 0.493333 0.02957 0.32
13 0.209677 0.493333 0.016129 0.32
0 0.233871 0.493333 0.026882 0.32
17 0.278226 0.506667 0.056452 0.32
11 0.319892 0.493333 0.021505 0.32
0 0.34543 0.52 0.024194 0.373333
25 0.383065 0.493333 0.032258 0.32
7 0.413306 0.493333 0.022849 0.32
9 0.448925 0.373333 0.02957 0.666667
7 0.476478 0.493333 0.020161 0.32
3 0.506048 0.493333 0.020161 0.32
1 0.534946 0.526667 0.032258 0.386667
17 0.567876 0.493333 0.028226 0.32
19 0.602151 0.493333 0.034946 0.32
0 0.637769 0.493333 0.030914 0.32
0 0.678091 0.52 0.030914 0.373333
9 0.71707 0.38 0.041667 0.626667
24 0.747312 0.5 0.013441 0.333333
2 0.768145 0.493333 0.022849 0.32
9 0.804435 0.38 0.044355 0.626667
26 0.840726 0.52 0.009409 0.373333
24 0.854167 0.493333 0.012097 0.32
1 0.882392 0.5 0.038978 0.333333
3 0.918011 0.493333 0.026882 0.32
6 0.947581 0.493333 0.026882 0.32
25 0.977151 0.493333 0.026882 0.32
