3 0.017495 0.5 0.034991 0.333333
25 0.060773 0.493333 0.044199 0.32
11 0.104052 0.493333 0.034991 0.32
24 0.13628 0.493333 0.022099 0.32
10 0.168508 0.493333 0.034991 0.32
1 0.212707 0.493333 0.046041 0.32
10 0.267035 0.493333 0.036832 0.32
5 0.309392 0.493333 0.040516 0.32
10 0.360037 0.493333 0.034991 0.32
1 0.409761 0.493333 0.05709 0.32
0 0.460405 0.493333 0.036832 0.32
19 0.507366 0.5 0.049724 0.333333
11 0.548803 0.493333 0.025783 0.32
19 0.592081 0.493333 0.053407 0.32
25 0.6593 0.493333 0.055249 0.32
5 0.713628 0.493333 0.046041 0.32
20 0.759669 0.493333 0.038674 0.32
24 0.793738 0.486667 0.022099 0.306667
25 0.837937 0.493333 0.036832 0.32
20 0.883057 0.52 0.046041 0.373333
9 0.93186 0.38 0.044199 0.626667
3 0.972376 0.5 0.029466 0.333333
