20 0.024364 0.493333 0.048729 0.32
0 0.082627 0.493333 0.059322 0.32
5 0.138771 0.506667 0.044492 0.346667
19 0.190678 0.506667 0.050847 0.346667
14 0.236229 0.493333 0.03178 0.32
13 0.275424 0.493333 0.038136 0.32
25 0.341102 0.5 0.063559 0.333333
9 0.40572 0.38 0.057203 0.626667
25 0.460805 0.493333 0.044492 0.32
0 0.504237 0.493333 0.033898 0.32
2 0.547669 0.52 0.044492 0.373333
11 0.590042 0.493333 0.03178 0.32
10 0.635593 0.493333 0.029661 0.32
24 0.663136 0.493333 0.016949 0.32
25 0.701271 0.493333 0.050847 0.32
20 0.759534 0.493333 0.036017 0.32
17 0.807203 0.493333 0.050847 0.32
6 0.855932 0.493333 0.038136 0.32
9 0.916314 0.38 0.052966 0.626667
0 0.966102 0.52 0.038136 0.373333
