0 0.01711 0.493333 0.034221 0.32
11 0.051331 0.5 0.026616 0.333333
21 0.091255 0.493333 0.045627 0.32
25 0.136882 0.493333 0.038023 0.32
25 0.197719 0.493333 0.057034 0.32
7 0.243346 0.493333 0.026616 0.32
10 0.278517 0.493333 0.036122 0.32
3 0.31749 0.493333 0.034221 0.32
24 0.346008 0.5 0.015209 0.333333
16 0.391635 0.613333 0.068441 0.613333
4 0.465779 0.493333 0.053232 0.32
6 0.515209 0.493333 0.038023 0.32
5 0.562738 0.493333 0.04943 0.32
20 0.623574 0.506667 0.045627 0.346667
24 0.657795 0.493333 0.015209 0.32
0 0.695817 0.52 0.053232 0.373333
24 0.735741 0.506667 0.019011 0.346667
20 0.776616 0.5 0.036122 0.333333
0 0.81654 0.526667 0.036122 0.386667
3 0.860266 0.493333 0.024715 0.32
1 0.895437 0.52 0.038023 0.373333
25 0.938213 0.493333 0.039924 0.32
24 0.973384 0.486667 0.022814 0.306667
