12 0.008945 0.593333 0.017889 0.653333
2 0.04025 0.513333 0.037567 0.36
24 0.08229 0.493333 0.021467 0.32
24 0.105546 0.493333 0.017889 0.32
24 0.128801 0.493333 0.021467 0.32
17 0.159213 0.493333 0.0322 0.32
26 0.186941 0.493333 0.0161 0.32
26 0.214669 0.493333 0.014311 0.32
17 0.240608 0.493333 0.030411 0.32
9 0.290698 0.366667 0.062612 0.626667
24 0.334526 0.493333 0.017889 0.32
7 0.360465 0.493333 0.026834 0.32
5 0.394454 0.506667 0.033989 0.346667
20 0.446333 0.5 0.044723 0.333333
24 0.476744 0.493333 0.008945 0.32
0 0.501789 0.513333 0.033989 0.36
17 0.539356 0.493333 0.033989 0.32
11 0.57424 0.493333 0.028623 0.32
20 0.617174 0.493333 0.0322 0.32
0 0.655635 0.493333 0.037567 0.32
9 0.71288 0.353333 0.048301 0.493333
1 0.767442 0.493333 0.053667 0.32
9 0.825581 0.36 0.037567 0.666667
17 0.86136 0.493333 0.026834 0.32
24 0.888193 0.493333 0.019678 0.32
4 0.926655 0.493333 0.050089 0.32
2 0.971377 0.52 0.0322 0.373333
