25 0.019724 0.493333 0.039448 0.32
3 0.058185 0.493333 0.029586 0.32
8 0.109467 0.586667 0.045365 0.666667
24 0.143984 0.493333 0.015779 0.32
20 0.17357 0.493333 0.031558 0.32
2 0.215976 0.493333 0.04142 0.32
10 0.263314 0.493333 0.025641 0.32
1 0.302761 0.493333 0.045365 0.32
10 0.359961 0.493333 0.04142 0.32
2 0.403353 0.493333 0.037475 0.32
24 0.45069 0.493333 0.029586 0.32
5 0.499014 0.493333 0.059172 0.32
24 0.543393 0.493333 0.021696 0.32
24 0.576923 0.493333 0.017751 0.32
17 0.609467 0.5 0.039448 0.333333
11 0.649901 0.493333 0.033531 0.32
19 0.707101 0.493333 0.072978 0.32
25 0.768245 0.493333 0.04142 0.32
9 0.828402 0.373333 0.051282 0.613333
0 0.886588 0.493333 0.057199 0.32
12 0.93787 0.606667 0.017751 0.626667
3 0.968442 0.493333 0.035503 0.32
