24 0.009036 0.493333 0.018072 0.32
2 0.043173 0.5 0.042169 0.333333
24 0.082329 0.493333 0.028112 0.32
11 0.11245 0.493333 0.024096 0.32
19 0.158635 0.493333 0.060241 0.32
24 0.211847 0.493333 0.018072 0.32
2 0.252008 0.493333 0.054217 0.32
6 0.308233 0.493333 0.03012 0.32
24 0.338353 0.493333 0.022088 0.32
17 0.378514 0.513333 0.050201 0.36
9 0.442771 0.38 0.050201 0.626667
1 0.5 0.493333 0.056225 0.32
0 0.559237 0.493333 0.054217 0.32
24 0.598394 0.493333 0.016064 0.32
5 0.635542 0.493333 0.050201 0.32
6 0.695783 0.493333 0.042169 0.32
24 0.730924 0.526667 0.02008 0.386667
17 0.759036 0.493333 0.028112 0.32
25 0.817269 0.493333 0.060241 0.32
3 0.870482 0.493333 0.038153 0.32
3 0.922691 0.5 0.038153 0.333333
6 0.965863 0.493333 0.040161 0.32
