9 0.021238 0.366667 0.042476 0.626667
6 0.057646 0.493333 0.025485 0.32
5 0.084951 0.493333 0.024272 0.32
2 0.112257 0.493333 0.025485 0.32
5 0.139563 0.493333 0.024272 0.32
0 0.17051 0.526667 0.032767 0.386667
25 0.208738 0.493333 0.026699 0.32
13 0.231796 0.493333 0.014563 0.32
0 0.253034 0.52 0.023058 0.373333
10 0.285194 0.493333 0.024272 0.32
24 0.307039 0.493333 0.014563 0.32
25 0.330097 0.493333 0.026699 0.32
24 0.348908 0.493333 0.006068 0.32
20 0.377427 0.493333 0.033981 0.32
9 0.418083 0.38 0.042476 0.626667
24 0.445388 0.493333 0.007282 0.32
1 0.461772 0.5 0.020631 0.333333
12 0.487257 0.613333 0.01335 0.613333
7 0.503034 0.493333 0.01335 0.32
20 0.532767 0.5 0.029126 0.333333
6 0.560073 0.526667 0.020631 0.386667
0 0.586772 0.493333 0.027913 0.32
7 0.617112 0.506667 0.015777 0.346667
9 0.643204 0.36 0.031553 0.64
11 0.67415 0.493333 0.025485 0.32
9 0.703883 0.373333 0.029126 0.613333
12 0.736044 0.606667 0.018204 0.626667
3 0.757888 0.493333 0.020631 0.32
9 0.791262 0.393333 0.029126 0.653333
0 0.820388 0.5 0.024272 0.333333
5 0.847694 0.493333 0.025485 0.32
9 0.878641 0.38 0.031553 0.626667
0 0.911408 0.493333 0.029126 0.32
20 0.943568 0.493333 0.018204 0.32
0 0.973301 0.5 0.036408 0.333333
