1 0.020468 0.493333 0.040936 0.32
17 0.062378 0.493333 0.035088 0.32
26 0.089669 0.52 0.011696 0.373333
0 0.137427 0.493333 0.05653 0.32
3 0.185185 0.513333 0.031189 0.36
25 0.234893 0.493333 0.040936 0.32
9 0.282651 0.38 0.046784 0.626667
25 0.340156 0.493333 0.040936 0.32
13 0.377193 0.493333 0.025341 0.32
2 0.421053 0.493333 0.054581 0.32
9 0.471735 0.373333 0.038986 0.613333
9 0.532164 0.38 0.054581 0.573333
0 0.581871 0.513333 0.037037 0.36
9 0.643275 0.32 0.05848 0.506667
24 0.688109 0.493333 0.019493 0.32
7 0.717349 0.493333 0.031189 0.32
0 0.755361 0.493333 0.037037 0.32
11 0.794347 0.493333 0.033138 0.32
8 0.85575 0.606667 0.062378 0.626667
9 0.918129 0.38 0.054581 0.573333
11 0.967836 0.493333 0.037037 0.32
