0 0.013728 0.493333 0.027457 0.32
13 0.041185 0.493333 0.021676 0.32
1 0.072254 0.493333 0.034682 0.32
25 0.115607 0.526667 0.031792 0.386667
14 0.148844 0.493333 0.028902 0.32
17 0.187861 0.513333 0.028902 0.36
19 0.223988 0.493333 0.037572 0.32
0 0.265173 0.526667 0.039017 0.386667
7 0.29841 0.493333 0.021676 0.32
20 0.333815 0.493333 0.028902 0.32
0 0.36922 0.5 0.036127 0.333333
10 0.416185 0.493333 0.037572 0.32
0 0.455202 0.493333 0.034682 0.32
9 0.495665 0.38 0.040462 0.573333
1 0.537572 0.493333 0.037572 0.32
9 0.59104 0.373333 0.049133 0.64
0 0.635838 0.493333 0.034682 0.32
10 0.669798 0.493333 0.027457 0.32
5 0.70159 0.493333 0.030347 0.32
9 0.749277 0.38 0.044798 0.626667
24 0.781792 0.493333 0.014451 0.32
7 0.804191 0.493333 0.024566 0.32
2 0.843931 0.493333 0.049133 0.32
10 0.891618 0.493333 0.026012 0.32
16 0.929191 0.613333 0.043353 0.613333
24 0.960983 0.526667 0.014451 0.386667
13 0.980491 0.493333 0.018786 0.32
