12 0.011858 0.613333 0.023715 0.613333
11 0.045455 0.493333 0.035573 0.32
9 0.106719 0.393333 0.059289 0.653333
0 0.162055 0.513333 0.043478 0.36
25 0.218379 0.493333 0.041502 0.32
7 0.258893 0.493333 0.031621 0.32
3 0.296443 0.5 0.035573 0.333333
1 0.347826 0.52 0.059289 0.373333
2 0.405138 0.493333 0.047431 0.32
5 0.468379 0.493333 0.051383 0.32
25 0.519763 0.526667 0.043478 0.386667
6 0.561265 0.493333 0.031621 0.32
9 0.612648 0.366667 0.063241 0.626667
5 0.684783 0.493333 0.05336 0.32
11 0.736166 0.493333 0.041502 0.32
20 0.791502 0.526667 0.061265 0.386667
24 0.835968 0.493333 0.019763 0.32
0 0.864625 0.493333 0.029644 0.32
0 0.914032 0.493333 0.041502 0.32
5 0.962451 0.493333 0.047431 0.32
