25 0.015533 0.493333 0.031065 0.32
3 0.047337 0.493333 0.026627 0.32
10 0.079142 0.493333 0.031065 0.32
19 0.119822 0.493333 0.044379 0.32
20 0.156805 0.52 0.023669 0.373333
24 0.181953 0.493333 0.02071 0.32
6 0.219675 0.513333 0.034024 0.36
2 0.254438 0.493333 0.029586 0.32
26 0.277367 0.493333 0.010355 0.32
11 0.295858 0.493333 0.02071 0.32
9 0.327663 0.38 0.036982 0.626667
1 0.372041 0.493333 0.031065 0.32
5 0.409763 0.493333 0.038462 0.32
16 0.465237 0.613333 0.051775 0.613333
17 0.511095 0.52 0.034024 0.373333
5 0.551775 0.526667 0.026627 0.386667
9 0.588757 0.373333 0.04142 0.613333
25 0.627959 0.493333 0.031065 0.32
9 0.672337 0.366667 0.051775 0.626667
24 0.70784 0.493333 0.013314 0.32
24 0.731509 0.493333 0.013314 0.32
13 0.754438 0.493333 0.026627 0.32
11 0.783284 0.493333 0.025148 0.32
1 0.815089 0.513333 0.032544 0.36
25 0.857249 0.493333 0.031065 0.32
7 0.888314 0.493333 0.025148 0.32
9 0.928994 0.38 0.035503 0.626667
1 0.969675 0.493333 0.039941 0.32
