24 0.012557 0.493333 0.025114 0.32
1 0.05137 0.493333 0.043379 0.32
16 0.105023 0.613333 0.054795 0.613333
20 0.158676 0.493333 0.043379 0.32
24 0.192922 0.493333 0.015982 0.32
5 0.238584 0.493333 0.043379 0.32
9 0.289954 0.38 0.050228 0.626667
25 0.353881 0.5 0.068493 0.333333
9 0.41895 0.386667 0.052511 0.64
10 0.482877 0.493333 0.043379 0.32
25 0.531963 0.493333 0.045662 0.32
2 0.60274 0.533333 0.086758 0.4
13 0.667808 0.493333 0.034247 0.32
1 0.716895 0.493333 0.054795 0.32
25 0.784247 0.493333 0.047945 0.32
5 0.839041 0.493333 0.052511 0.32
9 0.899543 0.373333 0.059361 0.613333
0 0.958904 0.493333 0.050228 0.32
