5 0.02459 0.493333 0.04918 0.32
11 0.072404 0.506667 0.035519 0.346667
19 0.142077 0.493333 0.092896 0.32
20 0.221311 0.493333 0.054645 0.32
0 0.280055 0.493333 0.051913 0.32
25 0.36612 0.493333 0.081967 0.32
13 0.435792 0.5 0.046448 0.333333
2 0.490437 0.493333 0.051913 0.32
9 0.551913 0.36 0.060109 0.64
1 0.622951 0.506667 0.071038 0.346667
0 0.706284 0.493333 0.057377 0.32
25 0.781421 0.5 0.081967 0.333333
18 0.85929 0.493333 0.062842 0.32
7 0.916667 0.52 0.040984 0.373333
13 0.961749 0.493333 0.038251 0.32
