3 0.017086 0.506667 0.034173 0.346667
2 0.071942 0.533333 0.068345 0.4
0 0.132194 0.493333 0.044964 0.32
0 0.180755 0.493333 0.044964 0.32
24 0.215827 0.493333 0.017986 0.32
5 0.255396 0.5 0.053957 0.333333
20 0.313849 0.493333 0.03777 0.32
0 0.354317 0.493333 0.035971 0.32
5 0.397482 0.493333 0.043165 0.32
9 0.444245 0.38 0.043165 0.626667
5 0.500899 0.52 0.06295 0.373333
20 0.556655 0.493333 0.041367 0.32
3 0.606115 0.493333 0.032374 0.32
9 0.665468 0.38 0.079137 0.626667
24 0.716727 0.493333 0.016187 0.32
0 0.75 0.493333 0.043165 0.32
24 0.781475 0.493333 0.01259 0.32
5 0.821043 0.493333 0.041367 0.32
11 0.856115 0.493333 0.021583 0.32
20 0.884892 0.52 0.028777 0.373333
1 0.926259 0.5 0.046763 0.333333
5 0.970324 0.513333 0.034173 0.36
