3 0.014873 0.493333 0.029745 0.32
1 0.048867 0.493333 0.032578 0.32
5 0.083569 0.493333 0.031161 0.32
9 0.121813 0.38 0.03966 0.626667
24 0.150142 0.493333 0.011331 0.32
1 0.174221 0.493333 0.031161 0.32
10 0.209632 0.493333 0.01983 0.32
0 0.236544 0.52 0.028329 0.373333
3 0.271955 0.493333 0.022663 0.32
1 0.303116 0.493333 0.033994 0.32
12 0.334986 0.613333 0.024079 0.613333
7 0.359773 0.493333 0.01983 0.32
24 0.390227 0.493333 0.021246 0.32
2 0.417139 0.493333 0.026912 0.32
24 0.441218 0.493333 0.015581 0.32
20 0.471671 0.493333 0.025496 0.32
19 0.505666 0.493333 0.036827 0.32
0 0.546742 0.52 0.03966 0.373333
24 0.584986 0.493333 0.016997 0.32
0 0.609773 0.493333 0.026912 0.32
9 0.63881 0.353333 0.025496 0.68
1 0.673513 0.493333 0.038244 0.32
12 0.713881 0.586667 0.022663 0.666667
11 0.740793 0.493333 0.025496 0.32
0 0.775496 0.493333 0.038244 0.32
24 0.805241 0.493333 0.015581 0.32
9 0.83711 0.366667 0.042493 0.626667
10 0.880312 0.493333 0.024079 0.32
3 0.905099 0.506667 0.01983 0.346667
0 0.931303 0.493333 0.026912 0.32
9 0.968839 0.373333 0.03966 0.613333
