17 0.012658 0.493333 0.025316 0.32
25 0.042897 0.493333 0.029536 0.32
17 0.078762 0.493333 0.022504 0.32
19 0.116034 0.506667 0.046414 0.346667
17 0.168776 0.493333 0.039381 0.32
14 0.202532 0.5 0.022504 0.333333
1 0.238397 0.493333 0.043601 0.32
9 0.276371 0.38 0.026723 0.626667
24 0.296062 0.493333 0.007032 0.32
15 0.327004 0.593333 0.035162 0.653333
0 0.360056 0.493333 0.025316 0.32
12 0.392405 0.606667 0.019691 0.626667
11 0.413502 0.493333 0.016878 0.32
10 0.444444 0.5 0.025316 0.333333
25 0.475387 0.493333 0.030942 0.32
19 0.513361 0.493333 0.039381 0.32
11 0.54782 0.493333 0.02391 0.32
6 0.575949 0.493333 0.026723 0.32
1 0.61955 0.493333 0.040788 0.32
4 0.663854 0.493333 0.042194 0.32
13 0.698312 0.493333 0.021097 0.32
2 0.729958 0.493333 0.036568 0.32
24 0.758087 0.493333 0.014065 0.32
9 0.793249 0.373333 0.036568 0.613333
0 0.83263 0.493333 0.036568 0.32
5 0.879747 0.493333 0.037975 0.32
1 0.916315 0.493333 0.029536 0.32
3 0.947961 0.493333 0.028129 0.32
2 0.977496 0.513333 0.025316 0.36
