9 0.020891 0.373333 0.041783 0.613333
0 0.058496 0.493333 0.027855 0.32
20 0.099582 0.52 0.034819 0.373333
24 0.128134 0.493333 0.016713 0.32
7 0.152507 0.493333 0.026462 0.32
17 0.178273 0.493333 0.019499 0.32
1 0.20961 0.493333 0.037604 0.32
11 0.241643 0.493333 0.020891 0.32
25 0.278552 0.52 0.033426 0.373333
3 0.310585 0.5 0.02507 0.333333
12 0.341922 0.606667 0.018106 0.626667
24 0.359331 0.493333 0.011142 0.32
13 0.377437 0.493333 0.019499 0.32
0 0.409471 0.493333 0.038997 0.32
9 0.458217 0.373333 0.038997 0.613333
0 0.495822 0.526667 0.030641 0.386667
24 0.527855 0.493333 0.013928 0.32
9 0.561978 0.38 0.048747 0.626667
10 0.603064 0.493333 0.027855 0.32
24 0.626741 0.493333 0.013928 0.32
25 0.657382 0.5 0.041783 0.333333
0 0.707521 0.493333 0.038997 0.32
25 0.743733 0.493333 0.027855 0.32
24 0.768106 0.493333 0.01532 0.32
25 0.792479 0.493333 0.027855 0.32
0 0.832869 0.493333 0.033426 0.32
24 0.858635 0.493333 0.012535 0.32
9 0.891365 0.373333 0.047354 0.613333
25 0.945682 0.5 0.041783 0.333333
7 0.979805 0.493333 0.020891 0.32
