5 0.019091 0.493333 0.038182 0.32
13 0.055455 0.52 0.027273 0.373333
16 0.101818 0.58 0.058182 0.68
0 0.151818 0.493333 0.034545 0.32
3 0.191818 0.493333 0.038182 0.32
1 0.235455 0.493333 0.041818 0.32
10 0.288182 0.493333 0.038182 0.32
6 0.328182 0.493333 0.034545 0.32
17 0.368182 0.493333 0.038182 0.32
11 0.402727 0.493333 0.023636 0.32
24 0.428182 0.493333 0.02 0.32
9 0.474545 0.38 0.047273 0.626667
1 0.523636 0.493333 0.043636 0.32
19 0.582727 0.493333 0.049091 0.32
25 0.630909 0.493333 0.04 0.32
0 0.674545 0.493333 0.04 0.32
5 0.729091 0.493333 0.043636 0.32
20 0.773636 0.493333 0.038182 0.32
0 0.814545 0.493333 0.036364 0.32
17 0.862727 0.493333 0.034545 0.32
19 0.915455 0.493333 0.063636 0.32
1 0.969091 0.526667 0.036364 0.386667
