15 0.015221 0.613333 0.030441 0.613333
0 0.052511 0.493333 0.038052 0.32
10 0.085236 0.493333 0.021309 0.32
24 0.105023 0.493333 0.012177 0.32
25 0.136986 0.493333 0.045662 0.32
9 0.182648 0.373333 0.039574 0.613333
10 0.222983 0.493333 0.019787 0.32
19 0.256469 0.493333 0.041096 0.32
3 0.302892 0.493333 0.030441 0.32
1 0.336377 0.493333 0.030441 0.32
9 0.369863 0.38 0.030441 0.626667
0 0.405632 0.493333 0.035008 0.32
0 0.440639 0.493333 0.028919 0.32
9 0.47793 0.373333 0.039574 0.613333
2 0.523592 0.493333 0.030441 0.32
17 0.555556 0.493333 0.027397 0.32
25 0.595129 0.493333 0.030441 0.32
7 0.62481 0.493333 0.022831 0.32
17 0.652207 0.493333 0.025875 0.32
11 0.681126 0.493333 0.025875 0.32
6 0.71309 0.493333 0.031963 0.32
24 0.746575 0.493333 0.013699 0.32
11 0.774734 0.493333 0.03653 0.32
19 0.814307 0.493333 0.03653 0.32
5 0.863775 0.493333 0.041096 0.32
11 0.902588 0.493333 0.030441 0.32
9 0.934551 0.353333 0.027397 0.68
1 0.97032 0.493333 0.038052 0.32
