10 0.013274 0.5 0.026549 0.333333
5 0.051327 0.493333 0.042478 0.32
20 0.09115 0.493333 0.030088 0.32
0 0.131858 0.493333 0.044248 0.32
25 0.184071 0.5 0.053097 0.333333
7 0.225664 0.513333 0.023009 0.36
12 0.261062 0.613333 0.023009 0.613333
24 0.283186 0.493333 0.014159 0.32
5 0.313274 0.493333 0.038938 0.32
11 0.349558 0.493333 0.026549 0.32
3 0.393805 0.493333 0.037168 0.32
1 0.431858 0.493333 0.031858 0.32
1 0.481416 0.493333 0.042478 0.32
3 0.526549 0.493333 0.040708 0.32
24 0.559292 0.493333 0.017699 0.32
25 0.59115 0.493333 0.038938 0.32
25 0.640708 0.493333 0.035398 0.32
7 0.676106 0.5 0.028319 0.333333
0 0.721239 0.493333 0.037168 0.32
24 0.752212 0.493333 0.017699 0.32
5 0.784071 0.493333 0.038938 0.32
5 0.837168 0.493333 0.042478 0.32
9 0.881416 0.373333 0.038938 0.613333
0 0.931858 0.493333 0.037168 0.32
9 0.970796 0.38 0.033628 0.626667
