5 0.015559 0.493333 0.031117 0.32
9 0.054455 0.386667 0.041018 0.64
4 0.095474 0.493333 0.035361 0.32
10 0.142857 0.513333 0.039604 0.36
17 0.181047 0.493333 0.031117 0.32
9 0.216407 0.38 0.033946 0.626667
7 0.248232 0.493333 0.024045 0.32
9 0.28925 0.373333 0.03819 0.613333
1 0.326733 0.493333 0.031117 0.32
25 0.373409 0.493333 0.042433 0.32
6 0.408062 0.493333 0.021216 0.32
0 0.437058 0.493333 0.031117 0.32
10 0.470297 0.513333 0.029703 0.36
25 0.502829 0.493333 0.029703 0.32
11 0.533946 0.493333 0.026874 0.32
12 0.567893 0.613333 0.021216 0.613333
3 0.591231 0.493333 0.019802 0.32
0 0.62447 0.513333 0.026874 0.36
9 0.656294 0.38 0.031117 0.626667
8 0.705092 0.606667 0.046676 0.626667
24 0.742574 0.493333 0.022631 0.32
17 0.769448 0.493333 0.02546 0.32
2 0.802687 0.493333 0.035361 0.32
10 0.84512 0.493333 0.029703 0.32
1 0.884724 0.493333 0.043847 0.32
9 0.937058 0.373333 0.041018 0.613333
0 0.975248 0.493333 0.029703 0.32
