8 0.012616 0.606667 0.025232 0.626667
9 0.038513 0.373333 0.021248 0.613333
9 0.063745 0.373333 0.023904 0.613333
24 0.084329 0.493333 0.011952 0.32
7 0.102258 0.493333 0.018592 0.32
10 0.134794 0.493333 0.027888 0.32
1 0.162683 0.5 0.022576 0.333333
1 0.195219 0.493333 0.023904 0.32
3 0.220452 0.493333 0.021248 0.32
24 0.240372 0.493333 0.01328 0.32
25 0.269588 0.493333 0.02656 0.32
20 0.297477 0.493333 0.023904 0.32
11 0.325365 0.493333 0.02656 0.32
19 0.363878 0.513333 0.045153 0.36
0 0.401062 0.493333 0.023904 0.32
9 0.443559 0.38 0.042497 0.626667
7 0.476096 0.493333 0.017264 0.32
24 0.491368 0.493333 0.007968 0.32
12 0.51328 0.613333 0.017264 0.613333
7 0.539177 0.493333 0.029216 0.32
0 0.570385 0.493333 0.027888 0.32
11 0.596282 0.493333 0.018592 0.32
24 0.61421 0.493333 0.011952 0.32
25 0.645418 0.493333 0.031873 0.32
7 0.675963 0.493333 0.023904 0.32
0 0.701859 0.493333 0.022576 0.32
9 0.730412 0.38 0.029216 0.626667
11 0.758964 0.493333 0.022576 0.32
6 0.790837 0.493333 0.022576 0.32
24 0.812085 0.493333 0.014608 0.32
17 0.837317 0.52 0.030544 0.373333
2 0.866534 0.493333 0.022576 0.32
15 0.90571 0.613333 0.037185 0.64
24 0.934263 0.493333 0.014608 0.32
1 0.960159 0.513333 0.031873 0.36
24 0.984728 0.493333 0.011952 0.32
