0 0.01269 0.493333 0.025381 0.32
24 0.038071 0.493333 0.020305 0.32
5 0.063452 0.493333 0.025381 0.32
10 0.091371 0.493333 0.025381 0.32
0 0.121827 0.493333 0.030457 0.32
10 0.157995 0.493333 0.024112 0.32
1 0.186548 0.493333 0.027919 0.32
10 0.219543 0.493333 0.020305 0.32
1 0.245558 0.493333 0.02665 0.32
3 0.270939 0.493333 0.019036 0.32
24 0.288706 0.493333 0.011421 0.32
3 0.310279 0.493333 0.02665 0.32
4 0.340736 0.526667 0.029188 0.386667
0 0.377538 0.493333 0.02665 0.32
24 0.399112 0.493333 0.011421 0.32
9 0.419416 0.38 0.024112 0.626667
9 0.454315 0.36 0.040609 0.666667
25 0.497462 0.526667 0.027919 0.386667
3 0.526015 0.493333 0.024112 0.32
8 0.559645 0.606667 0.038071 0.626667
2 0.590736 0.52 0.019036 0.373333
5 0.628173 0.493333 0.038071 0.32
9 0.667513 0.38 0.035533 0.626667
12 0.694162 0.593333 0.01269 0.653333
11 0.715736 0.493333 0.025381 0.32
19 0.750635 0.493333 0.03934 0.32
9 0.795685 0.373333 0.032995 0.613333
1 0.830584 0.493333 0.031726 0.32
25 0.86231 0.493333 0.02665 0.32
3 0.890228 0.493333 0.024112 0.32
9 0.932741 0.38 0.043147 0.626667
24 0.963198 0.493333 0.01269 0.32
7 0.981599 0.493333 0.019036 0.32
