10 0.019651 0.526667 0.039301 0.386667
3 0.06441 0.506667 0.041485 0.346667
0 0.106987 0.493333 0.034934 0.32
0 0.161572 0.493333 0.043668 0.32
24 0.197598 0.526667 0.019651 0.386667
9 0.25 0.373333 0.076419 0.64
24 0.303493 0.493333 0.021834 0.32
10 0.347162 0.493333 0.034934 0.32
25 0.393013 0.526667 0.048035 0.386667
2 0.46179 0.493333 0.080786 0.32
13 0.529476 0.493333 0.045852 0.32
1 0.582969 0.493333 0.052402 0.32
25 0.648472 0.493333 0.048035 0.32
13 0.689956 0.493333 0.026201 0.32
2 0.730349 0.493333 0.045852 0.32
5 0.778384 0.506667 0.041485 0.346667
24 0.812227 0.493333 0.017467 0.32
17 0.856987 0.493333 0.041485 0.32
19 0.913755 0.493333 0.063319 0.32
0 0.967249 0.493333 0.034934 0.32
