17 0.013675 0.493333 0.02735 0.32
2 0.052991 0.526667 0.044444 0.386667
3 0.098291 0.493333 0.039316 0.32
5 0.139316 0.493333 0.035897 0.32
5 0.184615 0.526667 0.030769 0.386667
7 0.217094 0.5 0.02735 0.333333
3 0.250427 0.5 0.032479 0.333333
24 0.278632 0.493333 0.017094 0.32
0 0.308547 0.493333 0.035897 0.32
8 0.366667 0.606667 0.05641 0.626667
9 0.418803 0.373333 0.041026 0.613333
24 0.45812 0.493333 0.013675 0.32
17 0.484615 0.493333 0.032479 0.32
2 0.523077 0.493333 0.037607 0.32
3 0.562393 0.493333 0.034188 0.32
25 0.603419 0.493333 0.041026 0.32
5 0.65641 0.493333 0.041026 0.32
9 0.705128 0.353333 0.046154 0.493333
0 0.747863 0.493333 0.032479 0.32
10 0.792308 0.513333 0.032479 0.36
25 0.829915 0.493333 0.035897 0.32
1 0.87094 0.493333 0.039316 0.32
19 0.915385 0.493333 0.042735 0.32
20 0.954701 0.493333 0.02906 0.32
24 0.980342 0.493333 0.015385 0.32
