26 0.008516 0.52 0.017032 0.373333
17 0.043796 0.493333 0.043796 0.32
5 0.09854 0.493333 0.055961 0.32
24 0.143552 0.493333 0.024331 0.32
9 0.190998 0.373333 0.060827 0.613333
1 0.253041 0.493333 0.053528 0.32
25 0.326034 0.493333 0.058394 0.32
20 0.388078 0.493333 0.055961 0.32
25 0.446472 0.493333 0.051095 0.32
2 0.502433 0.493333 0.051095 0.32
20 0.572993 0.493333 0.055961 0.32
0 0.631387 0.493333 0.051095 0.32
24 0.672749 0.493333 0.021898 0.32
24 0.715328 0.493333 0.029197 0.32
24 0.745742 0.493333 0.021898 0.32
9 0.793187 0.366667 0.06326 0.626667
7 0.846715 0.493333 0.034063 0.32
25 0.909976 0.52 0.058394 0.373333
3 0.963504 0.493333 0.038929 0.32
