24 0.015896 0.493333 0.031792 0.32
6 0.069364 0.493333 0.063584 0.32
20 0.134393 0.493333 0.054913 0.32
0 0.190751 0.493333 0.046243 0.32
12 0.254335 0.62 0.040462 0.626667
11 0.309249 0.513333 0.057803 0.36
17 0.393064 0.513333 0.069364 0.36
2 0.463873 0.493333 0.060694 0.32
3 0.524566 0.493333 0.049133 0.32
11 0.57659 0.493333 0.043353 0.32
7 0.625723 0.493333 0.043353 0.32
0 0.696532 0.493333 0.057803 0.32
24 0.748555 0.486667 0.034682 0.306667
9 0.817919 0.373333 0.080925 0.613333
12 0.903179 0.613333 0.043353 0.613333
11 0.955202 0.493333 0.049133 0.32
