3 0.019792 0.493333 0.039583 0.32
25 0.066667 0.526667 0.045833 0.386667
24 0.105208 0.493333 0.022917 0.32
3 0.138542 0.493333 0.035417 0.32
9 0.185417 0.373333 0.05 0.613333
5 0.254167 0.493333 0.058333 0.32
11 0.301042 0.493333 0.027083 0.32
24 0.329167 0.5 0.020833 0.333333
0 0.379167 0.493333 0.05 0.32
24 0.422917 0.493333 0.029167 0.32
9 0.471875 0.386667 0.060417 0.64
25 0.541667 0.493333 0.05 0.32
7 0.586458 0.493333 0.03125 0.32
10 0.632292 0.493333 0.03125 0.32
20 0.675 0.493333 0.045833 0.32
7 0.715625 0.493333 0.027083 0.32
12 0.759375 0.613333 0.03125 0.613333
25 0.8 0.493333 0.041667 0.32
2 0.848958 0.493333 0.047917 0.32
16 0.907292 0.606667 0.060417 0.626667
3 0.963542 0.493333 0.04375 0.32
