24 0.009174 0.493333 0.018349 0.32
13 0.03578 0.493333 0.027523 0.32
25 0.07156 0.493333 0.036697 0.32
11 0.106422 0.5 0.025688 0.333333
9 0.146789 0.373333 0.047706 0.64
12 0.194495 0.606667 0.022018 0.626667
11 0.225688 0.493333 0.033028 0.32
12 0.257798 0.613333 0.023853 0.613333
1 0.29633 0.493333 0.045872 0.32
7 0.337615 0.493333 0.029358 0.32
24 0.361468 0.493333 0.011009 0.32
12 0.390826 0.613333 0.022018 0.613333
3 0.419266 0.5 0.027523 0.333333
10 0.463303 0.513333 0.034862 0.36
24 0.493578 0.493333 0.018349 0.32
16 0.541284 0.606667 0.069725 0.626667
25 0.607339 0.493333 0.036697 0.32
9 0.652294 0.373333 0.045872 0.613333
4 0.702752 0.513333 0.047706 0.36
3 0.744954 0.513333 0.029358 0.36
9 0.808257 0.38 0.07156 0.626667
24 0.857798 0.493333 0.020183 0.32
7 0.884404 0.493333 0.025688 0.32
2 0.920183 0.493333 0.038532 0.32
17 0.965138 0.493333 0.044037 0.32
