10 0.030255 0.493333 0.06051 0.32
19 0.111465 0.493333 0.089172 0.32
9 0.213376 0.373333 0.070064 0.613333
0 0.289809 0.513333 0.070064 0.36
9 0.372611 0.373333 0.082803 0.613333
0 0.442675 0.493333 0.044586 0.32
12 0.515924 0.613333 0.057325 0.613333
11 0.582803 0.493333 0.063694 0.32
9 0.671975 0.373333 0.070064 0.613333
0 0.742038 0.52 0.057325 0.373333
12 0.813694 0.613333 0.041401 0.613333
11 0.869427 0.493333 0.057325 0.32
24 0.914013 0.526667 0.019108 0.386667
0 0.953822 0.493333 0.047771 0.32
