10 0.021739 0.493333 0.043478 0.32
5 0.07337 0.493333 0.052536 0.32
25 0.125 0.493333 0.043478 0.32
24 0.160326 0.493333 0.019928 0.32
19 0.202899 0.493333 0.057971 0.32
24 0.240942 0.526667 0.01087 0.386667
3 0.276268 0.493333 0.03442 0.32
24 0.306159 0.493333 0.018116 0.32
2 0.336051 0.526667 0.03442 0.386667
7 0.366848 0.493333 0.019928 0.32
5 0.411232 0.493333 0.043478 0.32
7 0.450181 0.493333 0.027174 0.32
11 0.483696 0.493333 0.032609 0.32
1 0.521739 0.493333 0.036232 0.32
20 0.567935 0.493333 0.030797 0.32
0 0.608696 0.493333 0.043478 0.32
9 0.660326 0.373333 0.03442 0.613333
0 0.696558 0.506667 0.030797 0.346667
3 0.730072 0.493333 0.028986 0.32
24 0.758152 0.493333 0.019928 0.32
2 0.789855 0.493333 0.036232 0.32
7 0.825181 0.493333 0.027174 0.32
9 0.875 0.36 0.047101 0.666667
24 0.914855 0.493333 0.025362 0.32
7 0.944746 0.493333 0.027174 0.32
11 0.974638 0.5 0.025362 0.333333
