25 0.024 0.493333 0.048 0.32
3 0.07 0.493333 0.036 0.32
6 0.109 0.493333 0.034 0.32
16 0.164 0.613333 0.068 0.613333
25 0.226 0.52 0.048 0.373333
5 0.288 0.493333 0.048 0.32
20 0.337 0.493333 0.042 0.32
6 0.381 0.493333 0.038 0.32
20 0.423 0.493333 0.038 0.32
14 0.463 0.493333 0.034 0.32
20 0.518 0.493333 0.048 0.32
0 0.585 0.526667 0.078 0.386667
9 0.672 0.386667 0.068 0.64
1 0.728 0.493333 0.036 0.32
9 0.782 0.373333 0.044 0.613333
24 0.816 0.5 0.016 0.333333
7 0.843 0.493333 0.03 0.32
9 0.903 0.373333 0.062 0.613333
1 0.962 0.506667 0.048 0.346667
