20 0.011719 0.493333 0.023438 0.32
17 0.039714 0.493333 0.027344 0.32
24 0.063151 0.493333 0.014323 0.32
2 0.084635 0.513333 0.023438 0.36
4 0.110677 0.493333 0.020833 0.293333
9 0.144531 0.38 0.039062 0.653333
25 0.188802 0.506667 0.03125 0.346667
19 0.227865 0.493333 0.041667 0.32
0 0.268229 0.52 0.033854 0.373333
17 0.30013 0.493333 0.02474 0.32
9 0.33724 0.373333 0.03125 0.613333
0 0.367839 0.493333 0.02474 0.32
5 0.396484 0.493333 0.027344 0.32
7 0.422526 0.493333 0.019531 0.32
20 0.45638 0.5 0.029948 0.333333
0 0.490885 0.506667 0.033854 0.346667
5 0.525391 0.493333 0.029948 0.32
1 0.552734 0.493333 0.019531 0.32
17 0.577474 0.493333 0.02474 0.32
10 0.614583 0.493333 0.03125 0.32
0 0.645833 0.506667 0.026042 0.346667
17 0.671224 0.493333 0.019531 0.32
19 0.703776 0.493333 0.040365 0.32
0 0.742188 0.493333 0.03125 0.32
25 0.782552 0.493333 0.03125 0.32
7 0.807943 0.493333 0.014323 0.32
9 0.844401 0.38 0.040365 0.626667
0 0.879557 0.493333 0.02474 0.32
6 0.913411 0.493333 0.02474 0.32
24 0.9375 0.493333 0.018229 0.32
17 0.960938 0.493333 0.023438 0.32
24 0.983073 0.493333 0.015625 0.32
