5 0.011073 0.506667 0.022147 0.346667
9 0.044293 0.373333 0.037479 0.613333
0 0.09029 0.493333 0.0477 0.32
24 0.124361 0.493333 0.013629 0.32
2 0.15247 0.493333 0.035775 0.32
25 0.191652 0.493333 0.035775 0.32
10 0.237649 0.493333 0.032368 0.32
1 0.281942 0.52 0.049404 0.373333
24 0.319421 0.493333 0.018739 0.32
24 0.345826 0.493333 0.027257 0.32
1 0.389267 0.52 0.035775 0.373333
19 0.435264 0.493333 0.049404 0.32
25 0.481261 0.493333 0.035775 0.32
9 0.528109 0.36 0.051107 0.64
0 0.576661 0.493333 0.039182 0.32
24 0.616695 0.506667 0.017036 0.346667
2 0.645656 0.493333 0.034072 0.32
0 0.683135 0.506667 0.034072 0.346667
24 0.719761 0.493333 0.032368 0.32
5 0.758092 0.493333 0.037479 0.32
9 0.810051 0.386667 0.042589 0.64
1 0.861158 0.493333 0.052811 0.32
25 0.908859 0.493333 0.035775 0.32
13 0.94293 0.493333 0.025554 0.32
0 0.973595 0.493333 0.028961 0.32
