17 0.016 0.506667 0.032 0.346667
14 0.044 0.493333 0.018667 0.32
18 0.074667 0.493333 0.037333 0.32
12 0.112 0.606667 0.018667 0.626667
11 0.135333 0.493333 0.022667 0.32
9 0.162667 0.373333 0.026667 0.64
24 0.186 0.493333 0.014667 0.32
7 0.204 0.493333 0.016 0.32
24 0.22 0.493333 0.010667 0.32
3 0.245333 0.52 0.021333 0.373333
1 0.274667 0.493333 0.032 0.32
25 0.314 0.493333 0.028 0.32
7 0.342667 0.52 0.024 0.373333
5 0.376667 0.493333 0.025333 0.32
11 0.404667 0.513333 0.025333 0.36
5 0.434667 0.493333 0.029333 0.32
2 0.47 0.493333 0.036 0.32
20 0.510667 0.5 0.026667 0.333333
0 0.542 0.493333 0.030667 0.32
8 0.588667 0.606667 0.044 0.626667
9 0.628 0.373333 0.029333 0.613333
11 0.656 0.493333 0.021333 0.32
9 0.686667 0.373333 0.034667 0.613333
24 0.710667 0.526667 0.008 0.386667
7 0.733333 0.493333 0.032 0.32
5 0.776667 0.493333 0.036 0.32
9 0.816 0.38 0.037333 0.626667
24 0.849333 0.506667 0.010667 0.346667
13 0.868 0.493333 0.021333 0.32
24 0.892 0.493333 0.021333 0.32
7 0.915333 0.493333 0.02 0.32
20 0.938667 0.52 0.021333 0.373333
2 0.971333 0.493333 0.038667 0.32
