10 0.032634 0.493333 0.065268 0.32
1 0.09324 0.493333 0.04662 0.32
11 0.142191 0.493333 0.041958 0.32
9 0.22028 0.386667 0.081585 0.666667
24 0.277389 0.493333 0.02331 0.32
7 0.312354 0.493333 0.037296 0.32
9 0.386946 0.373333 0.079254 0.64
24 0.441725 0.493333 0.020979 0.32
7 0.47669 0.493333 0.039627 0.32
10 0.532634 0.493333 0.039627 0.32
4 0.583916 0.493333 0.053613 0.32
9 0.651515 0.38 0.048951 0.626667
24 0.69697 0.493333 0.032634 0.32
7 0.731935 0.493333 0.027972 0.32
9 0.780886 0.393333 0.037296 0.653333
0 0.82634 0.526667 0.044289 0.386667
24 0.863636 0.493333 0.020979 0.32
17 0.907925 0.493333 0.058275 0.32
0 0.962704 0.493333 0.041958 0.32
