0 0.015605 0.493333 0.031209 0.32
11 0.044863 0.493333 0.022107 0.32
21 0.070221 0.493333 0.023407 0.32
24 0.089727 0.493333 0.010403 0.32
9 0.117685 0.386667 0.040312 0.64
1 0.154096 0.493333 0.027308 0.32
1 0.191808 0.493333 0.029909 0.32
19 0.229519 0.5 0.040312 0.333333
14 0.263329 0.493333 0.022107 0.32
1 0.29909 0.493333 0.031209 0.32
24 0.323147 0.493333 0.011704 0.32
26 0.336801 0.493333 0.010403 0.32
20 0.360208 0.493333 0.031209 0.32
3 0.396619 0.493333 0.023407 0.32
25 0.425228 0.493333 0.028609 0.32
2 0.455787 0.526667 0.027308 0.386667
25 0.485696 0.493333 0.027308 0.32
7 0.512354 0.493333 0.020806 0.32
10 0.541612 0.493333 0.019506 0.32
1 0.56567 0.493333 0.023407 0.32
9 0.597529 0.38 0.035111 0.626667
2 0.639792 0.493333 0.044213 0.32
0 0.684655 0.493333 0.027308 0.32
25 0.713914 0.493333 0.026008 0.32
4 0.739272 0.493333 0.016905 0.293333
24 0.760728 0.526667 0.007802 0.386667
9 0.789987 0.38 0.045514 0.626667
9 0.83355 0.373333 0.036411 0.613333
24 0.860858 0.493333 0.013004 0.32
7 0.881664 0.493333 0.023407 0.32
11 0.908973 0.493333 0.026008 0.32
10 0.943433 0.493333 0.024707 0.32
1 0.974642 0.493333 0.03251 0.32
