25 0.031381 0.5 0.062762 0.333333
3 0.089958 0.513333 0.046025 0.36
12 0.140167 0.613333 0.025105 0.613333
14 0.171548 0.493333 0.029289 0.32
3 0.219665 0.493333 0.037657 0.32
4 0.259414 0.493333 0.033473 0.32
13 0.298117 0.493333 0.035565 0.32
9 0.355649 0.393333 0.050209 0.653333
7 0.396444 0.493333 0.023013 0.32
10 0.442469 0.493333 0.039749 0.32
1 0.49477 0.493333 0.056485 0.32
25 0.558577 0.493333 0.041841 0.32
3 0.598326 0.493333 0.029289 0.32
9 0.640167 0.373333 0.046025 0.666667
1 0.694561 0.506667 0.054393 0.346667
9 0.767782 0.393333 0.062762 0.653333
24 0.809623 0.526667 0.012552 0.386667
7 0.835774 0.526667 0.031381 0.386667
5 0.891213 0.5 0.050209 0.333333
9 0.952929 0.373333 0.064854 0.64
