25 0.032189 0.5 0.064378 0.333333
7 0.082618 0.493333 0.027897 0.32
5 0.127682 0.493333 0.053648 0.32
24 0.169528 0.493333 0.021459 0.32
17 0.212446 0.493333 0.034335 0.32
2 0.261803 0.493333 0.055794 0.32
3 0.310086 0.493333 0.032189 0.32
0 0.350858 0.493333 0.040773 0.32
9 0.399142 0.373333 0.04721 0.613333
5 0.463519 0.493333 0.051502 0.32
9 0.520386 0.38 0.053648 0.626667
0 0.570815 0.5 0.038627 0.333333
24 0.606223 0.493333 0.023605 0.32
9 0.651288 0.38 0.05794 0.626667
24 0.693133 0.493333 0.017167 0.32
0 0.742489 0.493333 0.051502 0.32
24 0.783262 0.493333 0.021459 0.32
25 0.834764 0.52 0.051502 0.373333
13 0.875536 0.493333 0.021459 0.32
10 0.912017 0.493333 0.042918 0.32
5 0.961373 0.5 0.04721 0.333333
