20 0.012146 0.493333 0.024291 0.32
2 0.041161 0.52 0.02834 0.373333
19 0.07085 0.493333 0.025641 0.32
6 0.107287 0.513333 0.02834 0.36
16 0.148448 0.613333 0.048583 0.613333
25 0.189609 0.493333 0.02834 0.32
19 0.22807 0.493333 0.043185 0.32
25 0.265857 0.493333 0.026991 0.32
0 0.297571 0.493333 0.031039 0.32
12 0.338731 0.606667 0.032389 0.626667
7 0.368421 0.493333 0.021592 0.32
25 0.408907 0.493333 0.040486 0.32
21 0.451417 0.493333 0.039136 0.32
2 0.487179 0.513333 0.026991 0.36
19 0.520243 0.493333 0.033738 0.32
17 0.560054 0.5 0.026991 0.333333
19 0.593117 0.493333 0.033738 0.32
0 0.622807 0.493333 0.020243 0.32
25 0.65722 0.493333 0.02969 0.32
26 0.679487 0.493333 0.009447 0.32
17 0.69973 0.5 0.025641 0.333333
2 0.72807 0.493333 0.025641 0.32
12 0.759109 0.606667 0.017544 0.626667
3 0.786775 0.5 0.032389 0.333333
8 0.827935 0.586667 0.031039 0.666667
9 0.866397 0.373333 0.040486 0.613333
10 0.903509 0.493333 0.02834 0.32
0 0.935223 0.513333 0.02969 0.36
9 0.97166 0.373333 0.037787 0.613333
