5 0.020513 0.493333 0.041026 0.32
24 0.053846 0.493333 0.018803 0.32
5 0.088034 0.513333 0.042735 0.36
25 0.131624 0.493333 0.037607 0.32
9 0.178632 0.38 0.049573 0.626667
25 0.235897 0.493333 0.041026 0.32
6 0.281197 0.493333 0.042735 0.32
17 0.323077 0.5 0.034188 0.333333
19 0.365812 0.493333 0.044444 0.32
0 0.411111 0.493333 0.039316 0.32
5 0.462393 0.493333 0.039316 0.32
9 0.516239 0.366667 0.061538 0.626667
9 0.574359 0.366667 0.047863 0.653333
7 0.615385 0.493333 0.02735 0.32
9 0.662393 0.386667 0.059829 0.666667
9 0.725641 0.346667 0.042735 0.666667
7 0.762393 0.493333 0.023932 0.32
5 0.809402 0.493333 0.046154 0.32
11 0.851282 0.493333 0.030769 0.32
1 0.887179 0.5 0.034188 0.333333
25 0.925641 0.493333 0.035897 0.32
7 0.967521 0.493333 0.041026 0.32
