25 0.021967 0.493333 0.043933 0.32
7 0.063808 0.493333 0.031381 0.32
0 0.118201 0.5 0.043933 0.306667
24 0.154812 0.493333 0.020921 0.32
9 0.196653 0.373333 0.054393 0.613333
24 0.236402 0.493333 0.016736 0.32
9 0.290795 0.373333 0.058577 0.613333
7 0.338912 0.493333 0.025105 0.32
25 0.387029 0.5 0.062762 0.333333
13 0.439331 0.493333 0.033473 0.32
14 0.478033 0.493333 0.035565 0.32
9 0.529289 0.38 0.058577 0.626667
12 0.587866 0.613333 0.029289 0.613333
11 0.625523 0.493333 0.037657 0.32
10 0.674686 0.493333 0.031381 0.32
25 0.725941 0.5 0.062762 0.333333
17 0.780335 0.493333 0.037657 0.32
1 0.830544 0.506667 0.054393 0.346667
19 0.895397 0.493333 0.066946 0.32
5 0.959205 0.493333 0.052301 0.32
