0 0.017094 0.493333 0.034188 0.32
9 0.05641 0.38 0.037607 0.626667
12 0.095726 0.593333 0.017094 0.653333
25 0.126496 0.493333 0.037607 0.32
2 0.168376 0.5 0.039316 0.333333
10 0.212821 0.493333 0.025641 0.32
5 0.252991 0.493333 0.047863 0.32
5 0.317949 0.493333 0.05812 0.32
7 0.364103 0.493333 0.02735 0.32
9 0.394872 0.393333 0.02735 0.653333
10 0.42735 0.493333 0.030769 0.32
5 0.464103 0.493333 0.035897 0.32
12 0.506838 0.613333 0.025641 0.613333
25 0.54359 0.493333 0.041026 0.32
25 0.588034 0.506667 0.041026 0.346667
10 0.636752 0.493333 0.032479 0.32
25 0.676923 0.493333 0.041026 0.32
19 0.721368 0.506667 0.041026 0.346667
19 0.765812 0.526667 0.041026 0.386667
9 0.820513 0.373333 0.044444 0.613333
0 0.866667 0.493333 0.041026 0.32
9 0.911111 0.373333 0.023932 0.613333
0 0.957265 0.513333 0.061538 0.36
