5 0.014474 0.493333 0.028947 0.32
9 0.047368 0.38 0.031579 0.626667
10 0.083553 0.493333 0.022368 0.32
5 0.1125 0.506667 0.030263 0.346667
9 0.146053 0.373333 0.031579 0.613333
9 0.180263 0.373333 0.031579 0.613333
24 0.204605 0.493333 0.011842 0.32
7 0.225 0.526667 0.023684 0.386667
25 0.265789 0.493333 0.039474 0.32
3 0.297368 0.506667 0.018421 0.346667
9 0.328947 0.366667 0.039474 0.626667
0 0.367105 0.493333 0.031579 0.32
25 0.411842 0.493333 0.039474 0.32
7 0.444737 0.493333 0.021053 0.32
12 0.468421 0.606667 0.021053 0.626667
20 0.5 0.506667 0.036842 0.346667
13 0.530263 0.493333 0.018421 0.32
9 0.563158 0.373333 0.028947 0.613333
0 0.595395 0.493333 0.030263 0.32
17 0.625658 0.493333 0.025 0.32
19 0.660526 0.506667 0.039474 0.32
25 0.696711 0.493333 0.027632 0.32
9 0.742105 0.366667 0.044737 0.626667
1 0.784211 0.513333 0.034211 0.36
5 0.824342 0.493333 0.027632 0.32
26 0.845395 0.52 0.009211 0.373333
24 0.857895 0.5 0.010526 0.333333
16 0.882895 0.613333 0.034211 0.613333
3 0.913158 0.493333 0.021053 0.32
9 0.950658 0.38 0.035526 0.626667
7 0.980921 0.493333 0.019737 0.32
