9 0.022523 0.353333 0.045045 0.653333
0 0.065315 0.493333 0.034535 0.32
17 0.103604 0.493333 0.036036 0.32
19 0.135886 0.493333 0.022523 0.32
0 0.164414 0.493333 0.028529 0.32
9 0.214715 0.366667 0.051051 0.626667
0 0.261261 0.493333 0.036036 0.32
17 0.31006 0.493333 0.040541 0.32
19 0.355105 0.493333 0.043544 0.32
0 0.394144 0.493333 0.028529 0.32
17 0.424925 0.493333 0.027027 0.32
19 0.462462 0.493333 0.042042 0.32
0 0.503754 0.52 0.034535 0.373333
0 0.547297 0.526667 0.031532 0.386667
9 0.58033 0.373333 0.028529 0.613333
26 0.611111 0.493333 0.012012 0.32
14 0.633634 0.506667 0.027027 0.346667
2 0.665916 0.493333 0.031532 0.32
3 0.705706 0.493333 0.027027 0.32
1 0.742492 0.526667 0.040541 0.386667
19 0.792793 0.493333 0.039039 0.32
25 0.833333 0.506667 0.036036 0.346667
0 0.867868 0.5 0.027027 0.333333
9 0.906156 0.386667 0.043544 0.64
0 0.947447 0.493333 0.033033 0.32
7 0.978228 0.493333 0.022523 0.32
