10 0.017062 0.493333 0.034125 0.32
1 0.054896 0.493333 0.035608 0.32
9 0.095697 0.373333 0.040059 0.613333
24 0.126113 0.493333 0.014837 0.32
7 0.143175 0.493333 0.013353 0.32
25 0.182493 0.493333 0.04451 0.32
26 0.212908 0.52 0.010386 0.373333
17 0.241098 0.493333 0.040059 0.32
10 0.290801 0.5 0.038576 0.333333
1 0.333086 0.493333 0.040059 0.32
12 0.37092 0.606667 0.014837 0.626667
25 0.396884 0.493333 0.031157 0.32
0 0.430267 0.493333 0.029674 0.32
19 0.467359 0.493333 0.038576 0.32
25 0.513353 0.493333 0.032641 0.32
9 0.550445 0.373333 0.035608 0.613333
10 0.58457 0.5 0.026706 0.333333
6 0.616469 0.5 0.031157 0.333333
10 0.653561 0.52 0.022255 0.373333
1 0.682493 0.493333 0.029674 0.32
20 0.712166 0.493333 0.023739 0.32
24 0.732938 0.5 0.011869 0.333333
9 0.763353 0.373333 0.043027 0.613333
1 0.802671 0.493333 0.029674 0.32
10 0.839021 0.493333 0.022255 0.32
25 0.869436 0.493333 0.032641 0.32
13 0.900593 0.493333 0.023739 0.32
19 0.93546 0.5 0.040059 0.333333
5 0.974036 0.493333 0.031157 0.32
