8 0.028967 0.586667 0.057935 0.666667
0 0.098237 0.493333 0.070529 0.32
25 0.18136 0.52 0.060453 0.373333
3 0.245592 0.493333 0.057935 0.32
20 0.31738 0.493333 0.050378 0.32
24 0.358942 0.493333 0.02267 0.32
0 0.411839 0.493333 0.073048 0.32
17 0.474811 0.493333 0.042821 0.32
9 0.535264 0.373333 0.06801 0.613333
17 0.607053 0.493333 0.040302 0.32
19 0.667506 0.52 0.070529 0.373333
0 0.740554 0.493333 0.065491 0.32
9 0.814861 0.353333 0.06801 0.493333
1 0.871537 0.493333 0.035264 0.32
24 0.920655 0.493333 0.027708 0.32
0 0.960957 0.493333 0.042821 0.32
