5 0.030682 0.493333 0.061364 0.32
9 0.094318 0.38 0.056818 0.626667
0 0.148864 0.493333 0.043182 0.32
24 0.188636 0.493333 0.027273 0.32
9 0.245455 0.38 0.054545 0.626667
24 0.290909 0.493333 0.027273 0.32
7 0.331818 0.526667 0.045455 0.386667
11 0.378409 0.493333 0.038636 0.32
24 0.418182 0.493333 0.031818 0.32
9 0.478409 0.38 0.056818 0.626667
24 0.520455 0.493333 0.018182 0.32
7 0.548864 0.493333 0.029545 0.32
11 0.585227 0.493333 0.034091 0.32
9 0.635227 0.38 0.056818 0.626667
7 0.684091 0.5 0.031818 0.333333
9 0.751136 0.373333 0.070455 0.613333
24 0.801136 0.493333 0.020455 0.32
7 0.835227 0.493333 0.038636 0.32
24 0.870455 0.493333 0.022727 0.32
25 0.921591 0.493333 0.047727 0.32
7 0.967045 0.493333 0.034091 0.32
