25 0.015813 0.493333 0.031627 0.32
11 0.048193 0.493333 0.027108 0.32
9 0.086596 0.38 0.028614 0.626667
0 0.121988 0.493333 0.036145 0.32
4 0.153614 0.493333 0.021084 0.32
6 0.186747 0.493333 0.039157 0.32
9 0.229669 0.38 0.040663 0.626667
25 0.276355 0.493333 0.031627 0.32
19 0.32003 0.493333 0.049699 0.32
1 0.371235 0.493333 0.046687 0.32
11 0.408886 0.493333 0.02259 0.32
25 0.445783 0.493333 0.03012 0.32
13 0.472892 0.493333 0.018072 0.32
19 0.503012 0.493333 0.036145 0.32
5 0.551205 0.493333 0.039157 0.32
26 0.580572 0.493333 0.013554 0.32
9 0.614458 0.38 0.033133 0.626667
1 0.656627 0.493333 0.045181 0.32
25 0.705572 0.493333 0.031627 0.32
3 0.735693 0.493333 0.02259 0.32
10 0.761295 0.493333 0.02259 0.32
5 0.792922 0.493333 0.034639 0.32
9 0.832078 0.38 0.037651 0.626667
9 0.878012 0.38 0.033133 0.626667
24 0.904367 0.493333 0.013554 0.32
7 0.926205 0.493333 0.024096 0.32
2 0.957831 0.493333 0.033133 0.32
24 0.983434 0.493333 0.012048 0.32
