9 0.029613 0.38 0.059226 0.626667
7 0.084282 0.493333 0.041002 0.32
17 0.129841 0.493333 0.041002 0.32
16 0.179954 0.613333 0.050114 0.613333
19 0.235763 0.493333 0.052392 0.32
5 0.302961 0.493333 0.050114 0.32
2 0.356492 0.493333 0.047836 0.32
1 0.428246 0.486667 0.063781 0.333333
20 0.503417 0.506667 0.05467 0.346667
11 0.550114 0.506667 0.029613 0.346667
0 0.593394 0.493333 0.047836 0.32
25 0.646925 0.493333 0.050114 0.32
3 0.698178 0.493333 0.04328 0.32
3 0.753986 0.493333 0.036446 0.32
1 0.801822 0.493333 0.050114 0.32
24 0.839408 0.493333 0.015945 0.32
9 0.881549 0.386667 0.059226 0.64
24 0.929385 0.486667 0.027335 0.306667
7 0.96697 0.493333 0.034169 0.32
