24 0.007246 0.526667 0.014493 0.386667
20 0.032609 0.493333 0.030435 0.32
11 0.064493 0.493333 0.027536 0.32
0 0.095652 0.493333 0.028986 0.32
10 0.133333 0.526667 0.026087 0.386667
9 0.164493 0.373333 0.030435 0.613333
9 0.205072 0.373333 0.044928 0.613333
1 0.241304 0.493333 0.021739 0.32
20 0.276812 0.493333 0.028986 0.32
0 0.308696 0.52 0.028986 0.373333
24 0.332609 0.493333 0.013043 0.32
9 0.368841 0.38 0.03913 0.626667
1 0.408696 0.493333 0.034783 0.32
25 0.451449 0.493333 0.030435 0.32
9 0.48913 0.346667 0.03913 0.666667
7 0.522464 0.493333 0.021739 0.32
10 0.555797 0.493333 0.024638 0.32
1 0.588406 0.493333 0.034783 0.32
0 0.634783 0.493333 0.037681 0.32
3 0.671739 0.493333 0.030435 0.32
1 0.711594 0.493333 0.028986 0.32
2 0.746377 0.526667 0.034783 0.386667
24 0.775362 0.493333 0.017391 0.32
1 0.807246 0.493333 0.04058 0.32
9 0.852174 0.38 0.043478 0.653333
17 0.897826 0.493333 0.027536 0.32
19 0.935507 0.493333 0.042029 0.32
0 0.974638 0.493333 0.030435 0.32
