20 0.028133 0.486667 0.051151 0.306667
25 0.092072 0.493333 0.061381 0.32
2 0.157289 0.493333 0.058824 0.32
5 0.225064 0.493333 0.066496 0.32
5 0.306905 0.493333 0.061381 0.32
17 0.37468 0.493333 0.063939 0.32
24 0.42711 0.486667 0.030691 0.306667
20 0.474425 0.493333 0.048593 0.32
5 0.531969 0.5 0.056266 0.333333
10 0.608696 0.493333 0.061381 0.32
1 0.672634 0.493333 0.056266 0.32
20 0.725064 0.493333 0.038363 0.32
0 0.7711 0.493333 0.043478 0.32
24 0.815857 0.493333 0.035806 0.32
10 0.883632 0.513333 0.063939 0.36
1 0.951407 0.493333 0.061381 0.32
