9 0.026003 0.373333 0.052006 0.64
24 0.06315 0.493333 0.016345 0.32
7 0.081724 0.5 0.014859 0.333333
7 0.103269 0.493333 0.022288 0.32
20 0.139673 0.493333 0.029718 0.32
11 0.170134 0.493333 0.02526 0.32
5 0.204309 0.526667 0.037147 0.386667
25 0.242199 0.493333 0.032689 0.32
1 0.281575 0.493333 0.040119 0.32
25 0.329866 0.493333 0.035661 0.32
7 0.361813 0.493333 0.022288 0.32
25 0.39153 0.493333 0.031204 0.32
13 0.424963 0.5 0.029718 0.333333
0 0.457652 0.493333 0.029718 0.32
25 0.498514 0.493333 0.031204 0.32
9 0.53789 0.38 0.041605 0.626667
9 0.591382 0.353333 0.044577 0.653333
1 0.635215 0.506667 0.037147 0.346667
9 0.68425 0.4 0.040119 0.666667
0 0.720654 0.493333 0.026746 0.32
9 0.754829 0.36 0.035661 0.64
9 0.800892 0.373333 0.035661 0.613333
2 0.838039 0.493333 0.032689 0.32
13 0.872957 0.506667 0.031204 0.346667
0 0.913819 0.493333 0.029718 0.32
24 0.937593 0.493333 0.011887 0.32
5 0.968053 0.493333 0.043091 0.32
