24 0.016854 0.493333 0.033708 0.32
0 0.067416 0.52 0.05618 0.373333
12 0.116573 0.613333 0.030899 0.613333
24 0.148876 0.493333 0.022472 0.32
5 0.192416 0.506667 0.053371 0.346667
9 0.266854 0.32 0.08427 0.506667
6 0.356742 0.493333 0.050562 0.32
20 0.411517 0.493333 0.047753 0.32
14 0.464888 0.493333 0.047753 0.32
5 0.54073 0.493333 0.064607 0.32
7 0.603933 0.493333 0.050562 0.32
8 0.68118 0.586667 0.064607 0.666667
17 0.745787 0.493333 0.053371 0.32
2 0.80618 0.493333 0.05618 0.32
20 0.869382 0.493333 0.058989 0.32
0 0.942416 0.493333 0.075843 0.32
