20 0.020921 0.493333 0.041841 0.32
1 0.074268 0.493333 0.056485 0.32
3 0.125523 0.493333 0.037657 0.32
12 0.177824 0.613333 0.037657 0.613333
3 0.218619 0.493333 0.035565 0.32
20 0.266736 0.493333 0.052301 0.32
11 0.314854 0.493333 0.035565 0.32
9 0.365063 0.38 0.056485 0.626667
6 0.420502 0.493333 0.046025 0.32
5 0.480126 0.493333 0.043933 0.32
20 0.528243 0.493333 0.043933 0.32
0 0.579498 0.493333 0.050209 0.32
24 0.618201 0.493333 0.018828 0.32
10 0.65795 0.493333 0.031381 0.32
25 0.702929 0.493333 0.050209 0.32
19 0.76569 0.493333 0.066946 0.32
13 0.816946 0.52 0.027197 0.373333
0 0.860879 0.493333 0.052301 0.32
14 0.920502 0.506667 0.037657 0.346667
0 0.964435 0.526667 0.041841 0.386667
