12 0.013889 0.613333 0.027778 0.613333
5 0.063131 0.506667 0.060606 0.346667
7 0.117424 0.493333 0.037879 0.32
25 0.181818 0.493333 0.055556 0.32
7 0.233586 0.52 0.037879 0.373333
25 0.300505 0.493333 0.060606 0.32
3 0.357323 0.493333 0.042929 0.32
25 0.426768 0.506667 0.060606 0.346667
19 0.496212 0.5 0.068182 0.333333
13 0.55303 0.493333 0.035354 0.32
0 0.608586 0.493333 0.065657 0.32
3 0.685606 0.493333 0.05303 0.32
1 0.752525 0.493333 0.070707 0.32
25 0.820707 0.526667 0.055556 0.386667
2 0.880051 0.513333 0.05303 0.36
9 0.94697 0.373333 0.070707 0.613333
