0 0.013761 0.493333 0.027523 0.32
9 0.04893 0.38 0.036697 0.626667
24 0.088685 0.493333 0.021407 0.32
9 0.118502 0.373333 0.03211 0.613333
19 0.162844 0.493333 0.050459 0.32
0 0.213303 0.493333 0.029052 0.32
9 0.25 0.4 0.038226 0.666667
1 0.300459 0.5 0.041284 0.333333
2 0.340214 0.493333 0.03211 0.32
19 0.383028 0.493333 0.047401 0.32
9 0.426606 0.373333 0.033639 0.613333
1 0.457951 0.493333 0.022936 0.32
12 0.487768 0.606667 0.015291 0.626667
5 0.512997 0.493333 0.029052 0.32
10 0.547401 0.506667 0.033639 0.346667
1 0.585627 0.493333 0.036697 0.32
10 0.620795 0.5 0.027523 0.333333
5 0.652141 0.493333 0.029052 0.32
20 0.693425 0.52 0.03211 0.373333
0 0.727829 0.5 0.030581 0.333333
17 0.762997 0.493333 0.033639 0.32
1 0.803517 0.5 0.041284 0.333333
13 0.841743 0.493333 0.029052 0.32
20 0.883792 0.486667 0.030581 0.306667
19 0.92737 0.493333 0.047401 0.32
16 0.971713 0.613333 0.035168 0.613333
