0 0.027273 0.493333 0.054545 0.32
5 0.086364 0.493333 0.054545 0.32
9 0.164773 0.373333 0.070455 0.613333
24 0.214773 0.493333 0.020455 0.32
7 0.245455 0.493333 0.031818 0.32
2 0.288636 0.513333 0.045455 0.36
9 0.355682 0.38 0.056818 0.626667
1 0.423864 0.5 0.070455 0.333333
0 0.494318 0.493333 0.038636 0.32
9 0.543182 0.373333 0.05 0.613333
10 0.606818 0.5 0.045455 0.333333
5 0.657955 0.493333 0.047727 0.32
10 0.710227 0.493333 0.047727 0.32
3 0.757955 0.493333 0.038636 0.32
0 0.806818 0.506667 0.05 0.346667
9 0.879545 0.38 0.063636 0.573333
26 0.923864 0.493333 0.015909 0.32
0 0.960227 0.493333 0.047727 0.32
