10 0.016713 0.493333 0.033426 0.32
19 0.082173 0.493333 0.086351 0.32
24 0.155989 0.493333 0.022284 0.32
2 0.206128 0.493333 0.066852 0.32
10 0.286908 0.493333 0.05571 0.32
1 0.355153 0.493333 0.069638 0.32
17 0.41922 0.493333 0.047354 0.32
6 0.473538 0.493333 0.050139 0.32
0 0.532033 0.493333 0.05571 0.32
12 0.5961 0.58 0.033426 0.68
11 0.637883 0.493333 0.038997 0.32
12 0.689415 0.613333 0.052925 0.613333
2 0.750696 0.526667 0.058496 0.386667
19 0.835655 0.52 0.072423 0.373333
3 0.89415 0.493333 0.033426 0.32
6 0.948468 0.493333 0.064067 0.32
