10 0.019916 0.513333 0.039832 0.36
5 0.06499 0.493333 0.041929 0.32
5 0.126834 0.506667 0.052411 0.346667
18 0.178197 0.513333 0.041929 0.36
7 0.220126 0.493333 0.033543 0.32
24 0.253669 0.493333 0.025157 0.32
10 0.300839 0.513333 0.039832 0.36
2 0.350105 0.526667 0.050314 0.386667
9 0.421384 0.373333 0.062893 0.613333
7 0.47065 0.493333 0.027254 0.32
3 0.504193 0.493333 0.031447 0.32
6 0.546122 0.493333 0.044025 0.32
25 0.597484 0.52 0.050314 0.373333
5 0.649895 0.493333 0.046122 0.32
17 0.706499 0.493333 0.037736 0.32
24 0.745283 0.493333 0.031447 0.32
5 0.790356 0.493333 0.050314 0.32
21 0.840671 0.493333 0.041929 0.32
24 0.878407 0.486667 0.025157 0.306667
5 0.928721 0.493333 0.041929 0.32
7 0.969602 0.493333 0.031447 0.32
