10 0.029499 0.506667 0.058997 0.346667
5 0.100295 0.493333 0.070796 0.32
25 0.174041 0.526667 0.064897 0.386667
13 0.234513 0.493333 0.044248 0.32
2 0.29351 0.493333 0.061947 0.32
24 0.343658 0.493333 0.026549 0.32
9 0.39823 0.373333 0.041298 0.613333
7 0.449853 0.513333 0.050147 0.36
6 0.529499 0.493333 0.067847 0.32
19 0.609145 0.5 0.079646 0.333333
11 0.675516 0.493333 0.041298 0.32
25 0.749263 0.493333 0.064897 0.32
7 0.809735 0.493333 0.044248 0.32
20 0.886431 0.493333 0.067847 0.32
0 0.952802 0.52 0.053097 0.373333
