9 0.020757 0.38 0.041514 0.626667
0 0.054335 0.493333 0.020757 0.32
0 0.082418 0.513333 0.030525 0.36
9 0.118437 0.38 0.03663 0.626667
14 0.150794 0.506667 0.023199 0.346667
5 0.184371 0.493333 0.026862 0.32
9 0.218559 0.393333 0.03663 0.653333
7 0.246032 0.493333 0.013431 0.32
5 0.275946 0.493333 0.029304 0.32
9 0.310745 0.393333 0.035409 0.653333
16 0.355922 0.613333 0.050061 0.64
3 0.394994 0.493333 0.023199 0.32
5 0.416972 0.506667 0.015873 0.346667
19 0.452381 0.493333 0.037851 0.32
0 0.483516 0.526667 0.019536 0.386667
24 0.506105 0.493333 0.008547 0.32
9 0.525031 0.373333 0.02442 0.64
25 0.558608 0.493333 0.025641 0.32
9 0.592796 0.38 0.037851 0.626667
25 0.633089 0.493333 0.025641 0.32
7 0.65873 0.5 0.020757 0.333333
25 0.695971 0.5 0.03663 0.333333
17 0.727106 0.493333 0.020757 0.32
2 0.750916 0.493333 0.021978 0.32
10 0.771673 0.493333 0.014652 0.32
0 0.796093 0.493333 0.029304 0.32
19 0.839438 0.506667 0.040293 0.32
25 0.874847 0.493333 0.025641 0.32
0 0.904762 0.52 0.029304 0.373333
17 0.932234 0.493333 0.020757 0.32
11 0.955433 0.493333 0.020757 0.32
0 0.979853 0.493333 0.023199 0.32
