9 0.014679 0.393333 0.029358 0.653333
0 0.052294 0.493333 0.038532 0.32
10 0.090826 0.493333 0.031193 0.32
24 0.120183 0.493333 0.020183 0.32
25 0.155963 0.493333 0.044037 0.32
0 0.209174 0.493333 0.036697 0.32
25 0.251376 0.493333 0.040367 0.32
7 0.288073 0.493333 0.025688 0.32
9 0.333945 0.373333 0.040367 0.613333
1 0.381651 0.526667 0.047706 0.386667
24 0.426606 0.526667 0.016514 0.386667
9 0.462385 0.373333 0.047706 0.613333
15 0.527523 0.606667 0.056881 0.626667
0 0.574312 0.526667 0.029358 0.386667
9 0.618349 0.373333 0.033028 0.64
2 0.66055 0.493333 0.044037 0.32
5 0.708257 0.493333 0.044037 0.32
5 0.761468 0.506667 0.036697 0.346667
18 0.800917 0.493333 0.034862 0.32
7 0.833028 0.493333 0.022018 0.32
5 0.875229 0.493333 0.036697 0.32
13 0.911009 0.493333 0.027523 0.32
19 0.957798 0.493333 0.058716 0.32
