5 0.014472 0.493333 0.028944 0.32
25 0.04631 0.493333 0.028944 0.32
11 0.0767 0.493333 0.026049 0.32
17 0.109986 0.493333 0.034732 0.32
5 0.157019 0.493333 0.039074 0.32
13 0.191027 0.493333 0.023155 0.32
1 0.222865 0.493333 0.034732 0.32
19 0.272069 0.493333 0.043415 0.32
25 0.314038 0.52 0.034732 0.373333
0 0.349493 0.5 0.030391 0.333333
5 0.384226 0.52 0.033285 0.373333
9 0.429088 0.38 0.036179 0.626667
0 0.463821 0.493333 0.027496 0.32
20 0.505065 0.493333 0.031838 0.293333
0 0.542692 0.493333 0.034732 0.32
9 0.598408 0.373333 0.05644 0.64
1 0.646889 0.493333 0.034732 0.32
24 0.683068 0.493333 0.017366 0.32
17 0.709117 0.493333 0.028944 0.32
18 0.739508 0.493333 0.026049 0.32
10 0.773517 0.493333 0.021708 0.32
1 0.808973 0.493333 0.043415 0.32
20 0.850217 0.493333 0.033285 0.32
24 0.878437 0.486667 0.017366 0.306667
11 0.903763 0.493333 0.024602 0.32
9 0.945731 0.36 0.039074 0.666667
7 0.979016 0.506667 0.021708 0.346667
