19 0.024745 0.493333 0.049491 0.32
25 0.067686 0.493333 0.030568 0.32
0 0.098981 0.493333 0.026201 0.32
25 0.136827 0.493333 0.029112 0.32
7 0.164483 0.506667 0.020378 0.346667
2 0.204512 0.493333 0.039301 0.32
19 0.247453 0.493333 0.040757 0.32
0 0.291849 0.493333 0.027656 0.32
9 0.3246 0.373333 0.032023 0.666667
17 0.363901 0.493333 0.026201 0.32
2 0.398108 0.493333 0.03639 0.32
3 0.431587 0.493333 0.024745 0.32
0 0.462154 0.493333 0.030568 0.32
9 0.5 0.38 0.039301 0.626667
19 0.547307 0.493333 0.034934 0.32
2 0.585881 0.526667 0.03639 0.386667
7 0.617176 0.493333 0.020378 0.32
9 0.655022 0.373333 0.034934 0.613333
0 0.695051 0.493333 0.039301 0.32
17 0.74163 0.513333 0.033479 0.36
26 0.770015 0.493333 0.017467 0.32
25 0.796215 0.493333 0.029112 0.32
9 0.828239 0.373333 0.029112 0.613333
9 0.873362 0.373333 0.040757 0.613333
0 0.911936 0.493333 0.030568 0.32
5 0.947598 0.493333 0.034934 0.32
11 0.978894 0.493333 0.021834 0.32
