9 0.032609 0.38 0.065217 0.626667
1 0.099185 0.493333 0.057065 0.32
9 0.16712 0.38 0.067935 0.626667
7 0.22962 0.493333 0.046196 0.32
25 0.300272 0.493333 0.057065 0.32
7 0.350543 0.493333 0.032609 0.32
8 0.421196 0.613333 0.070652 0.586667
25 0.490489 0.493333 0.057065 0.32
13 0.547554 0.526667 0.046196 0.386667
2 0.60462 0.513333 0.057065 0.36
25 0.680707 0.493333 0.057065 0.32
9 0.747283 0.38 0.065217 0.626667
0 0.820652 0.493333 0.070652 0.32
9 0.894022 0.373333 0.065217 0.613333
0 0.956522 0.493333 0.048913 0.32
