5 0.013767 0.493333 0.027534 0.32
0 0.041927 0.493333 0.02378 0.32
13 0.066959 0.493333 0.021277 0.32
16 0.095745 0.606667 0.031289 0.626667
3 0.132666 0.52 0.025031 0.373333
25 0.1602 0.493333 0.025031 0.32
20 0.185857 0.493333 0.021277 0.32
1 0.214643 0.493333 0.031289 0.32
12 0.25219 0.613333 0.02378 0.613333
3 0.281602 0.5 0.030038 0.333333
5 0.324781 0.493333 0.038798 0.32
25 0.360451 0.493333 0.027534 0.32
6 0.387359 0.493333 0.021277 0.32
25 0.420526 0.493333 0.027534 0.32
7 0.44368 0.493333 0.013767 0.32
25 0.47184 0.493333 0.037547 0.32
3 0.501252 0.493333 0.01627 0.32
7 0.521902 0.493333 0.020025 0.32
24 0.549437 0.493333 0.017522 0.32
9 0.57572 0.373333 0.030038 0.613333
0 0.605757 0.493333 0.025031 0.32
25 0.633917 0.493333 0.026283 0.32
7 0.657071 0.493333 0.015019 0.32
9 0.690864 0.373333 0.035044 0.613333
7 0.721527 0.493333 0.021277 0.32
5 0.752816 0.493333 0.036295 0.32
13 0.78035 0.493333 0.013767 0.32
19 0.812265 0.493333 0.045056 0.32
10 0.852941 0.493333 0.018773 0.32
1 0.87985 0.526667 0.030038 0.386667
6 0.911139 0.493333 0.027534 0.32
9 0.937422 0.366667 0.020025 0.626667
19 0.970588 0.493333 0.041302 0.32
