12 0.010671 0.606667 0.021341 0.626667
3 0.039634 0.493333 0.030488 0.32
5 0.074695 0.493333 0.033537 0.32
7 0.105945 0.493333 0.022866 0.32
11 0.134909 0.513333 0.028963 0.36
11 0.164634 0.493333 0.02439 0.32
17 0.202744 0.493333 0.030488 0.32
19 0.241616 0.513333 0.041159 0.36
1 0.287348 0.493333 0.044207 0.32
15 0.336128 0.573333 0.032012 0.693333
24 0.362805 0.493333 0.015244 0.32
18 0.391768 0.493333 0.036585 0.32
2 0.432165 0.526667 0.03811 0.386667
0 0.476372 0.493333 0.028963 0.32
5 0.509146 0.493333 0.030488 0.32
0 0.549543 0.493333 0.028963 0.32
2 0.586128 0.493333 0.03811 0.32
20 0.633384 0.493333 0.035061 0.32
24 0.661585 0.493333 0.015244 0.32
0 0.692073 0.52 0.039634 0.373333
11 0.72561 0.493333 0.021341 0.32
20 0.760671 0.493333 0.027439 0.32
0 0.792683 0.493333 0.030488 0.32
0 0.833841 0.5 0.030488 0.333333
25 0.868902 0.493333 0.033537 0.32
7 0.903201 0.493333 0.028963 0.32
20 0.938262 0.493333 0.035061 0.32
0 0.974085 0.493333 0.030488 0.32
