9 0.017241 0.373333 0.034483 0.613333
0 0.056426 0.493333 0.037618 0.32
8 0.09326 0.606667 0.029781 0.626667
24 0.118339 0.493333 0.014107 0.32
20 0.143417 0.493333 0.029781 0.32
11 0.180251 0.493333 0.037618 0.32
9 0.230408 0.38 0.040752 0.626667
19 0.276646 0.5 0.045455 0.333333
11 0.316614 0.493333 0.028213 0.32
24 0.342476 0.5 0.017241 0.333333
12 0.368339 0.613333 0.012539 0.613333
5 0.396552 0.493333 0.037618 0.32
0 0.444357 0.493333 0.03605 0.32
9 0.489812 0.373333 0.048589 0.613333
24 0.528213 0.493333 0.021944 0.32
24 0.55721 0.493333 0.029781 0.32
25 0.592476 0.493333 0.034483 0.32
3 0.632445 0.493333 0.039185 0.32
5 0.684169 0.493333 0.04232 0.32
20 0.724922 0.493333 0.032915 0.32
25 0.760972 0.493333 0.032915 0.32
2 0.793887 0.493333 0.026646 0.32
25 0.836991 0.493333 0.037618 0.32
6 0.880094 0.493333 0.04232 0.32
9 0.922414 0.373333 0.03605 0.613333
24 0.951411 0.493333 0.015674 0.32
7 0.975705 0.52 0.026646 0.373333
