9 0.033 0.38 0.066 0.626667
0 0.092 0.493333 0.044 0.32
25 0.158 0.5 0.06 0.333333
13 0.207 0.493333 0.03 0.32
2 0.245 0.493333 0.038 0.32
5 0.298 0.493333 0.06 0.32
7 0.345 0.493333 0.026 0.32
9 0.399 0.366667 0.054 0.626667
0 0.457 0.493333 0.054 0.32
0 0.508 0.493333 0.04 0.32
9 0.552 0.373333 0.04 0.613333
5 0.609 0.493333 0.046 0.32
17 0.659 0.52 0.046 0.373333
24 0.696 0.493333 0.02 0.32
20 0.726 0.493333 0.032 0.32
5 0.77 0.493333 0.048 0.32
9 0.83 0.373333 0.044 0.613333
7 0.871 0.493333 0.03 0.32
17 0.907 0.493333 0.034 0.32
19 0.957 0.493333 0.058 0.32
