25 0.022945 0.493333 0.045889 0.32
13 0.062141 0.493333 0.024857 0.32
25 0.097514 0.493333 0.038241 0.32
1 0.147228 0.493333 0.053537 0.32
9 0.207457 0.373333 0.040153 0.613333
1 0.254302 0.493333 0.045889 0.32
3 0.309751 0.493333 0.038241 0.32
17 0.348948 0.493333 0.032505 0.32
25 0.397706 0.493333 0.057361 0.32
24 0.439771 0.493333 0.01912 0.32
24 0.470363 0.493333 0.015296 0.32
9 0.508604 0.38 0.053537 0.626667
5 0.559273 0.506667 0.040153 0.346667
1 0.618547 0.526667 0.070746 0.36
2 0.683556 0.493333 0.051625 0.32
19 0.74761 0.493333 0.068834 0.32
20 0.82218 0.506667 0.053537 0.346667
2 0.871893 0.526667 0.038241 0.386667
17 0.918738 0.493333 0.028681 0.32
19 0.961759 0.506667 0.049713 0.346667
