20 0.016129 0.493333 0.032258 0.32
0 0.05 0.493333 0.029032 0.32
9 0.089516 0.373333 0.043548 0.613333
2 0.128226 0.493333 0.027419 0.32
20 0.16129 0.493333 0.032258 0.32
20 0.203226 0.493333 0.029032 0.32
0 0.237903 0.5 0.033871 0.333333
24 0.265323 0.493333 0.014516 0.32
5 0.303226 0.493333 0.03871 0.32
3 0.342742 0.493333 0.033871 0.32
1 0.387903 0.5 0.05 0.333333
0 0.441129 0.493333 0.033871 0.32
25 0.479032 0.493333 0.035484 0.32
7 0.512097 0.493333 0.024194 0.32
5 0.545161 0.493333 0.035484 0.32
9 0.58629 0.366667 0.040323 0.626667
6 0.633871 0.493333 0.032258 0.32
20 0.669355 0.493333 0.032258 0.32
14 0.702419 0.493333 0.027419 0.32
25 0.73629 0.493333 0.033871 0.32
12 0.775806 0.62 0.022581 0.653333
20 0.812097 0.493333 0.043548 0.32
25 0.856452 0.506667 0.03871 0.346667
25 0.91129 0.5 0.048387 0.333333
5 0.957258 0.5 0.037097 0.333333
24 0.983871 0.493333 0.009677 0.32
