16 0.041985 0.62 0.083969 0.626667
24 0.103053 0.493333 0.02799 0.32
6 0.14631 0.493333 0.048346 0.32
24 0.185751 0.493333 0.020356 0.32
0 0.225191 0.493333 0.048346 0.32
5 0.293893 0.493333 0.053435 0.32
7 0.346056 0.493333 0.040712 0.32
25 0.412214 0.493333 0.05598 0.32
7 0.463104 0.493333 0.035623 0.32
20 0.522901 0.493333 0.048346 0.32
1 0.572519 0.493333 0.040712 0.32
3 0.619593 0.493333 0.043257 0.32
17 0.689567 0.506667 0.061069 0.346667
19 0.767176 0.493333 0.083969 0.32
0 0.840967 0.493333 0.053435 0.32
9 0.903308 0.38 0.061069 0.626667
0 0.96056 0.493333 0.043257 0.32
