20 0.015021 0.486667 0.030043 0.333333
25 0.04721 0.493333 0.028612 0.32
14 0.076538 0.493333 0.02432 0.32
6 0.106581 0.493333 0.030043 0.32
10 0.150215 0.5 0.037196 0.333333
2 0.188841 0.526667 0.034335 0.386667
17 0.223176 0.493333 0.028612 0.32
19 0.261803 0.493333 0.042918 0.32
0 0.30186 0.493333 0.031474 0.32
25 0.34907 0.493333 0.042918 0.32
9 0.39485 0.38 0.042918 0.626667
9 0.45279 0.373333 0.052933 0.613333
1 0.496423 0.493333 0.028612 0.32
19 0.532189 0.493333 0.037196 0.32
11 0.567954 0.493333 0.028612 0.32
19 0.603004 0.493333 0.035765 0.32
5 0.644492 0.493333 0.041488 0.32
12 0.688841 0.613333 0.027182 0.613333
11 0.718884 0.493333 0.027182 0.32
19 0.75608 0.493333 0.041488 0.32
25 0.801144 0.493333 0.042918 0.32
0 0.841202 0.52 0.031474 0.373333
1 0.880544 0.5 0.027182 0.333333
3 0.909156 0.493333 0.02432 0.32
13 0.934907 0.493333 0.021459 0.32
0 0.961373 0.493333 0.025751 0.32
24 0.983548 0.493333 0.012876 0.32
