0 0.022606 0.5 0.045213 0.333333
9 0.083777 0.373333 0.066489 0.613333
25 0.163564 0.493333 0.055851 0.32
7 0.226064 0.493333 0.058511 0.32
3 0.291223 0.493333 0.034574 0.32
6 0.344415 0.493333 0.06117 0.32
25 0.406915 0.493333 0.053191 0.32
19 0.470745 0.493333 0.06383 0.32
25 0.535904 0.493333 0.055851 0.32
0 0.605053 0.493333 0.071809 0.32
0 0.699468 0.5 0.079787 0.333333
24 0.760638 0.493333 0.031915 0.32
5 0.8125 0.493333 0.06117 0.32
17 0.884309 0.493333 0.045213 0.32
19 0.946809 0.493333 0.069149 0.32
