9 0.044974 0.366667 0.089947 0.626667
24 0.10582 0.493333 0.021164 0.32
7 0.137566 0.493333 0.031746 0.32
2 0.189153 0.513333 0.060847 0.36
0 0.259259 0.493333 0.042328 0.32
9 0.322751 0.366667 0.074074 0.653333
24 0.376984 0.493333 0.02381 0.32
20 0.428571 0.493333 0.042328 0.32
0 0.477513 0.5 0.044974 0.333333
9 0.531746 0.373333 0.05291 0.613333
10 0.584656 0.493333 0.042328 0.32
5 0.634921 0.493333 0.047619 0.32
9 0.687831 0.353333 0.047619 0.68
25 0.759259 0.493333 0.058201 0.32
3 0.814815 0.486667 0.042328 0.333333
5 0.866402 0.493333 0.050265 0.32
7 0.924603 0.493333 0.055556 0.32
24 0.969577 0.493333 0.02381 0.32
