3 0.012048 0.493333 0.024096 0.32
6 0.04389 0.493333 0.032702 0.32
24 0.072289 0.493333 0.017212 0.32
3 0.10241 0.493333 0.036145 0.32
1 0.144578 0.493333 0.041308 0.32
24 0.17642 0.493333 0.015491 0.32
9 0.223752 0.386667 0.051635 0.56
24 0.265921 0.493333 0.025818 0.32
7 0.295181 0.493333 0.025818 0.32
5 0.339071 0.493333 0.037866 0.32
9 0.379518 0.373333 0.036145 0.613333
0 0.420826 0.493333 0.039587 0.32
7 0.456971 0.493333 0.025818 0.32
9 0.503442 0.4 0.043029 0.666667
1 0.54475 0.52 0.032702 0.373333
20 0.584337 0.493333 0.039587 0.32
0 0.626506 0.526667 0.037866 0.386667
5 0.674699 0.493333 0.034423 0.32
3 0.716867 0.493333 0.043029 0.32
11 0.762478 0.493333 0.041308 0.32
7 0.796041 0.493333 0.018933 0.32
10 0.83821 0.493333 0.041308 0.32
9 0.877797 0.38 0.030981 0.626667
19 0.922547 0.506667 0.051635 0.32
25 0.96988 0.493333 0.036145 0.32
