8 0.024481 0.606667 0.048961 0.626667
17 0.06454 0.493333 0.025223 0.32
18 0.097923 0.493333 0.035608 0.32
2 0.134273 0.513333 0.031157 0.36
12 0.167656 0.606667 0.014837 0.626667
11 0.195846 0.493333 0.035608 0.32
25 0.234421 0.52 0.035608 0.373333
6 0.26632 0.493333 0.022255 0.32
17 0.300445 0.493333 0.025223 0.32
24 0.330119 0.493333 0.02819 0.32
19 0.37092 0.493333 0.047478 0.32
5 0.41543 0.506667 0.035608 0.346667
24 0.449555 0.493333 0.011869 0.32
17 0.472552 0.5 0.02819 0.333333
0 0.500742 0.493333 0.022255 0.32
24 0.531157 0.486667 0.017804 0.306667
9 0.565282 0.373333 0.041543 0.613333
6 0.608309 0.493333 0.038576 0.32
2 0.644659 0.493333 0.02819 0.32
3 0.675816 0.493333 0.02819 0.32
11 0.703264 0.493333 0.020772 0.32
20 0.741098 0.493333 0.034125 0.32
0 0.780415 0.493333 0.038576 0.32
5 0.819733 0.493333 0.034125 0.32
11 0.852374 0.493333 0.025223 0.32
9 0.876855 0.373333 0.017804 0.613333
0 0.903561 0.493333 0.029674 0.32
20 0.94362 0.493333 0.029674 0.32
0 0.975519 0.493333 0.02819 0.32
