10 0.014098 0.493333 0.028195 0.32
1 0.055451 0.493333 0.046992 0.32
5 0.105263 0.493333 0.041353 0.32
19 0.159774 0.493333 0.06015 0.32
2 0.213346 0.493333 0.039474 0.32
25 0.259398 0.493333 0.045113 0.32
5 0.315789 0.526667 0.041353 0.386667
17 0.365602 0.493333 0.050752 0.32
2 0.418233 0.526667 0.046992 0.386667
9 0.479323 0.373333 0.048872 0.613333
1 0.525376 0.493333 0.035714 0.32
25 0.567669 0.526667 0.041353 0.386667
9 0.620301 0.366667 0.056391 0.626667
2 0.674812 0.5 0.045113 0.333333
19 0.745301 0.493333 0.069549 0.32
3 0.803571 0.493333 0.039474 0.32
6 0.844925 0.493333 0.035714 0.32
24 0.883459 0.506667 0.015038 0.346667
14 0.913534 0.493333 0.037594 0.32
6 0.961466 0.493333 0.050752 0.32
