12 0.01982 0.613333 0.03964 0.613333
24 0.053153 0.493333 0.01982 0.32
5 0.092793 0.493333 0.052252 0.32
5 0.169369 0.506667 0.075676 0.32
7 0.221622 0.493333 0.021622 0.32
9 0.28018 0.373333 0.07027 0.64
0 0.33964 0.493333 0.041441 0.32
8 0.381081 0.606667 0.034234 0.626667
11 0.41982 0.493333 0.036036 0.32
19 0.469369 0.493333 0.055856 0.32
10 0.525225 0.493333 0.030631 0.32
1 0.57027 0.52 0.052252 0.373333
5 0.621622 0.493333 0.043243 0.32
16 0.681982 0.573333 0.052252 0.693333
26 0.71982 0.493333 0.016216 0.32
6 0.748649 0.493333 0.034234 0.32
9 0.805405 0.38 0.054054 0.626667
1 0.862162 0.493333 0.052252 0.32
25 0.920721 0.526667 0.03964 0.386667
2 0.965766 0.526667 0.043243 0.386667
