9 0.019256 0.353333 0.035857 0.493333
24 0.047145 0.493333 0.014608 0.32
7 0.067729 0.493333 0.021248 0.32
24 0.087649 0.493333 0.01328 0.32
10 0.115538 0.493333 0.023904 0.32
5 0.144754 0.493333 0.029216 0.32
9 0.179283 0.366667 0.034529 0.626667
10 0.216467 0.493333 0.021248 0.32
7 0.242364 0.493333 0.025232 0.32
9 0.275564 0.38 0.035857 0.626667
5 0.320717 0.493333 0.035857 0.32
19 0.357902 0.506667 0.033201 0.346667
19 0.39907 0.493333 0.043825 0.32
6 0.444223 0.493333 0.027888 0.32
16 0.480744 0.613333 0.039841 0.613333
24 0.5166 0.493333 0.01328 0.32
24 0.536521 0.493333 0.021248 0.32
17 0.565737 0.493333 0.031873 0.32
24 0.594954 0.493333 0.021248 0.32
2 0.62085 0.493333 0.025232 0.32
12 0.652058 0.613333 0.018592 0.613333
24 0.671315 0.5 0.014608 0.333333
13 0.691235 0.493333 0.01992 0.32
0 0.719788 0.493333 0.031873 0.32
9 0.760956 0.38 0.031873 0.626667
0 0.793493 0.493333 0.027888 0.32
17 0.824701 0.493333 0.029216 0.32
19 0.864542 0.493333 0.045153 0.32
25 0.904382 0.493333 0.029216 0.32
12 0.934927 0.613333 0.01328 0.613333
20 0.956175 0.493333 0.023904 0.32
13 0.980744 0.493333 0.01992 0.32
