9 0.015209 0.373333 0.030418 0.64
24 0.038657 0.493333 0.011407 0.32
7 0.057034 0.493333 0.020279 0.32
11 0.077313 0.493333 0.015209 0.32
24 0.094423 0.5 0.013942 0.333333
17 0.126109 0.493333 0.031686 0.32
19 0.164132 0.493333 0.03929 0.32
2 0.19962 0.493333 0.026616 0.32
11 0.230672 0.493333 0.030418 0.32
25 0.273764 0.493333 0.038023 0.32
11 0.304183 0.493333 0.017744 0.32
25 0.329531 0.493333 0.027883 0.32
25 0.367554 0.52 0.030418 0.373333
13 0.39417 0.493333 0.017744 0.32
2 0.420786 0.493333 0.030418 0.32
9 0.454373 0.373333 0.031686 0.613333
20 0.493029 0.493333 0.027883 0.32
0 0.52725 0.493333 0.035488 0.32
24 0.553232 0.493333 0.011407 0.32
12 0.575412 0.613333 0.015209 0.613333
2 0.598859 0.5 0.026616 0.333333
24 0.631179 0.493333 0.020279 0.32
9 0.659696 0.38 0.031686 0.626667
9 0.69455 0.36 0.032953 0.64
21 0.733207 0.493333 0.03929 0.32
16 0.775665 0.606667 0.040558 0.626667
9 0.820659 0.38 0.031686 0.626667
7 0.848542 0.493333 0.019011 0.32
5 0.882129 0.5 0.030418 0.333333
1 0.913815 0.493333 0.027883 0.32
19 0.95057 0.5 0.040558 0.333333
17 0.982256 0.493333 0.017744 0.32
