24 0.006971 0.493333 0.013942 0.32
11 0.026616 0.493333 0.020279 0.32
19 0.054499 0.493333 0.030418 0.32
0 0.08872 0.493333 0.032953 0.32
25 0.12294 0.52 0.030418 0.373333
10 0.158428 0.493333 0.022814 0.32
19 0.193283 0.493333 0.041825 0.32
0 0.231939 0.493333 0.030418 0.32
24 0.256654 0.493333 0.013942 0.32
9 0.275665 0.373333 0.019011 0.613333
24 0.296578 0.493333 0.017744 0.32
5 0.328897 0.493333 0.029151 0.32
11 0.354246 0.493333 0.016477 0.32
6 0.373891 0.5 0.017744 0.333333
9 0.401774 0.4 0.032953 0.666667
11 0.432826 0.493333 0.024081 0.32
9 0.464512 0.4 0.034221 0.666667
10 0.5 0.493333 0.019011 0.32
25 0.52725 0.493333 0.030418 0.32
17 0.558935 0.493333 0.027883 0.32
5 0.587452 0.493333 0.024081 0.32
9 0.623574 0.373333 0.030418 0.613333
1 0.66033 0.52 0.038023 0.373333
17 0.69962 0.493333 0.022814 0.32
19 0.737009 0.493333 0.046895 0.32
1 0.775032 0.493333 0.024081 0.32
5 0.798479 0.553333 0.017744 0.173333
20 0.820025 0.493333 0.020279 0.32
0 0.845374 0.493333 0.025349 0.32
9 0.882129 0.373333 0.030418 0.613333
0 0.91128 0.493333 0.022814 0.32
25 0.95057 0.493333 0.038023 0.32
3 0.981622 0.493333 0.019011 0.32
