20 0.019036 0.493333 0.038071 0.32
0 0.069797 0.493333 0.053299 0.32
5 0.128173 0.506667 0.053299 0.346667
9 0.194162 0.36 0.068528 0.666667
0 0.260152 0.493333 0.053299 0.32
2 0.31599 0.493333 0.048223 0.32
5 0.380711 0.52 0.045685 0.373333
18 0.437817 0.493333 0.058376 0.32
7 0.496193 0.493333 0.048223 0.32
20 0.550761 0.513333 0.050761 0.36
24 0.607868 0.493333 0.027919 0.32
13 0.651015 0.493333 0.048223 0.32
24 0.690355 0.493333 0.020305 0.32
7 0.722081 0.506667 0.032995 0.346667
20 0.76269 0.493333 0.038071 0.32
2 0.808376 0.493333 0.043147 0.32
20 0.870558 0.52 0.045685 0.373333
0 0.940355 0.513333 0.083756 0.36
