24 0.009354 0.493333 0.018707 0.32
9 0.040816 0.373333 0.037415 0.613333
12 0.07483 0.613333 0.02381 0.613333
7 0.104592 0.493333 0.028912 0.32
2 0.145408 0.493333 0.045918 0.32
9 0.198129 0.38 0.035714 0.626667
1 0.241497 0.493333 0.044218 0.32
20 0.292517 0.493333 0.034014 0.32
0 0.329932 0.493333 0.034014 0.32
20 0.369048 0.513333 0.020408 0.36
0 0.394558 0.513333 0.02381 0.36
9 0.433673 0.38 0.047619 0.626667
0 0.477041 0.493333 0.032313 0.32
19 0.527211 0.52 0.044218 0.373333
24 0.561224 0.493333 0.017007 0.32
17 0.585884 0.493333 0.02551 0.32
10 0.62415 0.493333 0.027211 0.32
25 0.658163 0.493333 0.034014 0.32
11 0.692177 0.493333 0.027211 0.32
9 0.734694 0.366667 0.05102 0.626667
24 0.776361 0.493333 0.02551 0.32
1 0.815476 0.493333 0.045918 0.32
25 0.869048 0.493333 0.037415 0.32
11 0.905612 0.493333 0.028912 0.32
5 0.948129 0.526667 0.032313 0.386667
7 0.977891 0.5 0.020408 0.333333
