0 0.036859 0.493333 0.073718 0.32
17 0.113782 0.493333 0.067308 0.32
2 0.184295 0.493333 0.060897 0.32
12 0.240385 0.613333 0.038462 0.613333
11 0.290064 0.493333 0.048077 0.32
24 0.333333 0.493333 0.025641 0.32
6 0.413462 0.493333 0.089744 0.32
20 0.503205 0.493333 0.076923 0.32
14 0.578526 0.506667 0.060897 0.346667
13 0.641026 0.493333 0.051282 0.32
24 0.705128 0.493333 0.032051 0.32
5 0.758013 0.526667 0.060897 0.386667
9 0.842949 0.373333 0.096154 0.613333
24 0.913462 0.493333 0.032051 0.32
7 0.956731 0.493333 0.041667 0.32
