5 0.030357 0.493333 0.060714 0.32
21 0.083036 0.493333 0.0375 0.32
25 0.126786 0.493333 0.042857 0.32
9 0.175893 0.373333 0.048214 0.613333
14 0.216964 0.486667 0.026786 0.333333
24 0.252679 0.493333 0.019643 0.32
13 0.283929 0.493333 0.035714 0.32
5 0.322321 0.493333 0.033929 0.32
19 0.366071 0.493333 0.046429 0.32
0 0.408929 0.493333 0.032143 0.32
9 0.46875 0.366667 0.0625 0.626667
7 0.527679 0.493333 0.048214 0.32
10 0.577679 0.493333 0.026786 0.32
1 0.621429 0.526667 0.053571 0.386667
5 0.674107 0.493333 0.044643 0.32
7 0.717857 0.526667 0.035714 0.386667
25 0.758929 0.493333 0.039286 0.32
14 0.795536 0.493333 0.026786 0.32
3 0.840179 0.493333 0.0375 0.32
6 0.880357 0.493333 0.035714 0.32
9 0.935714 0.373333 0.05 0.613333
7 0.975893 0.493333 0.023214 0.32
