17 0.0142 0.5 0.028401 0.333333
19 0.058296 0.493333 0.053812 0.32
0 0.101644 0.493333 0.026906 0.32
12 0.138266 0.613333 0.025411 0.613333
7 0.165919 0.493333 0.023916 0.32
5 0.202541 0.493333 0.028401 0.32
4 0.236921 0.493333 0.03438 0.32
4 0.275785 0.493333 0.037369 0.32
19 0.317638 0.493333 0.040359 0.32
2 0.35725 0.506667 0.032885 0.346667
5 0.400598 0.493333 0.032885 0.32
7 0.431241 0.493333 0.022422 0.32
11 0.45441 0.493333 0.017937 0.32
1 0.494768 0.493333 0.056801 0.32
17 0.54858 0.493333 0.029895 0.32
24 0.573244 0.493333 0.013453 0.32
21 0.605381 0.493333 0.044843 0.32
13 0.640508 0.493333 0.019432 0.32
9 0.668161 0.373333 0.029895 0.613333
10 0.705531 0.493333 0.023916 0.32
24 0.726457 0.493333 0.011958 0.32
16 0.76009 0.606667 0.049327 0.626667
11 0.799701 0.526667 0.023916 0.386667
5 0.839312 0.493333 0.03438 0.32
7 0.869955 0.493333 0.020927 0.32
5 0.907324 0.493333 0.032885 0.32
25 0.942451 0.493333 0.03139 0.32
6 0.975336 0.493333 0.028401 0.32
