9 0.0125 0.373333 0.025 0.613333
0 0.042763 0.493333 0.030263 0.32
3 0.070395 0.493333 0.019737 0.32
18 0.096711 0.493333 0.027632 0.32
6 0.126316 0.493333 0.026316 0.32
5 0.164474 0.493333 0.031579 0.32
2 0.198684 0.493333 0.031579 0.32
25 0.232895 0.506667 0.031579 0.346667
9 0.269737 0.373333 0.036842 0.613333
1 0.311842 0.493333 0.042105 0.32
0 0.354605 0.493333 0.025 0.32
9 0.385526 0.373333 0.031579 0.613333
14 0.4125 0.493333 0.017105 0.32
9 0.442105 0.38 0.036842 0.626667
6 0.479605 0.493333 0.032895 0.32
25 0.514474 0.493333 0.031579 0.32
0 0.553947 0.493333 0.028947 0.32
7 0.580921 0.493333 0.019737 0.32
7 0.604605 0.493333 0.022368 0.32
18 0.630921 0.506667 0.025 0.346667
5 0.658553 0.493333 0.025 0.32
16 0.700658 0.613333 0.040789 0.613333
2 0.746053 0.493333 0.031579 0.32
25 0.778947 0.493333 0.028947 0.32
24 0.802632 0.493333 0.013158 0.32
0 0.825 0.493333 0.026316 0.32
5 0.853947 0.493333 0.026316 0.32
24 0.881579 0.493333 0.010526 0.32
1 0.907237 0.5 0.035526 0.333333
11 0.936842 0.493333 0.018421 0.32
19 0.969737 0.5 0.042105 0.333333
