25 0.022177 0.493333 0.044355 0.32
13 0.060484 0.493333 0.024194 0.32
2 0.09879 0.5 0.044355 0.333333
20 0.141129 0.493333 0.032258 0.32
0 0.179435 0.5 0.03629 0.333333
25 0.235887 0.52 0.048387 0.373333
7 0.28125 0.493333 0.034274 0.32
9 0.330645 0.38 0.056452 0.626667
9 0.395161 0.366667 0.064516 0.626667
24 0.44254 0.493333 0.022177 0.32
7 0.475806 0.493333 0.03629 0.32
15 0.534274 0.613333 0.052419 0.613333
24 0.573589 0.493333 0.018145 0.32
18 0.610887 0.493333 0.048387 0.32
24 0.660282 0.493333 0.022177 0.32
0 0.702621 0.526667 0.054435 0.386667
20 0.75504 0.493333 0.042339 0.32
20 0.798387 0.493333 0.03629 0.32
16 0.864919 0.62 0.068548 0.626667
26 0.91129 0.493333 0.016129 0.32
6 0.941532 0.493333 0.03629 0.32
24 0.974798 0.493333 0.022177 0.32
