20 0.018889 0.506667 0.037778 0.346667
0 0.066667 0.493333 0.048889 0.32
10 0.118889 0.493333 0.046667 0.32
7 0.161111 0.493333 0.028889 0.32
12 0.205556 0.593333 0.028889 0.653333
11 0.238889 0.506667 0.028889 0.346667
17 0.285556 0.493333 0.055556 0.32
2 0.342222 0.493333 0.048889 0.32
3 0.398889 0.493333 0.055556 0.32
5 0.461111 0.493333 0.06 0.32
9 0.537778 0.38 0.062222 0.626667
0 0.6 0.5 0.053333 0.333333
1 0.65 0.493333 0.037778 0.32
2 0.7 0.493333 0.053333 0.32
19 0.782222 0.493333 0.102222 0.32
9 0.89 0.38 0.082222 0.626667
0 0.96 0.52 0.048889 0.373333
