25 0.017188 0.493333 0.034375 0.32
2 0.052344 0.493333 0.029688 0.32
9 0.095312 0.373333 0.034375 0.613333
24 0.124219 0.493333 0.017188 0.32
7 0.14375 0.513333 0.015625 0.36
20 0.169531 0.493333 0.029688 0.32
0 0.204688 0.493333 0.034375 0.32
3 0.253125 0.493333 0.040625 0.32
1 0.292188 0.493333 0.03125 0.32
9 0.334375 0.373333 0.03125 0.613333
24 0.359375 0.493333 0.0125 0.32
7 0.378125 0.493333 0.01875 0.32
11 0.401562 0.5 0.021875 0.333333
5 0.432812 0.5 0.034375 0.333333
9 0.479688 0.373333 0.0375 0.613333
0 0.520312 0.5 0.0375 0.333333
25 0.573438 0.5 0.046875 0.333333
3 0.617969 0.493333 0.035938 0.32
25 0.657812 0.493333 0.0375 0.32
3 0.692188 0.493333 0.025 0.32
10 0.720312 0.513333 0.025 0.36
5 0.751562 0.493333 0.03125 0.32
25 0.795312 0.526667 0.034375 0.386667
14 0.828125 0.493333 0.025 0.32
9 0.863281 0.386667 0.039062 0.64
24 0.89375 0.493333 0.015625 0.32
2 0.921875 0.493333 0.034375 0.32
9 0.965625 0.38 0.046875 0.626667
