9 0.020033 0.386667 0.040067 0.64
7 0.055092 0.493333 0.023372 0.32
2 0.093489 0.493333 0.046745 0.32
24 0.136895 0.493333 0.016694 0.32
0 0.165275 0.493333 0.033389 0.32
25 0.211185 0.493333 0.035058 0.32
9 0.254591 0.36 0.045075 0.666667
24 0.297997 0.493333 0.018364 0.32
0 0.33222 0.493333 0.043406 0.32
5 0.383973 0.493333 0.036728 0.32
6 0.423205 0.493333 0.035058 0.32
13 0.459933 0.493333 0.03172 0.32
0 0.497496 0.52 0.036728 0.373333
25 0.552588 0.5 0.050083 0.333333
20 0.594324 0.493333 0.026711 0.32
25 0.631052 0.506667 0.040067 0.346667
0 0.671953 0.493333 0.035058 0.32
17 0.703673 0.506667 0.021703 0.346667
8 0.747913 0.613333 0.043406 0.586667
24 0.782972 0.486667 0.020033 0.306667
25 0.816361 0.493333 0.036728 0.32
3 0.852254 0.493333 0.028381 0.32
6 0.894825 0.493333 0.033389 0.32
25 0.931553 0.493333 0.033389 0.32
17 0.96995 0.493333 0.036728 0.32
