5 0.021127 0.513333 0.042254 0.36
11 0.062374 0.493333 0.032193 0.32
20 0.10161 0.493333 0.038229 0.32
24 0.133803 0.493333 0.018109 0.32
1 0.173038 0.493333 0.052314 0.32
3 0.219316 0.493333 0.032193 0.32
25 0.27163 0.493333 0.044266 0.32
13 0.310865 0.493333 0.026157 0.32
2 0.347082 0.493333 0.038229 0.32
5 0.394366 0.493333 0.04829 0.32
13 0.437626 0.493333 0.030181 0.32
0 0.487928 0.493333 0.042254 0.32
13 0.528169 0.493333 0.030181 0.32
25 0.571429 0.52 0.04829 0.373333
3 0.619718 0.493333 0.040241 0.32
9 0.676056 0.373333 0.044266 0.666667
1 0.727364 0.506667 0.050302 0.346667
25 0.787726 0.493333 0.042254 0.32
11 0.828974 0.493333 0.032193 0.32
2 0.881288 0.526667 0.044266 0.386667
25 0.929577 0.493333 0.044266 0.32
17 0.970825 0.493333 0.030181 0.32
