10 0.01727 0.506667 0.034539 0.346667
5 0.058388 0.493333 0.041118 0.32
9 0.106086 0.386667 0.047697 0.64
25 0.159539 0.493333 0.036184 0.32
3 0.192434 0.493333 0.023026 0.32
2 0.234375 0.493333 0.037829 0.32
17 0.268914 0.493333 0.024671 0.32
16 0.314967 0.606667 0.060855 0.626667
9 0.373355 0.366667 0.049342 0.626667
20 0.428454 0.493333 0.037829 0.32
24 0.459704 0.493333 0.018092 0.32
25 0.491776 0.493333 0.039474 0.32
5 0.532895 0.513333 0.036184 0.36
9 0.57977 0.38 0.050987 0.626667
5 0.634868 0.493333 0.036184 0.32
20 0.672697 0.493333 0.032895 0.32
0 0.706414 0.506667 0.027961 0.346667
9 0.743421 0.373333 0.039474 0.613333
1 0.786184 0.526667 0.039474 0.386667
9 0.837993 0.38 0.041118 0.626667
2 0.878289 0.493333 0.032895 0.32
24 0.905428 0.493333 0.014803 0.32
25 0.933388 0.493333 0.034539 0.32
5 0.971217 0.493333 0.034539 0.32
