5 0.014686 0.493333 0.029372 0.32
9 0.052069 0.373333 0.040053 0.613333
24 0.082777 0.493333 0.016021 0.32
2 0.106142 0.513333 0.025367 0.36
0 0.134179 0.513333 0.025367 0.36
2 0.165554 0.493333 0.032043 0.32
5 0.20761 0.493333 0.033378 0.32
11 0.238985 0.493333 0.024032 0.32
24 0.261015 0.493333 0.014686 0.32
0 0.284379 0.493333 0.026702 0.32
0 0.321095 0.526667 0.028037 0.386667
17 0.351135 0.493333 0.026702 0.32
2 0.384513 0.493333 0.034713 0.32
3 0.420561 0.52 0.032043 0.373333
11 0.451268 0.493333 0.024032 0.32
3 0.485981 0.493333 0.026702 0.32
1 0.518024 0.493333 0.032043 0.32
3 0.550734 0.493333 0.028037 0.32
6 0.579439 0.526667 0.024032 0.386667
25 0.608144 0.493333 0.028037 0.32
5 0.64753 0.493333 0.032043 0.32
7 0.676235 0.506667 0.020027 0.346667
9 0.706275 0.373333 0.034713 0.613333
9 0.738318 0.38 0.024032 0.626667
1 0.772363 0.52 0.038718 0.373333
25 0.814419 0.493333 0.026702 0.32
2 0.849132 0.513333 0.037383 0.36
9 0.893858 0.373333 0.046729 0.64
9 0.941923 0.386667 0.030708 0.64
1 0.9753 0.493333 0.030708 0.32
