5 0.01622 0.493333 0.03244 0.32
19 0.057123 0.493333 0.043724 0.32
14 0.093794 0.506667 0.023977 0.346667
13 0.117772 0.493333 0.018336 0.32
9 0.150212 0.373333 0.040903 0.613333
1 0.187588 0.526667 0.028209 0.386667
12 0.222144 0.606667 0.021157 0.626667
14 0.247532 0.493333 0.023977 0.32
12 0.279267 0.613333 0.019746 0.613333
11 0.303244 0.493333 0.022567 0.32
0 0.334979 0.513333 0.035261 0.36
9 0.380113 0.366667 0.049365 0.626667
0 0.4189 0.493333 0.022567 0.32
24 0.439351 0.493333 0.012694 0.32
5 0.471086 0.493333 0.03103 0.32
11 0.502116 0.493333 0.025388 0.32
24 0.525388 0.493333 0.015515 0.32
25 0.550776 0.493333 0.029619 0.32
5 0.581805 0.493333 0.026798 0.32
24 0.604372 0.493333 0.012694 0.32
10 0.637518 0.493333 0.03385 0.32
3 0.669958 0.493333 0.025388 0.32
3 0.702398 0.493333 0.019746 0.32
24 0.721439 0.493333 0.012694 0.32
18 0.746827 0.493333 0.03244 0.32
25 0.781382 0.493333 0.03103 0.32
9 0.819464 0.38 0.039492 0.626667
17 0.861072 0.493333 0.023977 0.32
19 0.899859 0.493333 0.047955 0.32
0 0.940762 0.526667 0.028209 0.386667
24 0.969676 0.493333 0.009873 0.32
24 0.98378 0.493333 0.012694 0.32
