0 0.012931 0.493333 0.025862 0.32
9 0.053448 0.38 0.048276 0.626667
9 0.110345 0.373333 0.058621 0.64
7 0.155172 0.493333 0.024138 0.32
2 0.190517 0.493333 0.039655 0.32
12 0.231034 0.593333 0.017241 0.653333
25 0.263793 0.52 0.041379 0.373333
3 0.300862 0.493333 0.025862 0.32
0 0.333621 0.493333 0.032759 0.32
2 0.381897 0.493333 0.056897 0.32
25 0.440517 0.493333 0.036207 0.32
7 0.475862 0.493333 0.027586 0.32
0 0.518966 0.493333 0.034483 0.32
13 0.551724 0.493333 0.024138 0.32
12 0.581034 0.613333 0.027586 0.613333
11 0.613793 0.493333 0.031034 0.32
12 0.65431 0.613333 0.025862 0.613333
3 0.688793 0.493333 0.036207 0.32
1 0.731897 0.493333 0.043103 0.32
6 0.781897 0.493333 0.032759 0.32
24 0.812931 0.493333 0.022414 0.32
17 0.849138 0.493333 0.043103 0.32
12 0.896552 0.586667 0.027586 0.666667
25 0.931897 0.493333 0.036207 0.32
2 0.97069 0.493333 0.034483 0.32
