9 0.023622 0.38 0.047244 0.626667
2 0.069291 0.493333 0.037795 0.32
0 0.109449 0.52 0.03622 0.373333
20 0.152756 0.513333 0.028346 0.36
17 0.184252 0.493333 0.028346 0.32
26 0.214961 0.493333 0.011024 0.32
0 0.244882 0.52 0.04252 0.373333
10 0.280315 0.493333 0.022047 0.32
2 0.309449 0.493333 0.029921 0.32
20 0.353543 0.493333 0.03622 0.32
0 0.388976 0.493333 0.028346 0.32
9 0.426772 0.366667 0.025197 0.626667
0 0.46378 0.493333 0.04252 0.32
17 0.503937 0.5 0.031496 0.333333
2 0.53622 0.493333 0.026772 0.32
5 0.57874 0.493333 0.03622 0.32
7 0.613386 0.493333 0.026772 0.32
2 0.648819 0.493333 0.037795 0.32
17 0.685827 0.493333 0.029921 0.32
19 0.726772 0.513333 0.045669 0.36
0 0.767717 0.52 0.029921 0.373333
9 0.812598 0.38 0.037795 0.626667
1 0.851181 0.52 0.033071 0.373333
3 0.894488 0.493333 0.031496 0.32
18 0.933858 0.493333 0.040945 0.32
6 0.973228 0.493333 0.031496 0.32
