24 0.01355 0.5 0.0271 0.333333
3 0.060976 0.493333 0.056911 0.32
24 0.108401 0.493333 0.0271 0.32
2 0.158537 0.486667 0.062331 0.333333
7 0.216802 0.493333 0.04336 0.32
24 0.254743 0.493333 0.02168 0.32
17 0.308943 0.493333 0.04878 0.32
19 0.378049 0.493333 0.078591 0.32
0 0.45122 0.493333 0.056911 0.32
24 0.512195 0.493333 0.0271 0.32
2 0.562331 0.493333 0.062331 0.32
1 0.644986 0.493333 0.065041 0.32
17 0.711382 0.493333 0.056911 0.32
5 0.775068 0.493333 0.059621 0.32
0 0.852304 0.5 0.056911 0.333333
24 0.898374 0.493333 0.02439 0.32
9 0.948509 0.373333 0.065041 0.613333
