20 0.016378 0.493333 0.032755 0.32
24 0.044316 0.493333 0.015414 0.32
11 0.071291 0.493333 0.030829 0.32
0 0.109827 0.493333 0.038536 0.32
25 0.171484 0.493333 0.057803 0.32
13 0.216763 0.493333 0.025048 0.32
24 0.243738 0.493333 0.021195 0.32
9 0.289017 0.373333 0.042389 0.613333
0 0.333333 0.506667 0.038536 0.346667
24 0.367052 0.493333 0.021195 0.32
25 0.414258 0.493333 0.046243 0.32
26 0.449904 0.493333 0.017341 0.32
17 0.480732 0.5 0.036609 0.333333
24 0.513487 0.493333 0.021195 0.32
19 0.564547 0.493333 0.073218 0.32
1 0.628131 0.493333 0.046243 0.32
12 0.678227 0.606667 0.026975 0.626667
11 0.714836 0.493333 0.038536 0.32
5 0.761079 0.493333 0.046243 0.32
7 0.802505 0.493333 0.028902 0.32
0 0.850674 0.493333 0.040462 0.32
24 0.884393 0.493333 0.019268 0.32
2 0.917148 0.493333 0.038536 0.32
25 0.963391 0.506667 0.046243 0.346667
