5 0.027397 0.513333 0.054795 0.36
7 0.078082 0.493333 0.035616 0.32
12 0.119178 0.606667 0.035616 0.626667
11 0.158904 0.493333 0.032877 0.32
19 0.221918 0.493333 0.082192 0.32
10 0.30411 0.493333 0.043836 0.32
19 0.380822 0.493333 0.09863 0.32
0 0.457534 0.52 0.043836 0.373333
0 0.517808 0.493333 0.065753 0.32
2 0.591781 0.493333 0.071233 0.32
17 0.665753 0.513333 0.065753 0.36
24 0.731507 0.5 0.027397 0.333333
9 0.775342 0.373333 0.049315 0.613333
9 0.849315 0.373333 0.060274 0.613333
0 0.917808 0.52 0.065753 0.373333
24 0.968493 0.493333 0.024658 0.32
