9 0.038278 0.36 0.076555 0.666667
0 0.107656 0.493333 0.052632 0.32
20 0.171053 0.493333 0.064593 0.32
11 0.221292 0.493333 0.026316 0.32
2 0.270335 0.506667 0.062201 0.346667
25 0.344498 0.526667 0.052632 0.386667
6 0.400718 0.513333 0.050239 0.36
14 0.450957 0.486667 0.035885 0.306667
24 0.486842 0.493333 0.021531 0.32
24 0.513158 0.493333 0.021531 0.32
9 0.572967 0.373333 0.064593 0.613333
24 0.619617 0.493333 0.019139 0.32
7 0.649522 0.493333 0.0311 0.32
5 0.696172 0.493333 0.052632 0.32
2 0.755981 0.493333 0.057416 0.32
17 0.822967 0.493333 0.043062 0.32
19 0.889952 0.506667 0.08134 0.32
0 0.95933 0.506667 0.047847 0.346667
