3 0.01577 0.493333 0.03154 0.32
6 0.055659 0.513333 0.040816 0.36
0 0.096475 0.493333 0.033395 0.32
2 0.136364 0.493333 0.038961 0.32
8 0.19666 0.606667 0.055659 0.626667
9 0.252319 0.366667 0.048237 0.626667
5 0.299629 0.493333 0.038961 0.32
7 0.33859 0.493333 0.03154 0.32
9 0.390538 0.38 0.064935 0.626667
9 0.463822 0.373333 0.055659 0.613333
24 0.509276 0.493333 0.027829 0.32
7 0.540816 0.493333 0.027829 0.32
25 0.588126 0.493333 0.040816 0.32
9 0.640074 0.373333 0.055659 0.613333
7 0.684601 0.493333 0.025974 0.32
25 0.729128 0.493333 0.055659 0.32
13 0.780148 0.506667 0.038961 0.346667
19 0.827458 0.493333 0.048237 0.32
5 0.884045 0.493333 0.038961 0.32
7 0.92115 0.493333 0.027829 0.32
9 0.962894 0.373333 0.048237 0.613333
