9 0.037901 0.373333 0.075802 0.613333
24 0.093294 0.493333 0.023324 0.32
7 0.135569 0.493333 0.049563 0.32
24 0.182216 0.493333 0.03207 0.32
6 0.231778 0.493333 0.055394 0.32
7 0.287172 0.493333 0.043732 0.32
24 0.345481 0.493333 0.03207 0.32
11 0.387755 0.493333 0.040816 0.32
25 0.44898 0.493333 0.069971 0.32
25 0.539359 0.493333 0.069971 0.32
3 0.600583 0.493333 0.040816 0.32
20 0.651603 0.493333 0.049563 0.32
0 0.71137 0.493333 0.058309 0.32
12 0.781341 0.62 0.040816 0.626667
3 0.830904 0.493333 0.046647 0.32
9 0.887755 0.373333 0.055394 0.613333
0 0.950437 0.493333 0.058309 0.32
