10 0.012308 0.493333 0.024615 0.32
1 0.047692 0.493333 0.04 0.32
10 0.083846 0.493333 0.026154 0.32
9 0.123077 0.36 0.046154 0.64
19 0.167692 0.493333 0.036923 0.32
17 0.217692 0.493333 0.041538 0.32
24 0.249231 0.493333 0.015385 0.32
0 0.275385 0.493333 0.030769 0.32
2 0.306923 0.493333 0.026154 0.32
12 0.341538 0.613333 0.021538 0.613333
24 0.361538 0.493333 0.012308 0.32
7 0.383846 0.493333 0.026154 0.32
20 0.419231 0.493333 0.038462 0.32
0 0.454615 0.5 0.026154 0.333333
1 0.499231 0.493333 0.041538 0.32
17 0.544615 0.493333 0.043077 0.32
9 0.589231 0.38 0.04 0.626667
0 0.626154 0.493333 0.027692 0.32
9 0.666923 0.373333 0.032308 0.613333
0 0.702308 0.493333 0.032308 0.32
25 0.752308 0.5 0.046154 0.333333
9 0.800769 0.38 0.044615 0.626667
8 0.843846 0.586667 0.035385 0.666667
9 0.880769 0.38 0.032308 0.626667
5 0.922308 0.493333 0.029231 0.32
5 0.964615 0.506667 0.049231 0.346667
