2 0.02045 0.493333 0.0409 0.32
5 0.06544 0.493333 0.0409 0.32
26 0.097137 0.52 0.014315 0.373333
3 0.138037 0.493333 0.038855 0.32
1 0.190184 0.493333 0.05726 0.32
3 0.250511 0.493333 0.034765 0.32
1 0.296524 0.493333 0.04908 0.32
9 0.353783 0.353333 0.03681 0.68
0 0.397751 0.493333 0.042945 0.32
0 0.44274 0.493333 0.038855 0.32
24 0.476483 0.493333 0.02045 0.32
5 0.515337 0.493333 0.04908 0.32
0 0.575665 0.493333 0.042945 0.32
24 0.615542 0.493333 0.02863 0.32
9 0.656442 0.373333 0.04499 0.613333
5 0.714724 0.493333 0.042945 0.32
7 0.755624 0.493333 0.030675 0.32
2 0.797546 0.506667 0.04499 0.346667
24 0.833333 0.493333 0.018405 0.32
21 0.865031 0.493333 0.03681 0.32
20 0.915133 0.493333 0.034765 0.32
0 0.961145 0.5 0.04908 0.333333
