20 0.013928 0.493333 0.027855 0.32
1 0.045961 0.493333 0.030641 0.32
3 0.077994 0.493333 0.027855 0.32
0 0.107939 0.493333 0.026462 0.32
25 0.137883 0.493333 0.027855 0.32
24 0.160864 0.493333 0.012535 0.32
3 0.189415 0.493333 0.02507 0.32
1 0.221448 0.493333 0.033426 0.32
1 0.261142 0.52 0.026462 0.373333
3 0.300139 0.493333 0.032033 0.32
1 0.337744 0.533333 0.037604 0.4
12 0.367688 0.613333 0.016713 0.613333
14 0.389972 0.5 0.022284 0.333333
25 0.424791 0.493333 0.027855 0.32
7 0.449861 0.493333 0.016713 0.32
25 0.477716 0.506667 0.033426 0.346667
19 0.518802 0.5 0.043175 0.333333
13 0.55571 0.5 0.02507 0.333333
0 0.583565 0.493333 0.02507 0.32
5 0.621866 0.493333 0.032033 0.32
13 0.649721 0.493333 0.018106 0.32
19 0.683148 0.493333 0.043175 0.32
25 0.731198 0.506667 0.033426 0.346667
9 0.767409 0.393333 0.033426 0.653333
1 0.806407 0.493333 0.038997 0.32
9 0.855153 0.373333 0.038997 0.613333
0 0.895543 0.493333 0.036212 0.32
5 0.937326 0.493333 0.027855 0.32
9 0.972145 0.38 0.036212 0.626667
