10 0.016467 0.506667 0.032934 0.346667
24 0.041916 0.493333 0.011976 0.32
25 0.066617 0.493333 0.031437 0.32
24 0.092066 0.493333 0.013473 0.32
20 0.125749 0.493333 0.032934 0.32
7 0.155689 0.493333 0.020958 0.32
9 0.195359 0.38 0.052395 0.626667
17 0.247006 0.493333 0.02994 0.32
24 0.27021 0.493333 0.010479 0.32
3 0.291916 0.493333 0.026946 0.32
5 0.32485 0.493333 0.032934 0.32
9 0.371257 0.373333 0.038922 0.613333
1 0.413922 0.513333 0.040419 0.36
20 0.456587 0.493333 0.023952 0.32
11 0.481287 0.513333 0.019461 0.36
3 0.51497 0.493333 0.026946 0.32
1 0.539671 0.493333 0.016467 0.32
5 0.58009 0.493333 0.043413 0.32
11 0.619012 0.493333 0.028443 0.32
17 0.654192 0.493333 0.035928 0.32
9 0.703593 0.373333 0.041916 0.613333
24 0.732036 0.493333 0.008982 0.32
7 0.750749 0.52 0.022455 0.373333
5 0.785928 0.513333 0.026946 0.36
26 0.807635 0.52 0.010479 0.373333
5 0.833084 0.493333 0.034431 0.32
3 0.876497 0.493333 0.031437 0.32
1 0.907934 0.493333 0.025449 0.32
24 0.942365 0.493333 0.022455 0.32
0 0.973054 0.52 0.032934 0.373333
