6 0.011872 0.493333 0.023743 0.32
16 0.064944 0.606667 0.076816 0.626667
25 0.12081 0.493333 0.02933 0.32
24 0.149441 0.493333 0.022346 0.32
10 0.180866 0.493333 0.02095 0.32
25 0.210894 0.506667 0.03352 0.346667
2 0.246508 0.493333 0.032123 0.32
17 0.277235 0.493333 0.023743 0.32
0 0.312151 0.493333 0.026536 0.32
9 0.347765 0.38 0.039106 0.626667
0 0.391061 0.493333 0.027933 0.32
25 0.424581 0.493333 0.03352 0.32
24 0.452514 0.493333 0.01676 0.32
0 0.49581 0.513333 0.050279 0.36
3 0.537709 0.52 0.027933 0.373333
24 0.569832 0.493333 0.01676 0.32
0 0.594972 0.493333 0.027933 0.32
20 0.63338 0.493333 0.02933 0.32
2 0.663408 0.513333 0.02514 0.36
24 0.691341 0.506667 0.011173 0.346667
0 0.714385 0.493333 0.02933 0.32
20 0.744413 0.493333 0.02514 0.32
25 0.776536 0.493333 0.03352 0.32
2 0.809358 0.493333 0.026536 0.32
0 0.849162 0.493333 0.03352 0.32
24 0.875 0.493333 0.01257 0.32
9 0.900838 0.373333 0.03352 0.613333
3 0.942039 0.493333 0.02933 0.32
1 0.97486 0.493333 0.030726 0.32
