10 0.012216 0.493333 0.024433 0.32
19 0.049738 0.493333 0.04363 0.32
24 0.08377 0.493333 0.017452 0.32
7 0.111693 0.506667 0.031414 0.346667
9 0.151832 0.38 0.041885 0.626667
25 0.193717 0.493333 0.034904 0.32
9 0.242583 0.373333 0.038394 0.613333
0 0.287958 0.52 0.045375 0.373333
5 0.334206 0.493333 0.04014 0.32
11 0.375218 0.493333 0.034904 0.32
0 0.41274 0.493333 0.033159 0.32
17 0.455497 0.493333 0.027923 0.32
16 0.49651 0.613333 0.04712 0.64
17 0.538394 0.493333 0.029668 0.32
19 0.58377 0.493333 0.054101 0.32
0 0.630017 0.493333 0.031414 0.32
12 0.672775 0.613333 0.029668 0.613333
11 0.706806 0.493333 0.031414 0.32
0 0.753054 0.513333 0.036649 0.36
25 0.793194 0.493333 0.036649 0.32
3 0.828098 0.493333 0.026178 0.32
25 0.862129 0.493333 0.034904 0.32
25 0.917976 0.493333 0.052356 0.32
3 0.967714 0.493333 0.04014 0.32
