5 0.027714 0.493333 0.055427 0.32
13 0.075058 0.52 0.030023 0.373333
24 0.106236 0.493333 0.023095 0.32
11 0.140878 0.493333 0.036952 0.32
19 0.191686 0.493333 0.055427 0.32
24 0.247113 0.493333 0.023095 0.32
9 0.287529 0.366667 0.048499 0.626667
1 0.338337 0.493333 0.04388 0.32
3 0.384527 0.493333 0.039261 0.32
24 0.420323 0.493333 0.023095 0.32
25 0.459584 0.493333 0.046189 0.32
5 0.526559 0.493333 0.055427 0.32
2 0.580831 0.52 0.04388 0.373333
24 0.630485 0.493333 0.023095 0.32
16 0.677829 0.613333 0.062356 0.613333
24 0.734411 0.493333 0.018476 0.32
5 0.777136 0.493333 0.057737 0.32
20 0.844111 0.493333 0.04388 0.32
24 0.879908 0.493333 0.018476 0.32
24 0.907621 0.493333 0.027714 0.32
5 0.954965 0.493333 0.057737 0.32
