9 0.025093 0.38 0.050186 0.626667
1 0.072491 0.52 0.037175 0.373333
10 0.112454 0.493333 0.035316 0.32
24 0.148699 0.493333 0.02974 0.32
19 0.19052 0.5 0.046468 0.333333
9 0.237918 0.36 0.040892 0.64
25 0.29368 0.506667 0.04461 0.346667
19 0.350372 0.493333 0.061338 0.32
13 0.393123 0.493333 0.016729 0.32
0 0.421933 0.493333 0.033457 0.32
24 0.460967 0.493333 0.018587 0.32
5 0.495353 0.493333 0.042751 0.32
12 0.540892 0.613333 0.022305 0.613333
5 0.574349 0.493333 0.037175 0.32
24 0.604089 0.506667 0.01487 0.346667
7 0.630112 0.493333 0.02974 0.32
24 0.654275 0.526667 0.011152 0.386667
9 0.693309 0.373333 0.040892 0.613333
24 0.727695 0.493333 0.020446 0.32
7 0.756506 0.493333 0.02974 0.32
24 0.788104 0.493333 0.026022 0.32
12 0.828996 0.606667 0.02974 0.626667
11 0.863383 0.526667 0.031599 0.386667
10 0.89777 0.493333 0.02974 0.32
1 0.939591 0.493333 0.046468 0.32
24 0.976766 0.493333 0.020446 0.32
