19 0.024648 0.493333 0.049296 0.32
24 0.059859 0.493333 0.014085 0.32
9 0.096831 0.38 0.052817 0.626667
19 0.149648 0.493333 0.045775 0.32
3 0.198063 0.5 0.026408 0.333333
1 0.234155 0.493333 0.038732 0.32
5 0.275528 0.493333 0.036972 0.32
11 0.314261 0.493333 0.033451 0.32
19 0.358275 0.493333 0.047535 0.32
13 0.403169 0.493333 0.035211 0.32
0 0.448944 0.493333 0.03169 0.32
24 0.480634 0.493333 0.024648 0.32
5 0.515845 0.493333 0.038732 0.32
9 0.566901 0.38 0.038732 0.626667
0 0.606514 0.513333 0.033451 0.36
17 0.644366 0.493333 0.035211 0.32
19 0.6875 0.493333 0.044014 0.32
25 0.732394 0.493333 0.038732 0.32
5 0.784331 0.493333 0.040493 0.32
2 0.831866 0.493333 0.047535 0.32
25 0.878521 0.493333 0.038732 0.32
14 0.914613 0.493333 0.026408 0.32
7 0.943662 0.493333 0.024648 0.32
24 0.973592 0.493333 0.028169 0.32
