5 0.025751 0.493333 0.051502 0.32
17 0.085837 0.493333 0.060086 0.32
24 0.126609 0.526667 0.012876 0.386667
2 0.157725 0.513333 0.040773 0.36
4 0.214592 0.493333 0.064378 0.32
10 0.281116 0.493333 0.038627 0.32
19 0.333691 0.493333 0.05794 0.32
0 0.396996 0.52 0.038627 0.373333
1 0.450644 0.493333 0.060086 0.32
17 0.5 0.493333 0.030043 0.32
0 0.5397 0.493333 0.040773 0.32
9 0.593348 0.373333 0.05794 0.613333
9 0.672747 0.366667 0.070815 0.626667
0 0.736052 0.493333 0.04721 0.32
12 0.793991 0.6 0.038627 0.64
3 0.837983 0.5 0.040773 0.333333
9 0.888412 0.393333 0.051502 0.653333
1 0.951717 0.5 0.066524 0.333333
