0 0.012821 0.52 0.025641 0.373333
11 0.037749 0.493333 0.018519 0.32
5 0.069088 0.493333 0.038462 0.32
26 0.095442 0.52 0.008547 0.373333
5 0.122507 0.493333 0.039886 0.32
24 0.150997 0.493333 0.011396 0.32
19 0.183761 0.506667 0.034188 0.346667
0 0.216524 0.493333 0.025641 0.32
0 0.248575 0.493333 0.032764 0.32
24 0.276353 0.493333 0.017094 0.32
2 0.303419 0.493333 0.031339 0.32
20 0.332621 0.493333 0.021368 0.32
19 0.371083 0.493333 0.035613 0.32
0 0.40812 0.513333 0.032764 0.36
24 0.430912 0.493333 0.007123 0.32
17 0.450142 0.493333 0.025641 0.32
19 0.489316 0.493333 0.047009 0.32
0 0.532051 0.493333 0.032764 0.32
0 0.570513 0.493333 0.024217 0.32
24 0.593305 0.493333 0.01567 0.32
9 0.624644 0.38 0.041311 0.626667
9 0.680199 0.366667 0.049858 0.626667
1 0.722934 0.493333 0.029915 0.32
10 0.751425 0.493333 0.021368 0.32
1 0.7849 0.493333 0.039886 0.32
10 0.827635 0.493333 0.025641 0.32
7 0.853989 0.493333 0.021368 0.32
9 0.88604 0.366667 0.037037 0.626667
24 0.915242 0.493333 0.01567 0.32
3 0.939459 0.493333 0.027066 0.32
4 0.972934 0.493333 0.034188 0.32
