9 0.039312 0.38 0.078624 0.626667
0 0.109337 0.52 0.051597 0.373333
25 0.167076 0.493333 0.054054 0.32
14 0.214988 0.493333 0.031941 0.32
9 0.261671 0.38 0.051597 0.626667
0 0.316953 0.493333 0.04914 0.32
10 0.378378 0.493333 0.039312 0.32
9 0.434889 0.366667 0.063882 0.626667
1 0.498771 0.493333 0.054054 0.32
12 0.560197 0.613333 0.034398 0.613333
24 0.594595 0.493333 0.02457 0.32
19 0.649877 0.493333 0.076167 0.32
9 0.728501 0.366667 0.071253 0.626667
2 0.797297 0.486667 0.056511 0.333333
25 0.869779 0.493333 0.054054 0.32
14 0.918919 0.493333 0.034398 0.32
7 0.961916 0.493333 0.041769 0.32
