9 0.019084 0.38 0.038168 0.626667
0 0.057252 0.493333 0.032061 0.32
5 0.091603 0.493333 0.030534 0.32
9 0.126718 0.373333 0.033588 0.613333
12 0.164885 0.613333 0.021374 0.613333
3 0.19084 0.493333 0.024427 0.32
9 0.233588 0.373333 0.039695 0.613333
0 0.271756 0.493333 0.030534 0.32
24 0.29771 0.526667 0.015267 0.386667
0 0.327481 0.493333 0.038168 0.32
11 0.363359 0.5 0.027481 0.333333
5 0.40229 0.493333 0.029008 0.32
13 0.431298 0.493333 0.022901 0.32
19 0.470229 0.493333 0.048855 0.32
5 0.51374 0.493333 0.032061 0.32
5 0.566412 0.493333 0.051908 0.32
11 0.60687 0.493333 0.022901 0.32
12 0.641221 0.606667 0.024427 0.626667
11 0.665649 0.493333 0.018321 0.32
5 0.696183 0.493333 0.036641 0.32
9 0.733588 0.38 0.032061 0.626667
0 0.768702 0.493333 0.032061 0.32
5 0.807634 0.513333 0.039695 0.36
12 0.848855 0.606667 0.021374 0.626667
11 0.876336 0.493333 0.027481 0.32
9 0.925191 0.366667 0.048855 0.626667
1 0.970992 0.506667 0.036641 0.346667
