20 0.014981 0.493333 0.029963 0.32
9 0.060549 0.38 0.05618 0.626667
7 0.099251 0.506667 0.01623 0.346667
9 0.124844 0.393333 0.029963 0.653333
10 0.161673 0.493333 0.026217 0.32
1 0.191011 0.513333 0.027466 0.36
5 0.222222 0.493333 0.029963 0.32
9 0.261548 0.346667 0.031211 0.666667
1 0.291511 0.493333 0.02372 0.32
10 0.320849 0.493333 0.029963 0.32
24 0.344569 0.5 0.012484 0.333333
17 0.365169 0.5 0.02372 0.333333
5 0.398876 0.506667 0.026217 0.32
13 0.423845 0.493333 0.018727 0.32
0 0.44819 0.493333 0.024969 0.32
10 0.479401 0.493333 0.019975 0.32
3 0.503745 0.493333 0.02372 0.32
0 0.531211 0.493333 0.026217 0.32
10 0.564919 0.513333 0.02372 0.36
1 0.594257 0.493333 0.029963 0.32
0 0.62422 0.526667 0.024969 0.386667
9 0.654806 0.38 0.031211 0.626667
24 0.691011 0.493333 0.02372 0.32
24 0.71161 0.493333 0.012484 0.32
0 0.7397 0.493333 0.026217 0.32
13 0.762797 0.493333 0.014981 0.32
12 0.787765 0.606667 0.017478 0.626667
3 0.813983 0.5 0.029963 0.333333
20 0.850811 0.493333 0.026217 0.32
0 0.883271 0.493333 0.033708 0.32
3 0.913233 0.493333 0.021223 0.32
1 0.945693 0.5 0.038702 0.333333
9 0.979401 0.373333 0.02372 0.613333
