10 0.012431 0.493333 0.024862 0.32
1 0.046271 0.493333 0.037293 0.32
9 0.095304 0.353333 0.041436 0.653333
0 0.131215 0.493333 0.024862 0.32
25 0.160221 0.493333 0.027624 0.32
4 0.19337 0.493333 0.033149 0.32
24 0.219613 0.493333 0.013812 0.32
5 0.246547 0.493333 0.03453 0.32
20 0.285221 0.493333 0.023481 0.32
0 0.312845 0.513333 0.026243 0.36
24 0.335635 0.493333 0.013812 0.32
25 0.366713 0.493333 0.029006 0.32
19 0.401934 0.506667 0.035912 0.346667
24 0.430939 0.493333 0.016575 0.32
0 0.45511 0.493333 0.026243 0.32
24 0.485497 0.493333 0.015193 0.32
25 0.51105 0.493333 0.030387 0.32
9 0.544199 0.373333 0.030387 0.613333
1 0.574586 0.493333 0.024862 0.32
9 0.618785 0.36 0.044199 0.666667
1 0.654006 0.493333 0.020718 0.32
25 0.680939 0.493333 0.027624 0.32
6 0.708564 0.493333 0.022099 0.32
24 0.729282 0.493333 0.013812 0.32
17 0.750691 0.493333 0.023481 0.32
24 0.779006 0.493333 0.013812 0.32
2 0.800414 0.493333 0.023481 0.32
9 0.839088 0.373333 0.048343 0.64
24 0.873619 0.493333 0.015193 0.32
7 0.897099 0.5 0.026243 0.333333
10 0.928867 0.493333 0.017956 0.32
19 0.96547 0.493333 0.049724 0.32
