20 0.016026 0.493333 0.032051 0.32
24 0.046474 0.493333 0.022436 0.32
6 0.077724 0.493333 0.033654 0.32
24 0.108173 0.493333 0.020833 0.32
17 0.136218 0.493333 0.028846 0.32
9 0.182692 0.373333 0.041667 0.613333
24 0.213942 0.493333 0.014423 0.32
7 0.238782 0.493333 0.028846 0.32
24 0.262821 0.493333 0.012821 0.32
20 0.28766 0.5 0.030449 0.333333
0 0.322917 0.5 0.033654 0.333333
20 0.365385 0.493333 0.028846 0.32
0 0.398237 0.513333 0.030449 0.36
11 0.432692 0.493333 0.032051 0.32
21 0.467949 0.5 0.032051 0.333333
5 0.515224 0.493333 0.040064 0.32
11 0.551282 0.526667 0.025641 0.386667
19 0.59375 0.493333 0.052885 0.32
16 0.657853 0.606667 0.052885 0.626667
9 0.709135 0.38 0.043269 0.626667
6 0.749199 0.493333 0.030449 0.32
26 0.782853 0.493333 0.014423 0.32
0 0.80609 0.493333 0.025641 0.32
5 0.842949 0.493333 0.041667 0.32
7 0.879808 0.493333 0.025641 0.32
0 0.918269 0.513333 0.028846 0.36
24 0.944712 0.493333 0.017628 0.32
5 0.972756 0.493333 0.032051 0.32
