25 0.018898 0.506667 0.037795 0.346667
7 0.050394 0.493333 0.018898 0.32
25 0.094488 0.5 0.047244 0.333333
3 0.137795 0.493333 0.033071 0.32
6 0.175591 0.493333 0.03622 0.32
9 0.220472 0.32 0.047244 0.506667
19 0.271654 0.493333 0.045669 0.32
25 0.314961 0.493333 0.034646 0.32
9 0.362992 0.373333 0.03937 0.613333
1 0.412598 0.5 0.053543 0.333333
12 0.451969 0.613333 0.018898 0.613333
24 0.472441 0.493333 0.015748 0.32
5 0.500787 0.493333 0.034646 0.32
9 0.537795 0.38 0.033071 0.626667
9 0.585039 0.386667 0.03937 0.64
0 0.624409 0.513333 0.033071 0.36
0 0.671654 0.493333 0.03937 0.32
19 0.718898 0.493333 0.048819 0.32
11 0.759055 0.493333 0.025197 0.32
19 0.801575 0.513333 0.053543 0.36
12 0.851181 0.613333 0.023622 0.613333
1 0.889764 0.493333 0.047244 0.32
11 0.932283 0.493333 0.031496 0.32
9 0.970079 0.373333 0.037795 0.613333
