17 0.027859 0.493333 0.055718 0.32
11 0.085044 0.493333 0.046921 0.32
6 0.146628 0.493333 0.064516 0.32
9 0.240469 0.373333 0.082111 0.613333
0 0.315249 0.493333 0.055718 0.32
5 0.3739 0.506667 0.049853 0.346667
26 0.414956 0.52 0.020528 0.373333
6 0.457478 0.493333 0.052786 0.32
5 0.539589 0.526667 0.070381 0.386667
9 0.615836 0.373333 0.070381 0.613333
0 0.684751 0.526667 0.055718 0.386667
2 0.759531 0.52 0.052786 0.373333
24 0.803519 0.493333 0.02346 0.32
19 0.872434 0.493333 0.102639 0.32
20 0.954545 0.493333 0.049853 0.32
