20 0.02907 0.493333 0.05814 0.32
0 0.09593 0.493333 0.063953 0.32
24 0.149709 0.493333 0.031977 0.32
26 0.184593 0.493333 0.026163 0.32
5 0.24564 0.493333 0.084302 0.32
25 0.337209 0.493333 0.05814 0.32
7 0.398256 0.493333 0.052326 0.293333
5 0.484012 0.493333 0.072674 0.32
11 0.552326 0.493333 0.052326 0.32
6 0.610465 0.493333 0.052326 0.32
9 0.681686 0.373333 0.078488 0.613333
11 0.75436 0.493333 0.055233 0.32
5 0.821221 0.493333 0.06686 0.32
25 0.905523 0.493333 0.061047 0.32
7 0.960756 0.493333 0.037791 0.32
