17 0.018116 0.493333 0.036232 0.32
2 0.074275 0.533333 0.068841 0.4
1 0.136775 0.493333 0.048913 0.32
5 0.196558 0.493333 0.04529 0.32
9 0.242754 0.38 0.039855 0.626667
16 0.290761 0.613333 0.048913 0.613333
24 0.326993 0.52 0.016304 0.373333
6 0.352355 0.493333 0.027174 0.32
5 0.391304 0.493333 0.043478 0.32
17 0.444746 0.493333 0.038043 0.32
19 0.493659 0.5 0.052536 0.333333
0 0.541667 0.493333 0.036232 0.32
5 0.59058 0.493333 0.054348 0.32
24 0.631341 0.493333 0.019928 0.32
9 0.685688 0.373333 0.063406 0.64
1 0.75 0.493333 0.057971 0.32
24 0.800725 0.493333 0.018116 0.32
13 0.825181 0.526667 0.023551 0.386667
12 0.859601 0.606667 0.019928 0.626667
25 0.893116 0.493333 0.039855 0.32
17 0.933877 0.493333 0.03442 0.32
20 0.971014 0.513333 0.032609 0.36
