25 0.028455 0.493333 0.056911 0.32
7 0.084011 0.493333 0.04336 0.32
25 0.139566 0.493333 0.056911 0.32
13 0.195122 0.493333 0.04336 0.32
19 0.268293 0.493333 0.092141 0.32
5 0.352304 0.493333 0.065041 0.32
9 0.449864 0.373333 0.092141 0.64
0 0.5271 0.493333 0.051491 0.32
2 0.604336 0.493333 0.065041 0.32
24 0.657182 0.493333 0.02981 0.32
19 0.705962 0.493333 0.056911 0.32
0 0.775068 0.493333 0.070461 0.32
17 0.855014 0.493333 0.051491 0.32
14 0.909214 0.493333 0.04607 0.32
18 0.95935 0.493333 0.04336 0.32
