12 0.008508 0.606667 0.017016 0.626667
24 0.026178 0.493333 0.013089 0.32
24 0.04123 0.493333 0.01178 0.32
1 0.065445 0.493333 0.031414 0.32
5 0.096204 0.506667 0.024869 0.346667
12 0.126963 0.606667 0.018325 0.626667
11 0.147906 0.493333 0.018325 0.32
17 0.181937 0.513333 0.031414 0.36
19 0.22055 0.5 0.040576 0.333333
0 0.257853 0.52 0.028796 0.373333
10 0.290576 0.526667 0.031414 0.386667
0 0.325916 0.493333 0.034031 0.32
9 0.373037 0.386667 0.036649 0.586667
1 0.409686 0.513333 0.031414 0.36
16 0.450916 0.613333 0.045812 0.613333
25 0.490838 0.493333 0.028796 0.32
6 0.52356 0.493333 0.031414 0.32
17 0.554974 0.493333 0.026178 0.32
25 0.590314 0.493333 0.026178 0.32
19 0.622382 0.493333 0.032723 0.32
13 0.651178 0.493333 0.019634 0.32
0 0.680628 0.513333 0.034031 0.36
25 0.721204 0.526667 0.028796 0.386667
6 0.751963 0.493333 0.027487 0.32
0 0.780759 0.493333 0.024869 0.32
25 0.818063 0.493333 0.031414 0.32
3 0.848822 0.5 0.024869 0.333333
10 0.888089 0.493333 0.03534 0.32
9 0.924738 0.373333 0.032723 0.613333
24 0.950262 0.513333 0.013089 0.36
1 0.975131 0.526667 0.031414 0.386667
