10 0.014862 0.493333 0.029724 0.32
25 0.057325 0.493333 0.046709 0.32
11 0.100849 0.493333 0.031847 0.32
25 0.153928 0.493333 0.044586 0.32
13 0.196391 0.493333 0.031847 0.32
2 0.232484 0.493333 0.031847 0.32
10 0.279193 0.493333 0.031847 0.32
5 0.332272 0.493333 0.065817 0.32
0 0.386412 0.52 0.03397 0.373333
9 0.443737 0.373333 0.072187 0.64
24 0.507431 0.493333 0.025478 0.32
13 0.542463 0.493333 0.036093 0.32
21 0.587049 0.493333 0.044586 0.32
24 0.625265 0.5 0.023355 0.333333
19 0.674098 0.52 0.065817 0.373333
10 0.73673 0.493333 0.029724 0.32
1 0.784501 0.493333 0.057325 0.32
9 0.849257 0.373333 0.063694 0.613333
24 0.894904 0.493333 0.019108 0.32
7 0.921444 0.493333 0.025478 0.32
2 0.961783 0.52 0.046709 0.373333
