10 0.012456 0.493333 0.024911 0.32
5 0.048043 0.493333 0.039146 0.32
20 0.088078 0.493333 0.033808 0.32
0 0.137011 0.493333 0.05694 0.32
25 0.204626 0.5 0.053381 0.333333
13 0.248221 0.493333 0.02669 0.32
24 0.273132 0.493333 0.016014 0.32
3 0.303381 0.493333 0.037367 0.32
0 0.342527 0.493333 0.033808 0.32
5 0.393238 0.493333 0.042705 0.32
24 0.430605 0.493333 0.024911 0.32
1 0.467972 0.493333 0.042705 0.32
13 0.507117 0.493333 0.02847 0.32
19 0.561388 0.493333 0.05516 0.32
25 0.6121 0.493333 0.039146 0.32
0 0.650356 0.5 0.030249 0.333333
9 0.682384 0.373333 0.02669 0.613333
2 0.725089 0.493333 0.033808 0.32
21 0.773132 0.493333 0.05516 0.32
10 0.825623 0.493333 0.024911 0.32
24 0.858541 0.493333 0.033808 0.32
25 0.900356 0.506667 0.042705 0.346667
16 0.956406 0.606667 0.062278 0.626667
