9 0.016568 0.38 0.033136 0.626667
7 0.044379 0.493333 0.017751 0.32
0 0.067456 0.493333 0.023669 0.32
9 0.100592 0.386667 0.035503 0.56
0 0.140828 0.493333 0.028402 0.32
24 0.16568 0.493333 0.016568 0.32
9 0.202367 0.38 0.040237 0.626667
7 0.233728 0.493333 0.017751 0.32
2 0.25858 0.513333 0.027219 0.36
17 0.286982 0.493333 0.024852 0.32
1 0.318935 0.493333 0.03432 0.32
12 0.351479 0.606667 0.014201 0.626667
2 0.372781 0.493333 0.023669 0.32
10 0.4 0.493333 0.014201 0.32
5 0.426627 0.493333 0.03432 0.32
9 0.464497 0.38 0.036686 0.626667
9 0.495266 0.373333 0.020118 0.613333
0 0.518343 0.493333 0.021302 0.32
9 0.54497 0.366667 0.015385 0.626667
1 0.569231 0.493333 0.028402 0.32
5 0.59645 0.493333 0.021302 0.32
13 0.62071 0.493333 0.022485 0.32
19 0.652663 0.493333 0.036686 0.32
1 0.697041 0.493333 0.035503 0.32
24 0.723077 0.493333 0.011834 0.32
11 0.74142 0.493333 0.020118 0.32
19 0.771598 0.493333 0.035503 0.32
19 0.814201 0.493333 0.033136 0.32
3 0.84497 0.493333 0.023669 0.32
24 0.864497 0.493333 0.010651 0.32
16 0.891716 0.613333 0.039053 0.613333
5 0.931361 0.493333 0.023669 0.32
1 0.957396 0.493333 0.023669 0.32
2 0.981657 0.493333 0.020118 0.32
