17 0.020127 0.493333 0.040254 0.32
14 0.060381 0.493333 0.03178 0.32
6 0.102754 0.493333 0.044492 0.32
0 0.157839 0.493333 0.036017 0.32
2 0.202331 0.493333 0.044492 0.32
9 0.276483 0.38 0.074153 0.626667
1 0.34428 0.493333 0.052966 0.32
12 0.391949 0.606667 0.029661 0.626667
25 0.433263 0.493333 0.044492 0.32
0 0.485169 0.526667 0.050847 0.386667
24 0.525424 0.493333 0.021186 0.32
15 0.572034 0.613333 0.042373 0.613333
18 0.619703 0.506667 0.044492 0.346667
0 0.673729 0.513333 0.055085 0.36
19 0.743644 0.493333 0.055085 0.32
3 0.794492 0.5 0.038136 0.333333
16 0.853814 0.606667 0.072034 0.626667
11 0.914195 0.493333 0.040254 0.32
5 0.961864 0.493333 0.04661 0.32
