12 0.007812 0.613333 0.015625 0.613333
11 0.03125 0.493333 0.025568 0.32
24 0.053977 0.493333 0.014205 0.32
10 0.083097 0.493333 0.024148 0.32
5 0.112216 0.493333 0.028409 0.32
9 0.160511 0.373333 0.048295 0.64
1 0.204545 0.493333 0.034091 0.32
17 0.236506 0.526667 0.024148 0.386667
24 0.261364 0.493333 0.019886 0.32
0 0.288352 0.493333 0.028409 0.32
5 0.321023 0.493333 0.03125 0.32
6 0.362926 0.493333 0.03267 0.32
16 0.40767 0.62 0.051136 0.626667
9 0.453125 0.393333 0.034091 0.653333
20 0.492188 0.493333 0.024148 0.32
1 0.518466 0.493333 0.022727 0.32
5 0.549716 0.526667 0.034091 0.386667
20 0.59304 0.493333 0.03267 0.32
25 0.633523 0.493333 0.042614 0.32
2 0.671165 0.493333 0.026989 0.32
24 0.697443 0.493333 0.019886 0.32
19 0.737926 0.493333 0.041193 0.32
17 0.777699 0.52 0.03267 0.373333
24 0.803977 0.493333 0.014205 0.32
10 0.830966 0.493333 0.019886 0.32
1 0.861506 0.493333 0.035511 0.32
19 0.90767 0.493333 0.051136 0.32
11 0.946023 0.493333 0.019886 0.32
25 0.974432 0.526667 0.03125 0.386667
