17 0.0251 0.513333 0.050201 0.36
11 0.069277 0.493333 0.03012 0.32
0 0.109438 0.493333 0.042169 0.32
24 0.145582 0.493333 0.022088 0.32
6 0.188755 0.5 0.036145 0.333333
24 0.221888 0.493333 0.022088 0.32
17 0.262048 0.493333 0.050201 0.32
2 0.312249 0.493333 0.042169 0.32
24 0.358434 0.493333 0.022088 0.32
2 0.394578 0.493333 0.042169 0.32
25 0.441767 0.493333 0.044177 0.32
11 0.482932 0.493333 0.03012 0.32
1 0.526104 0.493333 0.048193 0.32
19 0.588353 0.493333 0.048193 0.32
25 0.640562 0.493333 0.048193 0.32
0 0.691767 0.513333 0.046185 0.36
10 0.743976 0.5 0.03012 0.333333
3 0.781124 0.493333 0.036145 0.32
0 0.825301 0.493333 0.044177 0.32
2 0.873494 0.52 0.044177 0.373333
10 0.917671 0.493333 0.036145 0.32
2 0.962851 0.493333 0.046185 0.32
