0 0.03267 0.493333 0.065341 0.32
9 0.096591 0.38 0.051136 0.626667
8 0.15483 0.606667 0.053977 0.626667
17 0.214489 0.493333 0.053977 0.32
3 0.272727 0.5 0.051136 0.333333
2 0.328125 0.493333 0.048295 0.32
24 0.389205 0.493333 0.034091 0.32
13 0.433239 0.493333 0.042614 0.32
24 0.471591 0.493333 0.022727 0.32
17 0.515625 0.493333 0.053977 0.32
12 0.586648 0.613333 0.048295 0.64
25 0.650568 0.506667 0.068182 0.346667
5 0.731534 0.493333 0.082386 0.32
5 0.805398 0.493333 0.053977 0.32
5 0.882102 0.493333 0.059659 0.32
2 0.948864 0.5 0.0625 0.333333
