17 0.021739 0.5 0.043478 0.333333
19 0.083696 0.493333 0.071739 0.32
0 0.141304 0.493333 0.034783 0.32
24 0.183696 0.493333 0.019565 0.32
9 0.226087 0.373333 0.056522 0.613333
16 0.288043 0.613333 0.058696 0.613333
3 0.342391 0.493333 0.041304 0.32
25 0.4 0.493333 0.043478 0.32
0 0.445652 0.5 0.03913 0.333333
2 0.48913 0.493333 0.03913 0.32
24 0.533696 0.493333 0.019565 0.32
5 0.569565 0.493333 0.043478 0.32
20 0.615217 0.493333 0.03913 0.32
25 0.661957 0.493333 0.045652 0.32
3 0.706522 0.486667 0.034783 0.333333
5 0.771739 0.5 0.065217 0.333333
17 0.827174 0.493333 0.036957 0.32
1 0.876087 0.493333 0.052174 0.32
13 0.922826 0.493333 0.032609 0.32
5 0.96413 0.493333 0.041304 0.32
