13 0.016505 0.493333 0.03301 0.32
3 0.056311 0.493333 0.038835 0.32
0 0.098058 0.52 0.036893 0.373333
24 0.138835 0.493333 0.036893 0.32
5 0.184466 0.493333 0.046602 0.32
24 0.219417 0.493333 0.015534 0.32
12 0.253398 0.606667 0.025243 0.626667
11 0.28835 0.493333 0.036893 0.32
1 0.346602 0.493333 0.052427 0.32
19 0.399029 0.493333 0.04466 0.32
20 0.44466 0.493333 0.038835 0.32
24 0.475728 0.493333 0.015534 0.32
9 0.518447 0.393333 0.042718 0.653333
0 0.566019 0.493333 0.04466 0.32
17 0.604854 0.506667 0.025243 0.346667
24 0.629126 0.493333 0.015534 0.32
3 0.657282 0.493333 0.03301 0.32
9 0.692233 0.373333 0.029126 0.613333
0 0.742718 0.493333 0.04466 0.32
24 0.782524 0.493333 0.027184 0.32
9 0.823301 0.38 0.046602 0.626667
24 0.857282 0.493333 0.013592 0.32
0 0.901942 0.513333 0.048544 0.36
9 0.958252 0.36 0.056311 0.64
