2 0.020833 0.493333 0.041667 0.32
9 0.0675 0.373333 0.045 0.613333
12 0.1025 0.606667 0.018333 0.626667
25 0.133333 0.493333 0.036667 0.32
0 0.17 0.493333 0.03 0.32
24 0.196667 0.513333 0.016667 0.36
20 0.231667 0.493333 0.03 0.32
0 0.27 0.493333 0.04 0.32
9 0.325833 0.386667 0.048333 0.64
0 0.373333 0.493333 0.04 0.32
24 0.405833 0.493333 0.018333 0.32
5 0.446667 0.493333 0.04 0.32
7 0.484167 0.493333 0.028333 0.32
12 0.52 0.613333 0.02 0.613333
11 0.546667 0.493333 0.026667 0.32
20 0.5825 0.493333 0.038333 0.32
0 0.619167 0.493333 0.028333 0.32
5 0.664167 0.493333 0.038333 0.32
11 0.698333 0.52 0.023333 0.373333
6 0.731667 0.493333 0.036667 0.32
9 0.779167 0.373333 0.051667 0.613333
11 0.826667 0.493333 0.036667 0.32
5 0.865833 0.493333 0.035 0.32
19 0.920833 0.493333 0.051667 0.32
19 0.969167 0.493333 0.038333 0.32
