12 0.014103 0.613333 0.028205 0.613333
11 0.053846 0.493333 0.041026 0.32
9 0.110256 0.38 0.061538 0.626667
1 0.169231 0.493333 0.046154 0.32
2 0.239744 0.493333 0.058974 0.32
24 0.289744 0.493333 0.030769 0.32
6 0.335897 0.493333 0.051282 0.32
17 0.401282 0.493333 0.069231 0.32
9 0.501282 0.373333 0.094872 0.613333
0 0.584615 0.493333 0.061538 0.32
5 0.648718 0.493333 0.05641 0.32
26 0.697436 0.493333 0.030769 0.32
5 0.747436 0.493333 0.058974 0.32
0 0.828205 0.493333 0.066667 0.32
9 0.89359 0.38 0.053846 0.626667
2 0.953846 0.52 0.05641 0.373333
