10 0.025813 0.493333 0.051625 0.32
4 0.082218 0.493333 0.053537 0.32
12 0.136711 0.613333 0.028681 0.613333
5 0.176864 0.493333 0.043977 0.32
24 0.220841 0.493333 0.036329 0.32
7 0.258126 0.493333 0.030593 0.32
5 0.300191 0.493333 0.045889 0.32
10 0.35086 0.493333 0.028681 0.32
3 0.387189 0.493333 0.036329 0.32
0 0.427342 0.493333 0.036329 0.32
19 0.476099 0.493333 0.053537 0.32
25 0.535373 0.5 0.057361 0.333333
0 0.586998 0.526667 0.038241 0.386667
0 0.650096 0.493333 0.061185 0.32
3 0.698853 0.493333 0.028681 0.32
25 0.73805 0.526667 0.042065 0.386667
3 0.778203 0.513333 0.030593 0.36
10 0.820268 0.493333 0.026769 0.32
1 0.856597 0.493333 0.038241 0.32
24 0.887189 0.493333 0.015296 0.32
0 0.919694 0.493333 0.042065 0.32
2 0.965583 0.506667 0.042065 0.346667
