12 0.015476 0.606667 0.030952 0.626667
1 0.065476 0.493333 0.059524 0.32
7 0.115476 0.493333 0.030952 0.32
24 0.142857 0.526667 0.014286 0.386667
20 0.195238 0.493333 0.057143 0.32
0 0.252381 0.493333 0.047619 0.32
25 0.304762 0.493333 0.047619 0.32
14 0.34881 0.493333 0.030952 0.32
7 0.384524 0.493333 0.030952 0.32
24 0.415476 0.493333 0.021429 0.32
25 0.469048 0.493333 0.052381 0.32
9 0.538095 0.38 0.07619 0.626667
1 0.617857 0.493333 0.07381 0.32
20 0.704762 0.506667 0.066667 0.346667
24 0.761905 0.493333 0.038095 0.32
0 0.813095 0.5 0.05 0.306667
11 0.861905 0.493333 0.038095 0.32
10 0.908333 0.506667 0.045238 0.346667
6 0.959524 0.493333 0.047619 0.32
