5 0.018569 0.493333 0.037139 0.32
13 0.049519 0.493333 0.019257 0.32
11 0.071527 0.493333 0.019257 0.32
17 0.105227 0.493333 0.028886 0.32
0 0.144429 0.493333 0.044017 0.32
25 0.189821 0.493333 0.041265 0.32
3 0.227648 0.493333 0.028886 0.32
0 0.268913 0.513333 0.034388 0.36
4 0.303989 0.513333 0.030261 0.36
17 0.334938 0.493333 0.026135 0.32
3 0.368638 0.493333 0.035763 0.32
3 0.40784 0.493333 0.023384 0.32
1 0.437414 0.526667 0.030261 0.386667
12 0.469051 0.606667 0.013755 0.626667
25 0.49381 0.493333 0.030261 0.32
3 0.528886 0.493333 0.034388 0.32
0 0.563274 0.493333 0.028886 0.32
2 0.596974 0.493333 0.033012 0.32
24 0.62586 0.493333 0.019257 0.32
25 0.65956 0.493333 0.028886 0.32
9 0.698762 0.366667 0.044017 0.626667
5 0.751719 0.493333 0.042641 0.32
13 0.786107 0.493333 0.020633 0.32
2 0.812242 0.493333 0.026135 0.32
5 0.851444 0.493333 0.033012 0.32
7 0.883081 0.493333 0.024759 0.32
0 0.914718 0.493333 0.033012 0.32
25 0.949106 0.493333 0.030261 0.32
7 0.97868 0.513333 0.023384 0.36
