20 0.009346 0.493333 0.018692 0.32
0 0.038718 0.493333 0.034713 0.32
9 0.088117 0.373333 0.045394 0.64
1 0.128838 0.493333 0.030708 0.32
3 0.163551 0.493333 0.033378 0.32
1 0.196929 0.493333 0.028037 0.32
5 0.235648 0.493333 0.030708 0.32
2 0.276368 0.493333 0.045394 0.32
5 0.319092 0.493333 0.034713 0.32
12 0.357143 0.613333 0.022697 0.64
24 0.377837 0.493333 0.013351 0.32
7 0.401202 0.493333 0.028037 0.32
9 0.435915 0.366667 0.036048 0.626667
1 0.46996 0.493333 0.026702 0.32
24 0.491989 0.493333 0.012016 0.32
9 0.524032 0.373333 0.033378 0.613333
0 0.561415 0.493333 0.036048 0.32
9 0.596796 0.373333 0.029372 0.613333
7 0.62283 0.493333 0.017356 0.32
2 0.648198 0.493333 0.028037 0.32
9 0.690254 0.38 0.037383 0.626667
20 0.730307 0.493333 0.024032 0.32
24 0.752336 0.493333 0.014686 0.32
2 0.776368 0.493333 0.028037 0.32
17 0.811081 0.493333 0.036048 0.32
5 0.851802 0.493333 0.026702 0.32
17 0.884513 0.493333 0.033378 0.32
24 0.910547 0.493333 0.013351 0.32
2 0.936582 0.493333 0.033378 0.32
4 0.973298 0.506667 0.034713 0.373333
