17 0.017886 0.493333 0.035772 0.32
14 0.052846 0.493333 0.027642 0.32
18 0.085366 0.493333 0.030894 0.32
11 0.11626 0.493333 0.02439 0.32
15 0.165854 0.606667 0.052033 0.626667
0 0.211382 0.493333 0.03252 0.32
17 0.252846 0.493333 0.027642 0.32
19 0.298374 0.493333 0.056911 0.32
0 0.343902 0.493333 0.027642 0.32
25 0.386992 0.493333 0.035772 0.32
6 0.42439 0.506667 0.03252 0.346667
24 0.452846 0.493333 0.017886 0.32
5 0.491057 0.5 0.035772 0.333333
19 0.545528 0.493333 0.066667 0.32
3 0.594309 0.5 0.02439 0.333333
24 0.617886 0.493333 0.01626 0.32
1 0.653659 0.493333 0.04878 0.32
6 0.708943 0.493333 0.039024 0.32
13 0.745528 0.493333 0.027642 0.32
5 0.786179 0.493333 0.030894 0.32
11 0.813821 0.493333 0.017886 0.32
9 0.855285 0.38 0.042276 0.626667
7 0.888618 0.493333 0.017886 0.32
9 0.92439 0.366667 0.030894 0.626667
0 0.965854 0.493333 0.045528 0.32
