20 0.013981 0.493333 0.027963 0.32
25 0.046605 0.493333 0.031957 0.32
14 0.075899 0.493333 0.021305 0.32
6 0.100533 0.493333 0.022636 0.32
5 0.135153 0.506667 0.027963 0.32
7 0.163782 0.506667 0.023968 0.346667
9 0.198402 0.373333 0.039947 0.613333
10 0.240346 0.493333 0.0253 0.32
24 0.262983 0.493333 0.014647 0.32
25 0.286951 0.493333 0.027963 0.32
9 0.325566 0.38 0.043941 0.626667
20 0.360852 0.52 0.021305 0.373333
0 0.384154 0.493333 0.019973 0.32
10 0.418109 0.5 0.029294 0.333333
25 0.448735 0.493333 0.026631 0.32
16 0.48735 0.613333 0.045273 0.64
5 0.524634 0.513333 0.023968 0.36
9 0.561917 0.373333 0.045273 0.64
9 0.617177 0.38 0.046605 0.626667
24 0.650466 0.493333 0.014647 0.32
7 0.668442 0.493333 0.015979 0.32
10 0.693742 0.493333 0.015979 0.32
3 0.71771 0.493333 0.026631 0.32
5 0.747004 0.493333 0.026631 0.32
25 0.782956 0.493333 0.039947 0.32
14 0.814248 0.493333 0.01731 0.32
24 0.840213 0.486667 0.015979 0.306667
0 0.86751 0.493333 0.030626 0.32
25 0.912117 0.5 0.039947 0.333333
13 0.945406 0.493333 0.021305 0.32
2 0.9747 0.493333 0.031957 0.32
