0 0.013612 0.493333 0.027223 0.32
24 0.041742 0.493333 0.021779 0.32
5 0.077132 0.493333 0.041742 0.32
10 0.124319 0.493333 0.027223 0.32
1 0.160617 0.493333 0.038113 0.32
25 0.219601 0.5 0.054446 0.333333
7 0.259528 0.5 0.018149 0.333333
9 0.31216 0.373333 0.061706 0.613333
0 0.362976 0.5 0.032668 0.333333
10 0.399274 0.493333 0.032668 0.32
2 0.441016 0.493333 0.043557 0.32
24 0.474592 0.493333 0.016334 0.32
0 0.512704 0.493333 0.034483 0.32
11 0.553539 0.493333 0.039927 0.32
25 0.604356 0.493333 0.054446 0.32
24 0.645191 0.493333 0.019964 0.32
5 0.677858 0.506667 0.038113 0.346667
20 0.735027 0.493333 0.050817 0.32
0 0.780399 0.52 0.032668 0.373333
12 0.820327 0.613333 0.021779 0.613333
24 0.844828 0.493333 0.019964 0.32
25 0.876588 0.493333 0.036298 0.32
25 0.927405 0.526667 0.039927 0.386667
2 0.969147 0.5 0.036298 0.333333
