2 0.016506 0.526667 0.033012 0.386667
9 0.05227 0.373333 0.033012 0.613333
20 0.097662 0.506667 0.038514 0.346667
25 0.136176 0.493333 0.033012 0.32
13 0.162999 0.493333 0.015131 0.32
19 0.196699 0.493333 0.046768 0.32
24 0.236589 0.493333 0.013755 0.32
0 0.258597 0.526667 0.024759 0.386667
10 0.291609 0.493333 0.022008 0.32
0 0.321871 0.493333 0.033012 0.32
12 0.359697 0.613333 0.023384 0.613333
2 0.388583 0.5 0.028886 0.333333
24 0.412655 0.526667 0.013755 0.386667
3 0.441541 0.493333 0.024759 0.32
24 0.464237 0.493333 0.015131 0.32
2 0.491059 0.493333 0.033012 0.32
7 0.523384 0.493333 0.026135 0.32
24 0.552957 0.493333 0.013755 0.32
1 0.577029 0.493333 0.028886 0.32
25 0.608666 0.493333 0.028886 0.32
2 0.64099 0.493333 0.030261 0.32
25 0.675378 0.52 0.033012 0.373333
25 0.722146 0.5 0.041265 0.333333
13 0.758597 0.493333 0.026135 0.32
0 0.790922 0.493333 0.033012 0.32
9 0.828748 0.38 0.037139 0.626667
24 0.856946 0.493333 0.013755 0.32
7 0.876891 0.493333 0.020633 0.32
12 0.906465 0.606667 0.019257 0.626667
9 0.939477 0.373333 0.041265 0.613333
0 0.976616 0.493333 0.02751 0.32
