0 0.015396 0.493333 0.030792 0.32
9 0.052786 0.373333 0.038123 0.613333
17 0.094575 0.493333 0.039589 0.32
19 0.140029 0.493333 0.045455 0.32
2 0.177419 0.506667 0.02346 0.346667
25 0.214809 0.493333 0.030792 0.32
19 0.255865 0.506667 0.045455 0.346667
17 0.296921 0.493333 0.030792 0.32
24 0.325513 0.493333 0.020528 0.32
19 0.357771 0.493333 0.038123 0.32
8 0.403959 0.586667 0.033724 0.666667
24 0.428152 0.526667 0.008798 0.386667
20 0.449413 0.493333 0.027859 0.32
2 0.480205 0.513333 0.027859 0.36
9 0.516129 0.366667 0.02346 0.626667
0 0.54912 0.493333 0.036657 0.32
12 0.579912 0.613333 0.019062 0.64
24 0.60044 0.493333 0.016129 0.32
1 0.63563 0.493333 0.048387 0.32
11 0.677419 0.493333 0.029326 0.32
3 0.717009 0.493333 0.029326 0.32
18 0.752199 0.493333 0.035191 0.32
6 0.78739 0.493333 0.029326 0.32
3 0.821114 0.493333 0.017595 0.32
25 0.848974 0.526667 0.032258 0.386667
2 0.881965 0.526667 0.027859 0.386667
9 0.926686 0.366667 0.041056 0.653333
24 0.957478 0.526667 0.014663 0.386667
7 0.978739 0.493333 0.021994 0.32
