9 0.026376 0.373333 0.052752 0.613333
0 0.079128 0.526667 0.043578 0.386667
20 0.134174 0.493333 0.034404 0.32
0 0.178899 0.493333 0.045872 0.32
25 0.230505 0.493333 0.048165 0.32
17 0.28211 0.493333 0.045872 0.32
6 0.336009 0.526667 0.052752 0.386667
0 0.392202 0.493333 0.050459 0.32
5 0.46445 0.493333 0.061927 0.32
19 0.527523 0.493333 0.055046 0.32
24 0.575688 0.493333 0.03211 0.32
1 0.62156 0.493333 0.050459 0.32
9 0.688073 0.373333 0.050459 0.613333
0 0.744266 0.493333 0.052752 0.32
9 0.797018 0.38 0.043578 0.626667
5 0.853211 0.493333 0.059633 0.32
16 0.93578 0.613333 0.09633 0.613333
