9 0.039863 0.373333 0.079727 0.613333
0 0.105923 0.526667 0.04328 0.386667
25 0.159453 0.493333 0.05467 0.32
7 0.209567 0.493333 0.036446 0.32
13 0.249431 0.52 0.034169 0.373333
0 0.298405 0.493333 0.05467 0.32
3 0.365604 0.493333 0.047836 0.32
11 0.41344 0.526667 0.038724 0.386667
24 0.447608 0.493333 0.020501 0.32
1 0.489749 0.493333 0.05467 0.32
9 0.568337 0.373333 0.070615 0.613333
7 0.625285 0.493333 0.034169 0.32
24 0.657175 0.493333 0.020501 0.32
25 0.697039 0.493333 0.050114 0.32
25 0.77221 0.493333 0.068337 0.32
24 0.826879 0.493333 0.031891 0.32
9 0.876993 0.373333 0.059226 0.613333
12 0.925968 0.62 0.029613 0.626667
11 0.964692 0.493333 0.038724 0.32
