5 0.02514 0.493333 0.050279 0.32
7 0.065177 0.493333 0.022346 0.32
25 0.108007 0.493333 0.037244 0.32
5 0.154562 0.493333 0.048417 0.32
17 0.202048 0.493333 0.039106 0.32
19 0.246741 0.493333 0.042831 0.32
1 0.292365 0.493333 0.040968 0.32
17 0.342644 0.493333 0.03352 0.32
6 0.379888 0.506667 0.03352 0.346667
0 0.417132 0.493333 0.03352 0.32
20 0.469274 0.493333 0.044693 0.32
0 0.513035 0.5 0.035382 0.333333
9 0.566108 0.38 0.044693 0.626667
2 0.608939 0.493333 0.03352 0.32
5 0.648045 0.5 0.037244 0.333333
24 0.688082 0.493333 0.01676 0.32
20 0.721601 0.506667 0.042831 0.346667
2 0.766294 0.493333 0.039106 0.32
5 0.808194 0.493333 0.037244 0.32
0 0.8473 0.493333 0.03352 0.32
0 0.896648 0.493333 0.039106 0.32
24 0.931099 0.493333 0.022346 0.32
9 0.96648 0.373333 0.040968 0.613333
