3 0.023702 0.493333 0.047404 0.32
1 0.085779 0.493333 0.06772 0.32
10 0.138826 0.493333 0.029345 0.32
3 0.181716 0.493333 0.047404 0.32
5 0.242664 0.493333 0.065463 0.32
24 0.301354 0.493333 0.020316 0.32
2 0.339729 0.52 0.047404 0.373333
9 0.406321 0.373333 0.054176 0.613333
0 0.459368 0.493333 0.042889 0.32
9 0.515801 0.38 0.060948 0.626667
24 0.562077 0.493333 0.022573 0.32
7 0.590293 0.493333 0.024831 0.32
24 0.61851 0.493333 0.022573 0.32
25 0.672686 0.493333 0.054176 0.32
13 0.725734 0.493333 0.042889 0.32
2 0.775395 0.526667 0.047404 0.386667
9 0.839729 0.353333 0.049661 0.68
0 0.892777 0.493333 0.047404 0.32
12 0.934537 0.613333 0.027088 0.613333
2 0.968397 0.493333 0.031603 0.32
