25 0.020833 0.506667 0.041667 0.346667
11 0.060764 0.493333 0.03125 0.32
9 0.104167 0.38 0.048611 0.573333
1 0.151042 0.493333 0.038194 0.32
9 0.199653 0.373333 0.052083 0.64
0 0.246528 0.526667 0.034722 0.386667
9 0.297743 0.366667 0.043403 0.626667
1 0.348958 0.526667 0.052083 0.386667
9 0.405382 0.38 0.053819 0.626667
7 0.449653 0.493333 0.027778 0.32
19 0.493924 0.5 0.053819 0.333333
17 0.545139 0.493333 0.024306 0.32
19 0.584201 0.5 0.046875 0.333333
25 0.62934 0.493333 0.036458 0.32
25 0.678819 0.493333 0.038194 0.32
5 0.725694 0.493333 0.048611 0.32
24 0.762153 0.526667 0.017361 0.386667
25 0.793403 0.493333 0.038194 0.32
7 0.831597 0.493333 0.03125 0.32
20 0.874132 0.493333 0.029514 0.32
9 0.91059 0.353333 0.036458 0.68
24 0.940972 0.493333 0.017361 0.32
0 0.970486 0.493333 0.034722 0.32
