25 0.014085 0.526667 0.028169 0.386667
14 0.042894 0.506667 0.024328 0.346667
11 0.070423 0.493333 0.025608 0.32
5 0.098592 0.493333 0.025608 0.32
2 0.126761 0.493333 0.025608 0.32
2 0.166453 0.493333 0.035851 0.32
21 0.198464 0.493333 0.023047 0.32
17 0.228553 0.513333 0.03201 0.36
19 0.266965 0.493333 0.039693 0.32
0 0.305378 0.5 0.03201 0.333333
20 0.34251 0.493333 0.024328 0.32
0 0.371959 0.493333 0.029449 0.32
5 0.409731 0.493333 0.028169 0.32
11 0.434699 0.493333 0.016645 0.32
3 0.458387 0.493333 0.025608 0.32
0 0.488476 0.493333 0.029449 0.32
9 0.53073 0.366667 0.037132 0.626667
0 0.565301 0.493333 0.026889 0.32
24 0.59411 0.493333 0.012804 0.32
9 0.617798 0.373333 0.029449 0.613333
24 0.642125 0.493333 0.014085 0.32
7 0.661332 0.493333 0.019206 0.32
9 0.691421 0.38 0.035851 0.626667
1 0.729834 0.493333 0.035851 0.32
12 0.766965 0.613333 0.020487 0.613333
24 0.791933 0.493333 0.024328 0.32
19 0.830346 0.493333 0.047375 0.32
9 0.87452 0.373333 0.035851 0.613333
0 0.914853 0.493333 0.026889 0.32
24 0.939821 0.493333 0.017926 0.32
5 0.971191 0.493333 0.039693 0.32
