19 0.033079 0.493333 0.066158 0.32
14 0.094148 0.493333 0.045802 0.32
13 0.142494 0.493333 0.040712 0.32
9 0.208651 0.373333 0.05598 0.613333
0 0.264631 0.493333 0.045802 0.32
9 0.352417 0.38 0.094148 0.626667
1 0.442748 0.493333 0.076336 0.32
25 0.525445 0.493333 0.053435 0.32
9 0.577608 0.373333 0.040712 0.613333
17 0.628499 0.493333 0.050891 0.32
19 0.693384 0.5 0.068702 0.333333
0 0.753181 0.493333 0.040712 0.32
10 0.811705 0.506667 0.040712 0.346667
7 0.85369 0.493333 0.033079 0.32
11 0.899491 0.493333 0.048346 0.32
1 0.954198 0.493333 0.050891 0.32
