25 0.017442 0.493333 0.034884 0.32
9 0.053987 0.38 0.031561 0.626667
9 0.107143 0.373333 0.051495 0.613333
1 0.150332 0.526667 0.028239 0.386667
3 0.19103 0.493333 0.0299 0.32
1 0.222591 0.493333 0.026578 0.32
5 0.26412 0.5 0.033223 0.333333
7 0.295681 0.506667 0.023256 0.346667
11 0.32392 0.493333 0.026578 0.32
1 0.362957 0.513333 0.04485 0.36
24 0.406146 0.493333 0.018272 0.32
9 0.445183 0.386667 0.046512 0.586667
25 0.491694 0.493333 0.039867 0.32
7 0.528239 0.493333 0.026578 0.32
20 0.563953 0.513333 0.021595 0.36
0 0.595515 0.493333 0.034884 0.32
0 0.642027 0.493333 0.034884 0.32
9 0.684385 0.38 0.043189 0.626667
14 0.724252 0.493333 0.0299 0.32
8 0.766611 0.606667 0.031561 0.626667
24 0.797342 0.493333 0.023256 0.32
9 0.839701 0.373333 0.038206 0.613333
0 0.875415 0.493333 0.026578 0.32
20 0.921927 0.493333 0.043189 0.32
17 0.967608 0.513333 0.041528 0.36
