25 0.035211 0.5 0.070423 0.333333
13 0.09507 0.493333 0.039906 0.32
26 0.129108 0.493333 0.018779 0.32
24 0.156103 0.493333 0.025822 0.32
0 0.193662 0.493333 0.039906 0.32
5 0.253521 0.506667 0.046948 0.346667
7 0.295775 0.493333 0.028169 0.32
25 0.340376 0.493333 0.051643 0.32
17 0.392019 0.493333 0.042254 0.32
1 0.442488 0.493333 0.049296 0.32
19 0.505869 0.493333 0.068075 0.32
5 0.596244 0.493333 0.079812 0.32
2 0.670188 0.493333 0.058685 0.32
5 0.739437 0.493333 0.070423 0.32
1 0.809859 0.493333 0.061033 0.32
2 0.874413 0.526667 0.058685 0.386667
19 0.946009 0.493333 0.075117 0.32
