9 0.015957 0.373333 0.031915 0.613333
24 0.050532 0.493333 0.026596 0.32
7 0.089096 0.493333 0.039894 0.32
3 0.148936 0.493333 0.042553 0.32
1 0.212766 0.493333 0.074468 0.32
9 0.308511 0.36 0.079787 0.64
0 0.384309 0.493333 0.06117 0.32
19 0.474734 0.493333 0.082447 0.32
19 0.5625 0.493333 0.082447 0.32
1 0.630319 0.506667 0.042553 0.346667
11 0.680851 0.513333 0.047872 0.36
19 0.746011 0.493333 0.071809 0.32
24 0.800532 0.493333 0.026596 0.32
9 0.867021 0.373333 0.069149 0.613333
24 0.920213 0.526667 0.026596 0.386667
7 0.960106 0.493333 0.042553 0.32
