2 0.011921 0.493333 0.023843 0.32
17 0.039972 0.493333 0.026648 0.32
6 0.070827 0.513333 0.029453 0.36
7 0.098878 0.493333 0.021038 0.32
9 0.14446 0.366667 0.050491 0.626667
0 0.185133 0.493333 0.025245 0.32
0 0.213885 0.526667 0.026648 0.386667
9 0.243338 0.38 0.026648 0.626667
25 0.28331 0.493333 0.033661 0.32
17 0.314867 0.526667 0.023843 0.386667
19 0.347125 0.493333 0.035063 0.32
1 0.391304 0.526667 0.033661 0.386667
17 0.424264 0.5 0.026648 0.333333
20 0.458626 0.493333 0.02244 0.32
11 0.485273 0.493333 0.025245 0.32
0 0.514025 0.493333 0.026648 0.32
9 0.552595 0.38 0.030856 0.626667
24 0.57784 0.513333 0.014025 0.36
7 0.599579 0.493333 0.023843 0.32
9 0.63324 0.373333 0.023843 0.613333
24 0.656381 0.486667 0.01683 0.306667
7 0.678822 0.5 0.019635 0.333333
1 0.710379 0.526667 0.023843 0.386667
19 0.742637 0.493333 0.035063 0.32
17 0.772791 0.493333 0.019635 0.32
20 0.807153 0.493333 0.029453 0.32
0 0.838008 0.493333 0.026648 0.32
24 0.868864 0.493333 0.015428 0.32
7 0.889201 0.493333 0.019635 0.32
9 0.922861 0.373333 0.042076 0.64
25 0.963534 0.506667 0.033661 0.346667
24 0.986676 0.493333 0.007013 0.32
