9 0.031579 0.353333 0.063158 0.653333
0 0.091579 0.493333 0.048421 0.32
17 0.152632 0.493333 0.044211 0.32
19 0.207368 0.5 0.056842 0.333333
0 0.26 0.493333 0.04 0.32
24 0.305263 0.493333 0.021053 0.32
0 0.344211 0.493333 0.048421 0.32
9 0.397895 0.373333 0.050526 0.613333
7 0.441053 0.493333 0.027368 0.32
9 0.496842 0.38 0.054737 0.626667
1 0.558947 0.5 0.061053 0.333333
20 0.626316 0.493333 0.044211 0.32
0 0.671579 0.493333 0.037895 0.32
25 0.736842 0.493333 0.063158 0.32
7 0.787368 0.493333 0.029474 0.32
5 0.842105 0.493333 0.050526 0.32
7 0.896842 0.526667 0.050526 0.386667
9 0.955789 0.373333 0.058947 0.613333
