12 0.014599 0.613333 0.029197 0.613333
14 0.054745 0.493333 0.041363 0.32
4 0.110706 0.493333 0.060827 0.32
9 0.173966 0.373333 0.055961 0.613333
14 0.226277 0.5 0.038929 0.333333
10 0.287105 0.493333 0.048662 0.32
19 0.356448 0.493333 0.080292 0.32
0 0.439173 0.493333 0.051095 0.32
13 0.490268 0.5 0.041363 0.333333
9 0.547445 0.386667 0.06326 0.64
25 0.613139 0.493333 0.058394 0.32
0 0.681265 0.493333 0.068127 0.32
9 0.761557 0.373333 0.082725 0.64
17 0.840633 0.493333 0.041363 0.32
19 0.896594 0.493333 0.060827 0.32
0 0.957421 0.493333 0.051095 0.32
