10 0.01559 0.493333 0.03118 0.32
25 0.05902 0.493333 0.046771 0.32
11 0.112472 0.493333 0.051225 0.32
1 0.179287 0.493333 0.073497 0.32
9 0.256125 0.373333 0.048998 0.613333
0 0.312918 0.493333 0.055679 0.32
0 0.375278 0.493333 0.037862 0.32
2 0.417595 0.493333 0.037862 0.32
17 0.459911 0.526667 0.037862 0.386667
19 0.51559 0.493333 0.064588 0.32
0 0.579065 0.493333 0.053452 0.32
10 0.639198 0.493333 0.035635 0.32
0 0.687082 0.52 0.051225 0.373333
25 0.752784 0.493333 0.048998 0.32
13 0.797327 0.493333 0.03118 0.32
2 0.836303 0.493333 0.037862 0.32
25 0.895323 0.493333 0.048998 0.32
9 0.954343 0.4 0.060134 0.666667
