9 0.022604 0.373333 0.045208 0.613333
1 0.075949 0.526667 0.05425 0.386667
24 0.116637 0.493333 0.019892 0.32
3 0.159132 0.513333 0.039783 0.36
1 0.203436 0.493333 0.041591 0.32
17 0.244123 0.493333 0.03255 0.32
14 0.277577 0.486667 0.027125 0.333333
18 0.316456 0.52 0.0434 0.373333
2 0.363472 0.493333 0.0434 0.32
17 0.415913 0.493333 0.036166 0.32
19 0.465642 0.493333 0.056058 0.32
0 0.512658 0.493333 0.030741 0.32
5 0.571429 0.493333 0.061483 0.32
26 0.612116 0.493333 0.012658 0.32
5 0.643761 0.513333 0.0434 0.36
9 0.702532 0.38 0.066908 0.626667
24 0.749548 0.493333 0.019892 0.32
3 0.785714 0.493333 0.027125 0.32
2 0.823689 0.493333 0.041591 0.32
9 0.884268 0.36 0.05425 0.64
11 0.929476 0.493333 0.028933 0.32
1 0.96745 0.493333 0.039783 0.32
