10 0.012 0.5 0.024 0.333333
25 0.04 0.493333 0.026667 0.32
9 0.074667 0.373333 0.037333 0.613333
19 0.116667 0.493333 0.041333 0.32
24 0.149333 0.493333 0.018667 0.32
7 0.172667 0.513333 0.022667 0.36
5 0.206667 0.493333 0.026667 0.32
7 0.232667 0.52 0.02 0.373333
25 0.259333 0.493333 0.028 0.32
13 0.284667 0.493333 0.017333 0.32
2 0.31 0.493333 0.028 0.32
25 0.349333 0.493333 0.032 0.32
20 0.383333 0.493333 0.030667 0.32
13 0.412667 0.493333 0.022667 0.32
19 0.444 0.493333 0.034667 0.32
0 0.484 0.493333 0.026667 0.32
25 0.52 0.493333 0.04 0.32
4 0.564 0.52 0.042667 0.373333
19 0.606 0.5 0.036 0.333333
0 0.646 0.526667 0.025333 0.386667
9 0.674667 0.373333 0.026667 0.613333
10 0.71 0.513333 0.025333 0.36
19 0.741333 0.493333 0.032 0.32
11 0.772 0.493333 0.024 0.32
24 0.794 0.493333 0.014667 0.32
25 0.826667 0.52 0.032 0.373333
17 0.856667 0.526667 0.022667 0.386667
19 0.888 0.493333 0.034667 0.32
9 0.933333 0.373333 0.037333 0.613333
0 0.972667 0.526667 0.036 0.386667
