24 0.005736 0.526667 0.011472 0.386667
9 0.041109 0.38 0.051625 0.626667
10 0.09369 0.493333 0.045889 0.32
0 0.134799 0.493333 0.028681 0.32
10 0.178776 0.493333 0.032505 0.32
25 0.227533 0.493333 0.057361 0.32
14 0.278203 0.506667 0.036329 0.346667
0 0.318356 0.493333 0.036329 0.32
17 0.367113 0.493333 0.034417 0.32
19 0.419694 0.493333 0.063098 0.32
0 0.474187 0.493333 0.038241 0.32
25 0.525813 0.493333 0.057361 0.32
14 0.573614 0.493333 0.030593 0.32
5 0.624283 0.493333 0.043977 0.32
7 0.667304 0.506667 0.034417 0.346667
26 0.694073 0.52 0.011472 0.373333
24 0.713193 0.493333 0.01912 0.32
1 0.74283 0.526667 0.032505 0.386667
20 0.797323 0.493333 0.049713 0.32
0 0.843212 0.506667 0.034417 0.346667
5 0.891969 0.513333 0.036329 0.36
2 0.950287 0.493333 0.072658 0.32
