6 0.012469 0.493333 0.024938 0.32
16 0.044888 0.613333 0.034913 0.613333
9 0.088529 0.373333 0.034913 0.613333
1 0.125935 0.493333 0.034913 0.32
12 0.15586 0.586667 0.01995 0.666667
24 0.17581 0.493333 0.014963 0.32
5 0.201372 0.493333 0.031172 0.32
19 0.241895 0.493333 0.032419 0.32
3 0.270574 0.513333 0.01995 0.36
24 0.28803 0.493333 0.009975 0.32
16 0.316085 0.613333 0.041147 0.613333
2 0.352244 0.493333 0.026185 0.32
9 0.390274 0.36 0.032419 0.666667
1 0.421446 0.493333 0.024938 0.32
0 0.458229 0.493333 0.031172 0.32
13 0.485661 0.493333 0.018703 0.32
3 0.510599 0.493333 0.026185 0.32
7 0.537406 0.493333 0.022444 0.32
0 0.564838 0.493333 0.027431 0.32
9 0.592893 0.38 0.023691 0.626667
20 0.628429 0.493333 0.029925 0.32
9 0.661471 0.346667 0.031172 0.666667
6 0.69389 0.526667 0.028678 0.386667
13 0.720698 0.493333 0.01995 0.32
8 0.75187 0.606667 0.037406 0.626667
9 0.791771 0.373333 0.037406 0.613333
24 0.824813 0.493333 0.011222 0.32
24 0.839776 0.493333 0.013716 0.32
9 0.870948 0.373333 0.043641 0.613333
0 0.908978 0.52 0.027431 0.373333
9 0.944514 0.373333 0.038653 0.613333
0 0.978803 0.493333 0.024938 0.32
