17 0.020343 0.493333 0.040685 0.32
19 0.094218 0.493333 0.098501 0.32
0 0.169165 0.52 0.042827 0.373333
17 0.213062 0.493333 0.036403 0.32
16 0.264454 0.606667 0.057816 0.626667
25 0.32334 0.506667 0.051392 0.346667
25 0.385439 0.493333 0.042827 0.32
11 0.430407 0.493333 0.038544 0.32
24 0.464668 0.493333 0.021413 0.32
5 0.512848 0.513333 0.044968 0.36
7 0.556745 0.52 0.034261 0.373333
20 0.608137 0.493333 0.038544 0.32
1 0.657388 0.493333 0.051392 0.32
3 0.713062 0.493333 0.051392 0.32
9 0.771949 0.38 0.057816 0.626667
12 0.834047 0.613333 0.036403 0.613333
11 0.872591 0.493333 0.03212 0.32
9 0.907923 0.373333 0.029979 0.613333
0 0.944325 0.493333 0.034261 0.32
24 0.975375 0.493333 0.019272 0.32
