25 0.019386 0.52 0.038772 0.373333
3 0.054927 0.513333 0.025848 0.36
20 0.096931 0.486667 0.03231 0.306667
1 0.130856 0.493333 0.029079 0.32
2 0.16559 0.513333 0.033926 0.36
17 0.20517 0.493333 0.038772 0.32
0 0.247981 0.513333 0.040388 0.36
5 0.298869 0.493333 0.038772 0.32
20 0.337641 0.493333 0.03231 0.32
0 0.376414 0.493333 0.038772 0.32
24 0.414378 0.493333 0.01454 0.32
2 0.446688 0.493333 0.043619 0.32
8 0.487076 0.606667 0.030695 0.626667
24 0.518578 0.493333 0.025848 0.32
20 0.551696 0.486667 0.033926 0.333333
9 0.589661 0.373333 0.035541 0.613333
15 0.644588 0.606667 0.051696 0.626667
9 0.701131 0.38 0.054927 0.626667
0 0.746365 0.493333 0.029079 0.32
10 0.77706 0.5 0.025848 0.333333
5 0.808562 0.493333 0.030695 0.32
5 0.853796 0.493333 0.037157 0.32
24 0.882876 0.493333 0.01454 0.32
24 0.901454 0.493333 0.016155 0.32
2 0.929725 0.493333 0.033926 0.32
0 0.969305 0.5 0.038772 0.333333
