20 0.023499 0.493333 0.046997 0.32
0 0.083551 0.5 0.062663 0.333333
17 0.151436 0.513333 0.062663 0.36
19 0.219321 0.493333 0.062663 0.32
0 0.279373 0.493333 0.046997 0.32
7 0.335509 0.493333 0.05483 0.32
10 0.403394 0.493333 0.044386 0.32
20 0.456919 0.493333 0.052219 0.32
24 0.513055 0.493333 0.049608 0.32
25 0.574413 0.52 0.062663 0.373333
5 0.637076 0.513333 0.052219 0.36
25 0.710183 0.526667 0.057441 0.386667
14 0.765013 0.493333 0.041775 0.32
9 0.808094 0.366667 0.033943 0.626667
0 0.855091 0.513333 0.049608 0.36
12 0.913838 0.613333 0.031332 0.613333
11 0.958225 0.493333 0.046997 0.32
