17 0.011662 0.493333 0.023324 0.32
19 0.047376 0.493333 0.042274 0.32
0 0.086006 0.493333 0.029155 0.32
24 0.110058 0.493333 0.01312 0.32
0 0.132653 0.493333 0.026239 0.32
0 0.170554 0.493333 0.029155 0.32
9 0.206997 0.38 0.037901 0.626667
24 0.234694 0.493333 0.011662 0.32
2 0.255831 0.493333 0.024781 0.32
9 0.296647 0.373333 0.036443 0.613333
7 0.328717 0.493333 0.021866 0.32
17 0.364431 0.493333 0.029155 0.32
14 0.393586 0.493333 0.023324 0.32
7 0.425656 0.493333 0.034985 0.32
24 0.452624 0.493333 0.01312 0.32
24 0.478134 0.493333 0.017493 0.32
0 0.503644 0.493333 0.027697 0.32
9 0.547376 0.38 0.053936 0.626667
9 0.60277 0.346667 0.036443 0.666667
0 0.640671 0.493333 0.033528 0.32
24 0.668367 0.493333 0.016035 0.32
5 0.702624 0.493333 0.03207 0.32
13 0.733965 0.493333 0.024781 0.32
19 0.770408 0.493333 0.042274 0.32
17 0.817784 0.493333 0.03207 0.32
14 0.849854 0.513333 0.026239 0.36
1 0.882653 0.493333 0.033528 0.32
9 0.927114 0.373333 0.034985 0.613333
1 0.968659 0.493333 0.042274 0.32
