25 0.028916 0.506667 0.057831 0.346667
9 0.090361 0.373333 0.055422 0.613333
7 0.140964 0.493333 0.036145 0.32
12 0.193976 0.613333 0.036145 0.613333
11 0.233735 0.513333 0.033735 0.36
0 0.280723 0.493333 0.050602 0.32
24 0.327711 0.493333 0.033735 0.32
5 0.380723 0.513333 0.062651 0.36
9 0.448193 0.36 0.062651 0.666667
10 0.520482 0.493333 0.048193 0.32
1 0.571084 0.493333 0.043373 0.32
9 0.638554 0.38 0.057831 0.626667
7 0.695181 0.493333 0.045783 0.32
2 0.756627 0.493333 0.06747 0.32
24 0.808434 0.493333 0.026506 0.32
9 0.86747 0.373333 0.057831 0.613333
26 0.910843 0.493333 0.019277 0.32
0 0.954217 0.5 0.057831 0.333333
