2 0.015491 0.493333 0.030981 0.32
24 0.04389 0.493333 0.018933 0.32
19 0.086919 0.493333 0.060241 0.32
25 0.139415 0.526667 0.037866 0.386667
24 0.170396 0.493333 0.017212 0.32
20 0.207401 0.493333 0.032702 0.32
6 0.24957 0.493333 0.04475 0.32
0 0.296041 0.493333 0.041308 0.32
12 0.330465 0.613333 0.020654 0.613333
11 0.358864 0.526667 0.02926 0.386667
24 0.39759 0.493333 0.024096 0.32
0 0.427711 0.493333 0.02926 0.32
9 0.468158 0.393333 0.04475 0.653333
0 0.507745 0.493333 0.027539 0.32
26 0.539587 0.493333 0.012048 0.32
0 0.569707 0.52 0.041308 0.373333
9 0.616179 0.386667 0.04475 0.64
24 0.649742 0.493333 0.015491 0.32
7 0.678141 0.493333 0.034423 0.32
5 0.716867 0.506667 0.036145 0.32
5 0.770224 0.493333 0.046472 0.32
7 0.807229 0.493333 0.020654 0.32
9 0.836489 0.38 0.030981 0.626667
24 0.862306 0.493333 0.013769 0.32
7 0.887263 0.493333 0.02926 0.32
25 0.934596 0.493333 0.041308 0.32
3 0.973322 0.493333 0.02926 0.32
