9 0.029637 0.38 0.059273 0.626667
24 0.078394 0.493333 0.030593 0.32
25 0.135755 0.5 0.057361 0.333333
11 0.184512 0.506667 0.032505 0.346667
25 0.224665 0.493333 0.040153 0.32
3 0.272467 0.493333 0.047801 0.32
5 0.330784 0.52 0.042065 0.373333
2 0.378585 0.493333 0.045889 0.32
24 0.416826 0.493333 0.022945 0.32
4 0.462715 0.493333 0.061185 0.32
17 0.523901 0.493333 0.034417 0.32
19 0.57457 0.493333 0.059273 0.32
0 0.628107 0.506667 0.040153 0.346667
9 0.676864 0.366667 0.030593 0.626667
7 0.706501 0.493333 0.021033 0.32
19 0.750478 0.493333 0.059273 0.32
25 0.804971 0.493333 0.042065 0.32
0 0.853728 0.493333 0.047801 0.32
0 0.913958 0.493333 0.045889 0.32
5 0.963671 0.493333 0.045889 0.32
