5 0.021589 0.506667 0.043178 0.346667
19 0.075993 0.513333 0.058722 0.36
14 0.123489 0.493333 0.029361 0.32
13 0.15285 0.493333 0.022453 0.32
10 0.184801 0.493333 0.034542 0.32
24 0.219344 0.493333 0.027634 0.32
25 0.264249 0.493333 0.037997 0.32
9 0.30829 0.366667 0.043178 0.626667
12 0.353195 0.593333 0.022453 0.653333
11 0.388601 0.493333 0.041451 0.32
17 0.428325 0.493333 0.031088 0.32
19 0.472366 0.493333 0.050086 0.32
0 0.517271 0.526667 0.032815 0.386667
7 0.550086 0.493333 0.025907 0.32
9 0.586356 0.366667 0.022453 0.626667
0 0.621762 0.493333 0.041451 0.32
25 0.675302 0.493333 0.041451 0.32
7 0.711572 0.493333 0.02418 0.32
24 0.743523 0.493333 0.015544 0.32
13 0.765976 0.493333 0.022453 0.32
9 0.799655 0.373333 0.037997 0.613333
24 0.841105 0.486667 0.020725 0.306667
5 0.882556 0.493333 0.051813 0.32
1 0.930052 0.493333 0.036269 0.32
17 0.969775 0.493333 0.036269 0.32
