9 0.023684 0.373333 0.047368 0.613333
24 0.058772 0.493333 0.015789 0.32
7 0.082456 0.493333 0.024561 0.32
9 0.12807 0.36 0.042105 0.64
0 0.170175 0.493333 0.035088 0.32
10 0.210526 0.493333 0.021053 0.32
24 0.237719 0.493333 0.026316 0.32
16 0.280702 0.613333 0.052632 0.613333
25 0.331579 0.506667 0.042105 0.346667
0 0.381579 0.493333 0.033333 0.32
24 0.408772 0.493333 0.014035 0.32
9 0.442105 0.38 0.045614 0.626667
25 0.498246 0.493333 0.042105 0.32
3 0.54386 0.493333 0.042105 0.32
2 0.603509 0.513333 0.052632 0.36
24 0.642982 0.493333 0.019298 0.32
20 0.668421 0.52 0.024561 0.373333
7 0.698246 0.493333 0.02807 0.32
24 0.722807 0.506667 0.014035 0.346667
9 0.764912 0.386667 0.045614 0.64
7 0.801754 0.493333 0.021053 0.32
16 0.84386 0.613333 0.05614 0.613333
3 0.889474 0.513333 0.02807 0.36
5 0.935965 0.493333 0.040351 0.32
9 0.973684 0.38 0.02807 0.626667
