10 0.015098 0.493333 0.030195 0.32
24 0.040853 0.493333 0.01421 0.32
25 0.071048 0.493333 0.039076 0.32
9 0.115453 0.36 0.042629 0.64
9 0.162522 0.386667 0.044405 0.64
1 0.212256 0.493333 0.047957 0.32
25 0.269982 0.52 0.042629 0.373333
14 0.309947 0.506667 0.030195 0.346667
25 0.364121 0.5 0.053286 0.333333
7 0.409414 0.493333 0.030195 0.32
12 0.44849 0.606667 0.023091 0.626667
11 0.48135 0.493333 0.035524 0.32
10 0.523979 0.526667 0.042629 0.386667
0 0.57016 0.493333 0.042629 0.32
25 0.62167 0.5 0.053286 0.333333
7 0.666963 0.493333 0.030195 0.32
9 0.715808 0.38 0.042629 0.626667
0 0.763766 0.52 0.046181 0.373333
9 0.823268 0.346667 0.047957 0.666667
24 0.85968 0.493333 0.017762 0.32
7 0.885435 0.493333 0.026643 0.32
25 0.92984 0.493333 0.0373 0.32
5 0.969805 0.493333 0.035524 0.32
