24 0.01227 0.493333 0.02454 0.32
18 0.069018 0.5 0.076687 0.333333
2 0.145706 0.493333 0.064417 0.32
7 0.20092 0.493333 0.033742 0.32
25 0.257669 0.526667 0.067485 0.386667
24 0.314417 0.493333 0.033742 0.32
10 0.389571 0.493333 0.07362 0.32
5 0.461656 0.493333 0.058282 0.32
10 0.523006 0.52 0.052147 0.373333
3 0.578221 0.5 0.046012 0.333333
0 0.657975 0.493333 0.070552 0.32
9 0.753067 0.38 0.107362 0.626667
10 0.837423 0.493333 0.04908 0.32
7 0.892638 0.493333 0.04908 0.32
9 0.95092 0.373333 0.055215 0.64
