20 0.010165 0.493333 0.02033 0.32
0 0.035578 0.5 0.025413 0.333333
20 0.064803 0.506667 0.027954 0.346667
0 0.094028 0.493333 0.025413 0.32
10 0.125794 0.493333 0.02033 0.32
2 0.153748 0.493333 0.030496 0.32
10 0.193139 0.526667 0.030496 0.386667
1 0.222363 0.493333 0.022872 0.32
17 0.251588 0.493333 0.030496 0.32
16 0.289072 0.613333 0.03939 0.613333
25 0.326557 0.493333 0.030496 0.32
25 0.364676 0.493333 0.027954 0.32
13 0.388818 0.493333 0.015248 0.32
14 0.408513 0.493333 0.01906 0.32
9 0.434562 0.373333 0.027954 0.613333
24 0.466963 0.493333 0.01906 0.32
1 0.492376 0.493333 0.026684 0.32
25 0.523507 0.493333 0.030496 0.32
17 0.559085 0.493333 0.035578 0.32
25 0.594663 0.52 0.030496 0.373333
25 0.632147 0.493333 0.026684 0.32
9 0.660737 0.373333 0.025413 0.613333
1 0.695044 0.52 0.038119 0.373333
6 0.731258 0.513333 0.029225 0.36
17 0.758577 0.493333 0.02033 0.32
20 0.789072 0.493333 0.035578 0.32
3 0.827827 0.506667 0.024142 0.346667
1 0.858323 0.493333 0.031766 0.32
8 0.899619 0.613333 0.033037 0.586667
24 0.926302 0.493333 0.015248 0.32
20 0.948539 0.493333 0.024142 0.32
2 0.977128 0.493333 0.027954 0.32
