5 0.031026 0.493333 0.062053 0.32
3 0.082339 0.493333 0.031026 0.32
1 0.131265 0.493333 0.057279 0.32
10 0.189737 0.513333 0.050119 0.36
5 0.245823 0.493333 0.052506 0.32
11 0.298329 0.493333 0.042959 0.32
5 0.371122 0.493333 0.069212 0.32
11 0.429594 0.493333 0.038186 0.32
5 0.4821 0.493333 0.057279 0.32
25 0.551313 0.493333 0.071599 0.32
9 0.621718 0.346667 0.059666 0.666667
1 0.687351 0.493333 0.062053 0.32
5 0.75895 0.493333 0.047733 0.32
2 0.810263 0.493333 0.045346 0.32
0 0.861575 0.493333 0.047733 0.32
24 0.903341 0.493333 0.026253 0.32
9 0.952267 0.373333 0.062053 0.613333
