9 0.028325 0.373333 0.05665 0.613333
24 0.073892 0.493333 0.024631 0.32
0 0.115764 0.5 0.049261 0.333333
19 0.179803 0.52 0.068966 0.373333
24 0.248768 0.493333 0.034483 0.32
0 0.305419 0.493333 0.068966 0.32
20 0.381773 0.493333 0.049261 0.32
0 0.434729 0.52 0.046798 0.373333
17 0.492611 0.493333 0.034483 0.32
0 0.546798 0.493333 0.064039 0.32
19 0.619458 0.493333 0.071429 0.32
2 0.679803 0.493333 0.039409 0.32
24 0.729064 0.493333 0.024631 0.32
24 0.758621 0.493333 0.024631 0.32
5 0.799261 0.493333 0.046798 0.32
20 0.849754 0.493333 0.044335 0.32
2 0.906404 0.493333 0.059113 0.32
6 0.961823 0.526667 0.041872 0.386667
