10 0.011692 0.493333 0.023384 0.32
24 0.0337 0.493333 0.015131 0.32
20 0.065337 0.493333 0.028886 0.32
0 0.096974 0.493333 0.028886 0.32
3 0.126547 0.493333 0.024759 0.32
1 0.162311 0.493333 0.041265 0.32
12 0.20564 0.613333 0.026135 0.613333
7 0.230399 0.493333 0.017882 0.32
5 0.261348 0.493333 0.038514 0.32
9 0.299862 0.373333 0.033012 0.613333
4 0.337689 0.493333 0.037139 0.32
13 0.370702 0.493333 0.023384 0.32
12 0.400275 0.613333 0.016506 0.613333
25 0.42641 0.493333 0.030261 0.32
0 0.458047 0.52 0.02751 0.373333
24 0.480055 0.493333 0.011004 0.32
17 0.506878 0.493333 0.023384 0.32
19 0.544017 0.493333 0.045392 0.32
0 0.586657 0.493333 0.034388 0.32
5 0.627235 0.493333 0.02751 0.32
19 0.664374 0.493333 0.041265 0.32
1 0.703576 0.493333 0.031637 0.32
11 0.735901 0.493333 0.02751 0.32
9 0.778542 0.38 0.038514 0.626667
7 0.813618 0.493333 0.026135 0.32
2 0.843879 0.513333 0.028886 0.36
10 0.881706 0.493333 0.02751 0.32
24 0.904402 0.52 0.01238 0.373333
16 0.936039 0.613333 0.045392 0.613333
25 0.975928 0.493333 0.028886 0.32
