9 0.032383 0.386667 0.064767 0.64
24 0.081606 0.493333 0.023316 0.32
7 0.13342 0.493333 0.069948 0.32
9 0.204663 0.373333 0.062176 0.613333
24 0.256477 0.493333 0.031088 0.32
7 0.296632 0.493333 0.03886 0.32
5 0.36399 0.493333 0.059585 0.32
1 0.428756 0.493333 0.059585 0.32
17 0.496114 0.513333 0.064767 0.36
24 0.564767 0.493333 0.036269 0.32
19 0.630829 0.506667 0.085492 0.32
3 0.698187 0.493333 0.03886 0.32
24 0.734456 0.493333 0.023316 0.32
16 0.796632 0.606667 0.090674 0.626667
5 0.889896 0.493333 0.059585 0.32
9 0.953368 0.38 0.056995 0.626667
