10 0.020033 0.486667 0.036728 0.306667
2 0.057596 0.513333 0.03172 0.36
9 0.094324 0.38 0.035058 0.626667
5 0.139399 0.493333 0.03172 0.32
26 0.165275 0.493333 0.013356 0.32
5 0.19616 0.493333 0.041736 0.32
3 0.237062 0.493333 0.033389 0.32
1 0.277129 0.506667 0.040067 0.32
9 0.338063 0.38 0.058431 0.626667
1 0.391486 0.493333 0.041736 0.32
0 0.441569 0.493333 0.03172 0.32
24 0.473289 0.493333 0.025042 0.32
2 0.508347 0.493333 0.038397 0.32
25 0.549249 0.493333 0.036728 0.32
8 0.601002 0.613333 0.043406 0.586667
17 0.641068 0.493333 0.03005 0.32
3 0.672788 0.493333 0.026711 0.32
9 0.721202 0.38 0.046745 0.626667
1 0.760434 0.493333 0.025042 0.32
25 0.796327 0.493333 0.040067 0.32
7 0.83222 0.493333 0.025042 0.32
24 0.86394 0.493333 0.015025 0.32
19 0.900668 0.493333 0.051753 0.32
14 0.940735 0.493333 0.021703 0.32
13 0.971619 0.526667 0.033389 0.386667
