5 0.022293 0.493333 0.044586 0.32
9 0.083864 0.38 0.070064 0.626667
25 0.154989 0.493333 0.063694 0.32
9 0.223992 0.386667 0.065817 0.64
12 0.286624 0.613333 0.029724 0.613333
11 0.321656 0.493333 0.031847 0.32
24 0.353503 0.493333 0.023355 0.32
1 0.397028 0.5 0.055202 0.333333
11 0.447983 0.493333 0.038217 0.32
19 0.504246 0.493333 0.065817 0.32
3 0.567941 0.493333 0.031847 0.32
4 0.615711 0.493333 0.055202 0.32
13 0.660297 0.493333 0.025478 0.32
24 0.696391 0.493333 0.016985 0.32
24 0.720807 0.493333 0.023355 0.32
0 0.768577 0.493333 0.042463 0.32
9 0.824841 0.353333 0.057325 0.493333
25 0.89172 0.493333 0.046709 0.32
11 0.93949 0.493333 0.04034 0.32
24 0.974522 0.493333 0.021231 0.32
