25 0.016012 0.493333 0.032023 0.32
9 0.050946 0.373333 0.032023 0.613333
24 0.078603 0.493333 0.017467 0.32
9 0.120087 0.386667 0.045124 0.64
0 0.158661 0.493333 0.026201 0.32
16 0.19869 0.613333 0.048035 0.613333
17 0.237991 0.493333 0.024745 0.32
3 0.270015 0.493333 0.018923 0.32
1 0.302038 0.533333 0.039301 0.4
11 0.342795 0.493333 0.021834 0.32
0 0.372635 0.513333 0.032023 0.36
24 0.398836 0.493333 0.014556 0.32
20 0.429403 0.506667 0.040757 0.346667
0 0.466521 0.493333 0.027656 0.32
25 0.505822 0.493333 0.030568 0.32
3 0.538574 0.52 0.029112 0.373333
12 0.572052 0.58 0.017467 0.68
11 0.596798 0.493333 0.026201 0.32
5 0.631004 0.493333 0.03639 0.32
13 0.6623 0.493333 0.020378 0.32
19 0.700146 0.493333 0.049491 0.32
10 0.755459 0.513333 0.040757 0.36
5 0.795488 0.493333 0.033479 0.32
9 0.840611 0.386667 0.050946 0.666667
24 0.875546 0.493333 0.0131 0.32
7 0.894469 0.506667 0.018923 0.346667
0 0.933042 0.493333 0.037846 0.32
2 0.972344 0.493333 0.034934 0.32
