3 0.016667 0.493333 0.033333 0.32
1 0.055833 0.493333 0.038333 0.32
9 0.1125 0.373333 0.051667 0.613333
0 0.158333 0.506667 0.033333 0.346667
10 0.199167 0.493333 0.025 0.32
17 0.2325 0.493333 0.035 0.32
2 0.2675 0.493333 0.028333 0.32
12 0.303333 0.613333 0.02 0.613333
3 0.33 0.5 0.026667 0.333333
10 0.3675 0.513333 0.025 0.36
16 0.414167 0.613333 0.061667 0.613333
8 0.475833 0.606667 0.055 0.626667
25 0.524167 0.493333 0.035 0.32
0 0.558333 0.5 0.026667 0.333333
3 0.599167 0.493333 0.031667 0.32
24 0.625 0.493333 0.013333 0.32
2 0.655 0.493333 0.04 0.32
7 0.6925 0.52 0.028333 0.373333
20 0.733333 0.493333 0.03 0.32
0 0.765833 0.493333 0.028333 0.32
9 0.813333 0.373333 0.043333 0.613333
0 0.856667 0.526667 0.036667 0.386667
0 0.901667 0.493333 0.046667 0.32
24 0.936667 0.493333 0.016667 0.32
9 0.968333 0.373333 0.04 0.613333
