10 0.017375 0.493333 0.034749 0.32
1 0.061776 0.493333 0.046332 0.32
0 0.117761 0.493333 0.03861 0.32
9 0.163127 0.386667 0.044402 0.64
0 0.21332 0.493333 0.048263 0.32
3 0.255792 0.493333 0.028958 0.32
5 0.305019 0.493333 0.042471 0.32
0 0.34749 0.493333 0.034749 0.32
24 0.377413 0.493333 0.017375 0.32
5 0.411197 0.493333 0.042471 0.32
25 0.465251 0.5 0.057915 0.333333
3 0.516409 0.493333 0.03668 0.32
0 0.574324 0.526667 0.052124 0.386667
9 0.637066 0.373333 0.065637 0.613333
17 0.689189 0.493333 0.030888 0.32
24 0.717181 0.493333 0.017375 0.32
3 0.745174 0.493333 0.030888 0.32
1 0.797297 0.493333 0.046332 0.32
17 0.84749 0.493333 0.046332 0.32
26 0.881274 0.493333 0.013514 0.32
1 0.92278 0.513333 0.042471 0.36
17 0.967181 0.493333 0.03861 0.32
