5 0.015781 0.52 0.031561 0.373333
2 0.053987 0.513333 0.038206 0.36
12 0.094684 0.613333 0.019934 0.613333
0 0.125415 0.493333 0.034884 0.32
25 0.171927 0.493333 0.034884 0.32
7 0.201827 0.493333 0.018272 0.32
24 0.222591 0.493333 0.016611 0.32
0 0.256645 0.493333 0.04485 0.32
9 0.317276 0.38 0.053156 0.626667
1 0.365449 0.493333 0.036545 0.32
9 0.413621 0.373333 0.036545 0.613333
7 0.447674 0.493333 0.024917 0.32
9 0.496678 0.373333 0.049834 0.613333
0 0.546512 0.493333 0.043189 0.32
9 0.60299 0.373333 0.046512 0.613333
0 0.644518 0.493333 0.0299 0.32
25 0.696013 0.493333 0.049834 0.32
7 0.741694 0.493333 0.034884 0.32
17 0.782392 0.493333 0.039867 0.32
24 0.815615 0.493333 0.019934 0.32
0 0.848837 0.493333 0.039867 0.32
9 0.902824 0.4 0.04485 0.666667
0 0.944352 0.493333 0.031561 0.32
7 0.975914 0.493333 0.024917 0.32
