5 0.031049 0.493333 0.062099 0.32
3 0.082441 0.493333 0.03212 0.32
1 0.117773 0.493333 0.029979 0.32
5 0.163812 0.493333 0.053533 0.32
5 0.220557 0.493333 0.051392 0.32
9 0.292291 0.353333 0.057816 0.493333
24 0.337259 0.493333 0.023555 0.32
7 0.366167 0.493333 0.025696 0.32
9 0.422912 0.38 0.079229 0.626667
19 0.496788 0.493333 0.059957 0.32
0 0.554604 0.493333 0.047109 0.32
20 0.61349 0.513333 0.040685 0.36
0 0.659529 0.493333 0.042827 0.32
5 0.717345 0.493333 0.06424 0.32
5 0.783726 0.526667 0.038544 0.386667
2 0.828694 0.506667 0.042827 0.346667
10 0.874732 0.513333 0.040685 0.36
17 0.915418 0.493333 0.03212 0.32
21 0.960385 0.493333 0.049251 0.32
