5 0.016892 0.493333 0.033784 0.32
7 0.048649 0.506667 0.024324 0.346667
15 0.081081 0.613333 0.035135 0.613333
0 0.116216 0.493333 0.02973 0.32
24 0.140541 0.493333 0.013514 0.32
9 0.170946 0.38 0.028378 0.626667
1 0.206757 0.493333 0.037838 0.32
8 0.256757 0.606667 0.043243 0.626667
9 0.299324 0.373333 0.036486 0.613333
11 0.330405 0.493333 0.02027 0.32
0 0.367568 0.513333 0.035135 0.36
24 0.394595 0.493333 0.013514 0.32
9 0.42027 0.373333 0.032432 0.613333
9 0.456757 0.38 0.035135 0.626667
0 0.501351 0.493333 0.035135 0.32
9 0.546622 0.373333 0.05 0.613333
17 0.590541 0.493333 0.018919 0.32
2 0.618919 0.493333 0.032432 0.32
3 0.646622 0.493333 0.017568 0.32
25 0.67973 0.493333 0.02973 0.32
7 0.705405 0.493333 0.016216 0.32
9 0.742568 0.38 0.039189 0.626667
0 0.77973 0.493333 0.02973 0.32
5 0.820946 0.526667 0.033784 0.386667
2 0.856757 0.493333 0.032432 0.32
6 0.887162 0.493333 0.022973 0.32
16 0.917568 0.606667 0.032432 0.626667
9 0.963514 0.373333 0.054054 0.64
