5 0.025882 0.493333 0.051765 0.32
7 0.072941 0.493333 0.032941 0.32
9 0.138824 0.373333 0.065882 0.613333
0 0.202353 0.493333 0.051765 0.32
0 0.274118 0.493333 0.058824 0.32
24 0.325882 0.493333 0.035294 0.32
5 0.385882 0.506667 0.075294 0.346667
24 0.448235 0.493333 0.016471 0.32
2 0.488235 0.513333 0.054118 0.36
10 0.56 0.493333 0.056471 0.32
19 0.630588 0.493333 0.075294 0.32
3 0.708235 0.493333 0.047059 0.32
6 0.76 0.493333 0.047059 0.32
25 0.814118 0.493333 0.051765 0.32
10 0.872941 0.493333 0.032941 0.32
0 0.924706 0.493333 0.061176 0.32
24 0.971765 0.493333 0.023529 0.32
