9 0.033401 0.366667 0.066802 0.626667
24 0.080972 0.526667 0.020243 0.386667
7 0.107287 0.493333 0.024291 0.32
9 0.158907 0.373333 0.050607 0.613333
24 0.200405 0.493333 0.024291 0.32
7 0.229757 0.493333 0.026316 0.32
24 0.256073 0.493333 0.018219 0.32
2 0.288462 0.513333 0.038462 0.36
2 0.346154 0.526667 0.048583 0.386667
24 0.388664 0.493333 0.02834 0.32
19 0.441296 0.506667 0.068826 0.32
11 0.497976 0.493333 0.036437 0.32
9 0.537449 0.373333 0.034413 0.613333
10 0.588057 0.506667 0.038462 0.346667
2 0.632591 0.5 0.04251 0.333333
20 0.69332 0.493333 0.050607 0.32
0 0.744939 0.513333 0.044534 0.36
9 0.803644 0.373333 0.044534 0.613333
24 0.841093 0.493333 0.022267 0.32
7 0.868421 0.493333 0.024291 0.32
9 0.917004 0.38 0.044534 0.626667
2 0.964575 0.493333 0.04251 0.32
