10 0.017857 0.493333 0.035714 0.32
25 0.063616 0.493333 0.046875 0.32
11 0.108259 0.493333 0.033482 0.32
20 0.145089 0.493333 0.03125 0.32
20 0.19308 0.493333 0.033482 0.32
0 0.24442 0.52 0.060268 0.373333
25 0.3125 0.493333 0.044643 0.32
20 0.366071 0.493333 0.053571 0.32
14 0.412946 0.493333 0.03125 0.32
5 0.470982 0.493333 0.053571 0.32
9 0.53125 0.366667 0.058036 0.626667
0 0.589286 0.513333 0.049107 0.36
9 0.664062 0.386667 0.069196 0.64
7 0.720982 0.493333 0.035714 0.32
1 0.78125 0.526667 0.053571 0.386667
3 0.835938 0.493333 0.046875 0.32
24 0.879464 0.493333 0.03125 0.32
3 0.917411 0.493333 0.035714 0.32
1 0.962054 0.493333 0.044643 0.32
