25 0.013774 0.493333 0.027548 0.32
3 0.041322 0.513333 0.022039 0.36
16 0.081956 0.613333 0.039945 0.613333
8 0.12741 0.606667 0.045455 0.626667
11 0.166667 0.493333 0.027548 0.32
1 0.201102 0.493333 0.035813 0.32
10 0.241047 0.526667 0.024793 0.386667
1 0.272727 0.493333 0.033058 0.32
9 0.312672 0.373333 0.027548 0.64
2 0.348485 0.513333 0.038567 0.36
6 0.386364 0.493333 0.03168 0.32
24 0.412534 0.493333 0.015152 0.32
25 0.446281 0.52 0.033058 0.373333
13 0.476584 0.526667 0.022039 0.386667
1 0.510331 0.493333 0.039945 0.32
11 0.5427 0.493333 0.019284 0.32
19 0.575758 0.493333 0.041322 0.32
5 0.619146 0.493333 0.026171 0.32
2 0.64876 0.493333 0.027548 0.32
25 0.681818 0.493333 0.033058 0.32
4 0.716942 0.493333 0.03168 0.32
2 0.749311 0.493333 0.027548 0.32
25 0.78719 0.493333 0.028926 0.32
9 0.819559 0.353333 0.030303 0.68
5 0.853306 0.493333 0.03168 0.32
20 0.884986 0.493333 0.026171 0.32
25 0.922865 0.493333 0.030303 0.32
14 0.949725 0.493333 0.017906 0.32
2 0.975895 0.493333 0.028926 0.32
