0 0.020906 0.5 0.041812 0.333333
9 0.058362 0.373333 0.026132 0.613333
24 0.085366 0.493333 0.020906 0.32
24 0.107143 0.493333 0.015679 0.32
24 0.127178 0.493333 0.017422 0.32
5 0.166376 0.493333 0.036585 0.32
11 0.205575 0.493333 0.034843 0.32
7 0.239547 0.493333 0.026132 0.32
6 0.277003 0.493333 0.041812 0.32
5 0.324042 0.493333 0.045296 0.32
11 0.364111 0.493333 0.027875 0.32
17 0.412021 0.513333 0.043554 0.36
1 0.45122 0.493333 0.027875 0.32
19 0.498258 0.513333 0.059233 0.36
10 0.551394 0.493333 0.022648 0.32
0 0.590592 0.493333 0.04878 0.32
3 0.639373 0.493333 0.041812 0.346667
11 0.674216 0.493333 0.020906 0.32
24 0.697735 0.493333 0.019164 0.32
1 0.727352 0.5 0.033101 0.333333
24 0.766551 0.486667 0.020906 0.306667
0 0.797909 0.493333 0.031359 0.32
17 0.832753 0.493333 0.031359 0.32
16 0.877178 0.606667 0.050523 0.626667
25 0.932927 0.493333 0.036585 0.32
2 0.971254 0.493333 0.033101 0.32
