19 0.023564 0.493333 0.047128 0.32
0 0.064065 0.493333 0.027982 0.32
17 0.099411 0.513333 0.036819 0.36
24 0.128866 0.493333 0.0162 0.32
25 0.164948 0.506667 0.035346 0.346667
3 0.200295 0.52 0.029455 0.373333
3 0.230486 0.5 0.025037 0.333333
6 0.259205 0.493333 0.02651 0.32
25 0.298969 0.493333 0.032401 0.32
13 0.332842 0.493333 0.029455 0.32
7 0.370398 0.493333 0.039764 0.32
19 0.41458 0.493333 0.04271 0.32
9 0.458763 0.366667 0.039764 0.626667
0 0.505155 0.5 0.032401 0.333333
2 0.546392 0.493333 0.044183 0.32
19 0.60162 0.493333 0.045655 0.32
19 0.649485 0.493333 0.044183 0.32
0 0.690722 0.493333 0.032401 0.32
25 0.731959 0.5 0.044183 0.333333
7 0.768778 0.493333 0.023564 0.32
25 0.805596 0.493333 0.029455 0.32
13 0.835052 0.493333 0.023564 0.32
24 0.854197 0.493333 0.008837 0.32
19 0.883652 0.493333 0.044183 0.32
9 0.927835 0.373333 0.038292 0.613333
2 0.969809 0.506667 0.039764 0.346667
