0 0.014372 0.493333 0.028744 0.32
9 0.054463 0.373333 0.045386 0.613333
17 0.092284 0.493333 0.024206 0.32
24 0.115734 0.493333 0.016641 0.32
2 0.145991 0.493333 0.037821 0.32
5 0.184569 0.493333 0.033283 0.32
24 0.216339 0.526667 0.009077 0.386667
13 0.236006 0.513333 0.024206 0.36
17 0.271558 0.493333 0.040847 0.32
11 0.30711 0.506667 0.024206 0.346667
0 0.334342 0.493333 0.024206 0.32
15 0.385779 0.613333 0.057489 0.613333
9 0.437973 0.38 0.040847 0.626667
0 0.477307 0.493333 0.03177 0.32
3 0.513616 0.493333 0.019667 0.32
6 0.545386 0.506667 0.037821 0.346667
0 0.586989 0.493333 0.039334 0.32
11 0.624811 0.493333 0.030257 0.32
24 0.658094 0.493333 0.015129 0.32
13 0.68003 0.52 0.022693 0.373333
10 0.704992 0.493333 0.02118 0.32
0 0.730711 0.52 0.024206 0.373333
12 0.763238 0.613333 0.019667 0.613333
25 0.791225 0.493333 0.030257 0.32
0 0.824508 0.493333 0.030257 0.32
24 0.84947 0.493333 0.013616 0.32
20 0.878971 0.493333 0.024206 0.32
0 0.914523 0.493333 0.040847 0.32
24 0.946293 0.493333 0.016641 0.32
2 0.973525 0.493333 0.03177 0.32
