25 0.014266 0.493333 0.028533 0.32
13 0.042799 0.493333 0.023098 0.32
0 0.072011 0.493333 0.029891 0.32
24 0.096467 0.493333 0.013587 0.32
17 0.128397 0.513333 0.03125 0.36
19 0.169158 0.493333 0.044837 0.32
0 0.203804 0.493333 0.019022 0.32
15 0.230299 0.573333 0.028533 0.693333
0 0.263587 0.493333 0.032609 0.32
2 0.299592 0.493333 0.033967 0.32
9 0.348505 0.38 0.044837 0.626667
1 0.38519 0.493333 0.023098 0.32
20 0.419158 0.493333 0.025815 0.32
24 0.442935 0.486667 0.016304 0.306667
11 0.465353 0.493333 0.02038 0.32
12 0.495245 0.613333 0.02038 0.613333
25 0.524457 0.52 0.032609 0.373333
1 0.559783 0.493333 0.032609 0.32
25 0.595109 0.493333 0.032609 0.32
2 0.626359 0.493333 0.024457 0.32
19 0.659647 0.493333 0.036685 0.32
3 0.699728 0.52 0.021739 0.373333
1 0.727582 0.493333 0.028533 0.32
9 0.76087 0.38 0.032609 0.626667
24 0.787364 0.493333 0.014946 0.32
7 0.808424 0.493333 0.021739 0.32
9 0.846467 0.38 0.035326 0.626667
0 0.881793 0.52 0.029891 0.373333
17 0.913723 0.493333 0.028533 0.32
6 0.944293 0.526667 0.027174 0.386667
0 0.975543 0.493333 0.029891 0.32
