20 0.024876 0.513333 0.049751 0.36
0 0.083333 0.493333 0.057214 0.32
12 0.129353 0.593333 0.024876 0.653333
11 0.164179 0.493333 0.034826 0.32
5 0.228856 0.493333 0.059701 0.32
7 0.283582 0.513333 0.039801 0.36
9 0.338308 0.373333 0.059701 0.64
1 0.410448 0.493333 0.074627 0.32
0 0.49005 0.493333 0.049751 0.32
9 0.554726 0.38 0.069652 0.626667
24 0.605721 0.493333 0.022388 0.32
24 0.635572 0.493333 0.027363 0.32
0 0.675373 0.5 0.042289 0.333333
20 0.748756 0.506667 0.069652 0.346667
1 0.817164 0.493333 0.057214 0.32
2 0.874378 0.513333 0.047264 0.36
19 0.942786 0.493333 0.079602 0.32
