5 0.021 0.506667 0.042 0.346667
7 0.059 0.506667 0.026 0.346667
3 0.097 0.493333 0.042 0.32
25 0.142 0.493333 0.04 0.32
0 0.198 0.493333 0.064 0.32
9 0.27 0.366667 0.072 0.626667
20 0.336 0.493333 0.032 0.32
0 0.377 0.493333 0.042 0.32
15 0.422 0.606667 0.04 0.626667
24 0.458 0.486667 0.024 0.306667
17 0.494 0.493333 0.036 0.32
24 0.536 0.493333 0.02 0.32
2 0.579 0.493333 0.058 0.32
5 0.646 0.493333 0.048 0.32
7 0.689 0.493333 0.03 0.32
2 0.731 0.493333 0.046 0.32
19 0.782 0.506667 0.048 0.346667
24 0.818 0.5 0.016 0.333333
25 0.852 0.493333 0.044 0.32
20 0.911 0.5 0.046 0.333333
0 0.962 0.493333 0.048 0.32
