9 0.037313 0.38 0.074627 0.626667
1 0.103412 0.493333 0.049041 0.32
20 0.152452 0.5 0.040512 0.333333
0 0.207889 0.493333 0.061834 0.32
24 0.254797 0.493333 0.023454 0.32
25 0.304904 0.526667 0.046908 0.386667
20 0.360341 0.493333 0.055437 0.32
1 0.41791 0.493333 0.051173 0.32
3 0.469083 0.493333 0.042644 0.32
25 0.517058 0.493333 0.044776 0.32
3 0.579957 0.493333 0.051173 0.32
1 0.642857 0.5 0.066098 0.333333
24 0.689765 0.493333 0.01919 0.32
19 0.736674 0.493333 0.066098 0.32
14 0.794243 0.506667 0.040512 0.346667
13 0.837953 0.493333 0.03838 0.32
5 0.906183 0.506667 0.06823 0.346667
11 0.964819 0.493333 0.040512 0.32
