1 0.021104 0.493333 0.042208 0.32
3 0.060065 0.493333 0.029221 0.32
24 0.086851 0.493333 0.017857 0.32
25 0.118506 0.493333 0.038961 0.32
10 0.164773 0.513333 0.030844 0.36
24 0.19237 0.493333 0.017857 0.32
0 0.228084 0.493333 0.030844 0.32
9 0.267857 0.366667 0.042208 0.626667
5 0.311688 0.493333 0.038961 0.32
26 0.340909 0.493333 0.012987 0.32
6 0.367695 0.493333 0.034091 0.32
11 0.400974 0.493333 0.025974 0.32
17 0.444805 0.493333 0.038961 0.32
14 0.483766 0.493333 0.032468 0.32
7 0.520292 0.493333 0.034091 0.32
9 0.563312 0.393333 0.045455 0.653333
20 0.612013 0.493333 0.029221 0.32
7 0.642857 0.493333 0.025974 0.32
17 0.681818 0.493333 0.045455 0.32
1 0.721591 0.493333 0.027597 0.32
11 0.75 0.52 0.022727 0.373333
15 0.797078 0.613333 0.048701 0.613333
18 0.842532 0.493333 0.035714 0.32
7 0.877435 0.493333 0.027597 0.32
16 0.921266 0.613333 0.037338 0.613333
26 0.949675 0.493333 0.012987 0.32
6 0.974026 0.493333 0.029221 0.32
