24 0.011869 0.493333 0.023739 0.32
20 0.074184 0.493333 0.089021 0.32
0 0.154303 0.493333 0.059347 0.32
11 0.212166 0.493333 0.04451 0.32
21 0.265579 0.5 0.050445 0.333333
2 0.335312 0.493333 0.047478 0.32
9 0.396142 0.373333 0.062315 0.613333
25 0.465875 0.493333 0.065282 0.32
9 0.554896 0.373333 0.10089 0.613333
7 0.635015 0.493333 0.047478 0.32
12 0.697329 0.613333 0.035608 0.613333
11 0.747774 0.493333 0.053412 0.32
25 0.811573 0.493333 0.062315 0.32
9 0.888724 0.373333 0.080119 0.613333
11 0.956973 0.493333 0.04451 0.32
