9 0.025243 0.373333 0.050485 0.613333
1 0.072816 0.5 0.036893 0.333333
9 0.13301 0.373333 0.075728 0.64
0 0.191262 0.493333 0.03301 0.32
10 0.234951 0.493333 0.046602 0.32
2 0.282524 0.493333 0.040777 0.32
12 0.33301 0.613333 0.03301 0.64
24 0.368932 0.493333 0.031068 0.32
0 0.405825 0.493333 0.034951 0.32
3 0.446602 0.493333 0.038835 0.32
1 0.495146 0.493333 0.050485 0.32
0 0.551456 0.493333 0.034951 0.32
25 0.601942 0.493333 0.058252 0.32
11 0.647573 0.493333 0.025243 0.32
19 0.684466 0.493333 0.040777 0.32
9 0.733981 0.38 0.050485 0.626667
1 0.784466 0.493333 0.042718 0.32
5 0.841748 0.493333 0.04466 0.32
2 0.887379 0.493333 0.038835 0.32
4 0.932039 0.493333 0.042718 0.32
24 0.971845 0.493333 0.029126 0.32
