25 0.022901 0.493333 0.045802 0.32
14 0.062977 0.493333 0.026718 0.32
0 0.104008 0.493333 0.04771 0.32
5 0.160305 0.493333 0.038168 0.32
9 0.212786 0.386667 0.05916 0.64
16 0.288168 0.613333 0.064885 0.64
3 0.347328 0.493333 0.045802 0.32
10 0.396947 0.493333 0.026718 0.32
25 0.43416 0.493333 0.040076 0.32
24 0.468511 0.493333 0.020992 0.32
4 0.508588 0.493333 0.051527 0.32
5 0.557252 0.493333 0.038168 0.32
10 0.607824 0.506667 0.03626 0.346667
24 0.639313 0.493333 0.019084 0.32
25 0.675573 0.493333 0.045802 0.32
2 0.72042 0.493333 0.03626 0.32
9 0.77958 0.386667 0.055344 0.64
0 0.834924 0.493333 0.04771 0.32
17 0.890267 0.493333 0.03626 0.32
5 0.930344 0.493333 0.03626 0.32
11 0.969466 0.493333 0.034351 0.32
