0 0.01198 0.493333 0.02396 0.32
13 0.03657 0.493333 0.020177 0.32
14 0.059269 0.493333 0.020177 0.32
5 0.08575 0.493333 0.027743 0.32
17 0.119168 0.493333 0.021438 0.32
2 0.141866 0.493333 0.018916 0.32
3 0.164565 0.5 0.021438 0.333333
25 0.196721 0.493333 0.037831 0.32
24 0.223203 0.493333 0.010088 0.32
25 0.252207 0.52 0.030265 0.373333
13 0.28058 0.493333 0.021438 0.32
2 0.308953 0.493333 0.030265 0.32
20 0.344262 0.493333 0.022699 0.32
0 0.370744 0.5 0.025221 0.333333
3 0.407314 0.52 0.030265 0.373333
1 0.447037 0.493333 0.044136 0.32
6 0.483607 0.493333 0.02396 0.32
24 0.505044 0.493333 0.013871 0.32
17 0.530265 0.493333 0.031526 0.32
2 0.568096 0.493333 0.026482 0.32
17 0.596469 0.493333 0.025221 0.32
6 0.624212 0.5 0.025221 0.333333
9 0.655738 0.373333 0.032787 0.613333
24 0.68348 0.493333 0.017654 0.32
7 0.701135 0.5 0.01261 0.333333
5 0.729508 0.493333 0.026482 0.32
13 0.754729 0.493333 0.018916 0.32
19 0.784994 0.5 0.03657 0.333333
5 0.817781 0.5 0.02396 0.333333
25 0.85372 0.506667 0.030265 0.346667
7 0.880202 0.5 0.017654 0.333333
24 0.897856 0.526667 0.01261 0.386667
3 0.918663 0.493333 0.02396 0.32
6 0.947667 0.52 0.029004 0.373333
25 0.977932 0.493333 0.026482 0.32
