10 0.018141 0.493333 0.036281 0.32
25 0.064626 0.493333 0.047619 0.32
25 0.11678 0.493333 0.047619 0.32
24 0.153061 0.493333 0.015873 0.32
9 0.193878 0.366667 0.056689 0.626667
20 0.25737 0.493333 0.038549 0.32
24 0.290249 0.493333 0.018141 0.32
13 0.323129 0.493333 0.038549 0.32
11 0.367347 0.513333 0.040816 0.36
0 0.417234 0.493333 0.049887 0.32
13 0.463719 0.493333 0.034014 0.32
24 0.506803 0.493333 0.020408 0.32
7 0.54195 0.493333 0.040816 0.32
9 0.600907 0.38 0.068027 0.626667
25 0.673469 0.493333 0.068027 0.32
10 0.743764 0.493333 0.040816 0.32
5 0.791383 0.493333 0.045351 0.32
9 0.839002 0.373333 0.040816 0.64
9 0.893424 0.373333 0.058957 0.613333
1 0.955782 0.493333 0.056689 0.32
