5 0.023333 0.493333 0.046667 0.32
9 0.068333 0.36 0.036667 0.64
0 0.106667 0.5 0.033333 0.333333
5 0.145 0.52 0.036667 0.373333
9 0.190833 0.366667 0.048333 0.626667
0 0.236667 0.52 0.036667 0.373333
9 0.2875 0.38 0.041667 0.626667
0 0.33 0.513333 0.036667 0.36
12 0.3725 0.606667 0.025 0.626667
11 0.400833 0.493333 0.025 0.32
17 0.430833 0.526667 0.028333 0.386667
1 0.465 0.493333 0.033333 0.32
2 0.505 0.493333 0.04 0.32
20 0.5425 0.493333 0.028333 0.32
0 0.584167 0.493333 0.031667 0.32
9 0.624167 0.373333 0.041667 0.613333
1 0.668333 0.493333 0.04 0.32
19 0.714167 0.493333 0.045 0.32
17 0.76 0.493333 0.04 0.32
2 0.800833 0.493333 0.035 0.32
19 0.855833 0.493333 0.051667 0.32
17 0.905 0.493333 0.04 0.32
24 0.936667 0.526667 0.016667 0.386667
3 0.968333 0.493333 0.04 0.32
