19 0.02489 0.493333 0.04978 0.32
25 0.068082 0.493333 0.030747 0.32
0 0.101025 0.493333 0.029283 0.32
9 0.143485 0.373333 0.04978 0.64
24 0.185944 0.493333 0.014641 0.32
13 0.208638 0.493333 0.02489 0.32
14 0.235725 0.493333 0.023426 0.32
19 0.278184 0.493333 0.040996 0.32
13 0.314788 0.513333 0.026354 0.36
1 0.352855 0.52 0.043924 0.373333
13 0.392387 0.493333 0.029283 0.32
24 0.416545 0.52 0.013177 0.373333
20 0.45388 0.493333 0.040996 0.32
0 0.494143 0.493333 0.033675 0.32
24 0.521962 0.493333 0.016105 0.32
5 0.554905 0.493333 0.029283 0.32
11 0.582723 0.493333 0.020498 0.32
19 0.616398 0.493333 0.040996 0.32
0 0.658858 0.52 0.038067 0.373333
9 0.715227 0.38 0.054173 0.626667
7 0.756955 0.493333 0.023426 0.32
2 0.784041 0.493333 0.02489 0.32
24 0.806735 0.493333 0.014641 0.32
10 0.836018 0.493333 0.023426 0.32
5 0.8653 0.493333 0.029283 0.32
25 0.898243 0.493333 0.030747 0.32
9 0.934114 0.373333 0.035139 0.613333
1 0.972182 0.493333 0.035139 0.32
