10 0.013514 0.493333 0.027027 0.32
19 0.050676 0.493333 0.040541 0.32
12 0.08277 0.613333 0.016892 0.613333
24 0.102196 0.493333 0.015203 0.32
5 0.130068 0.506667 0.033784 0.346667
25 0.179054 0.52 0.040541 0.373333
13 0.210304 0.493333 0.015203 0.32
19 0.245777 0.5 0.048986 0.333333
17 0.293074 0.506667 0.021959 0.346667
11 0.319257 0.493333 0.023649 0.32
0 0.353041 0.493333 0.037162 0.32
10 0.399493 0.513333 0.032095 0.36
1 0.4375 0.493333 0.037162 0.32
24 0.467061 0.493333 0.015203 0.32
20 0.503378 0.506667 0.033784 0.346667
2 0.545608 0.526667 0.043919 0.386667
20 0.595439 0.493333 0.032095 0.32
0 0.631757 0.493333 0.033784 0.32
9 0.680743 0.373333 0.057432 0.613333
2 0.733108 0.493333 0.040541 0.32
2 0.779561 0.493333 0.045608 0.32
1 0.828547 0.493333 0.028716 0.32
25 0.871622 0.5 0.050676 0.333333
2 0.921453 0.526667 0.04223 0.386667
19 0.967061 0.493333 0.04223 0.32
