20 0.018428 0.493333 0.036855 0.32
11 0.063882 0.493333 0.044226 0.32
0 0.116708 0.526667 0.051597 0.386667
24 0.157248 0.506667 0.019656 0.346667
5 0.200246 0.506667 0.031941 0.346667
17 0.2457 0.493333 0.04914 0.32
24 0.287469 0.493333 0.02457 0.32
20 0.330467 0.52 0.051597 0.373333
2 0.390663 0.493333 0.058968 0.32
8 0.465602 0.586667 0.056511 0.666667
0 0.522113 0.493333 0.046683 0.32
9 0.58231 0.373333 0.063882 0.613333
11 0.640049 0.493333 0.041769 0.32
9 0.718673 0.366667 0.081081 0.626667
0 0.789926 0.493333 0.051597 0.32
9 0.875921 0.386667 0.085995 0.666667
1 0.953317 0.526667 0.058968 0.386667
