0 0.026316 0.493333 0.052632 0.32
24 0.065336 0.493333 0.018149 0.32
9 0.100726 0.373333 0.045372 0.613333
20 0.146098 0.493333 0.038113 0.32
11 0.181488 0.493333 0.025408 0.32
0 0.214156 0.493333 0.032668 0.32
16 0.271325 0.613333 0.056261 0.613333
17 0.321234 0.493333 0.036298 0.32
0 0.362976 0.506667 0.039927 0.346667
9 0.403811 0.366667 0.034483 0.626667
24 0.434664 0.493333 0.019964 0.32
5 0.476407 0.513333 0.038113 0.36
25 0.518149 0.493333 0.038113 0.32
5 0.562613 0.526667 0.043557 0.386667
25 0.607985 0.493333 0.039927 0.32
25 0.660617 0.493333 0.039927 0.32
3 0.699637 0.493333 0.030853 0.32
0 0.740472 0.493333 0.043557 0.32
24 0.771325 0.493333 0.010889 0.32
9 0.803085 0.373333 0.045372 0.613333
24 0.841198 0.493333 0.023593 0.32
17 0.888385 0.493333 0.045372 0.32
24 0.92559 0.493333 0.021779 0.32
26 0.948276 0.493333 0.016334 0.32
11 0.973684 0.493333 0.027223 0.32
