12 0.009274 0.613333 0.018547 0.64
11 0.036321 0.493333 0.029366 0.32
5 0.068006 0.52 0.027821 0.373333
0 0.0966 0.493333 0.023184 0.32
24 0.118238 0.493333 0.01391 0.32
5 0.144513 0.506667 0.032457 0.32
5 0.190108 0.493333 0.037094 0.32
2 0.241113 0.493333 0.058733 0.32
10 0.299845 0.493333 0.037094 0.32
25 0.33694 0.493333 0.030912 0.32
3 0.366306 0.493333 0.021638 0.32
1 0.391808 0.493333 0.023184 0.32
24 0.412674 0.493333 0.012365 0.32
11 0.436631 0.493333 0.029366 0.32
20 0.477589 0.493333 0.030912 0.32
0 0.514683 0.493333 0.037094 0.32
12 0.554869 0.62 0.021638 0.626667
11 0.584235 0.493333 0.030912 0.32
2 0.61592 0.493333 0.026275 0.32
25 0.650696 0.506667 0.037094 0.346667
19 0.696291 0.493333 0.047913 0.32
25 0.739567 0.493333 0.032457 0.32
9 0.783617 0.373333 0.034003 0.613333
24 0.809892 0.493333 0.012365 0.32
7 0.832303 0.493333 0.026275 0.32
10 0.866306 0.493333 0.035549 0.32
0 0.9034 0.493333 0.032457 0.32
17 0.943586 0.493333 0.026275 0.32
0 0.974498 0.493333 0.029366 0.32
