25 0.014019 0.493333 0.028037 0.32
9 0.047397 0.38 0.033378 0.626667
11 0.076101 0.493333 0.018692 0.32
2 0.106809 0.493333 0.037383 0.32
9 0.153538 0.373333 0.037383 0.613333
1 0.193591 0.493333 0.037383 0.32
24 0.23231 0.493333 0.021362 0.32
0 0.264352 0.52 0.037383 0.373333
24 0.301068 0.493333 0.017356 0.32
9 0.330441 0.38 0.036048 0.626667
5 0.370494 0.493333 0.025367 0.32
13 0.396529 0.493333 0.021362 0.32
0 0.429907 0.5 0.040053 0.333333
24 0.465287 0.52 0.012016 0.373333
2 0.487984 0.493333 0.028037 0.32
20 0.522697 0.493333 0.022697 0.32
1 0.553405 0.493333 0.033378 0.32
3 0.585447 0.493333 0.025367 0.32
25 0.621495 0.493333 0.028037 0.32
9 0.658879 0.38 0.041389 0.626667
0 0.698264 0.493333 0.032043 0.32
24 0.72964 0.493333 0.012016 0.32
9 0.761015 0.38 0.045394 0.626667
20 0.799065 0.5 0.025367 0.333333
25 0.834446 0.5 0.040053 0.333333
2 0.875167 0.493333 0.036048 0.32
9 0.910547 0.373333 0.029372 0.613333
5 0.949266 0.493333 0.029372 0.32
2 0.978638 0.493333 0.024032 0.32
