9 0.021019 0.366667 0.042038 0.626667
19 0.061146 0.493333 0.033121 0.32
9 0.100637 0.373333 0.028025 0.613333
1 0.13121 0.493333 0.028025 0.32
20 0.166242 0.5 0.024204 0.333333
0 0.197452 0.506667 0.033121 0.346667
3 0.234395 0.493333 0.02293 0.32
1 0.261146 0.493333 0.025478 0.32
3 0.294904 0.493333 0.024204 0.32
1 0.326115 0.493333 0.033121 0.32
19 0.36879 0.493333 0.034395 0.32
25 0.402548 0.493333 0.028025 0.32
0 0.433758 0.513333 0.029299 0.36
0 0.464331 0.493333 0.026752 0.32
19 0.497452 0.493333 0.034395 0.32
25 0.53121 0.493333 0.028025 0.32
5 0.566242 0.526667 0.024204 0.386667
11 0.592357 0.493333 0.02293 0.32
0 0.620382 0.493333 0.028025 0.32
17 0.659236 0.493333 0.031847 0.32
14 0.688535 0.493333 0.021656 0.32
18 0.715287 0.493333 0.026752 0.32
17 0.740764 0.493333 0.019108 0.32
19 0.76879 0.493333 0.031847 0.32
1 0.807643 0.493333 0.040764 0.32
24 0.842675 0.526667 0.011465 0.386667
0 0.86242 0.5 0.02293 0.333333
17 0.894904 0.5 0.024204 0.333333
19 0.933758 0.493333 0.048408 0.32
0 0.975796 0.493333 0.030573 0.32
