12 0.013783 0.613333 0.027565 0.64
20 0.046708 0.52 0.032159 0.373333
25 0.088821 0.5 0.045942 0.333333
9 0.150842 0.373333 0.056662 0.613333
0 0.200613 0.493333 0.036753 0.32
5 0.244257 0.526667 0.029096 0.386667
19 0.284074 0.493333 0.04441 0.32
1 0.330015 0.5 0.041348 0.333333
20 0.3683 0.493333 0.029096 0.32
5 0.406585 0.493333 0.026034 0.32
19 0.44487 0.493333 0.04441 0.32
0 0.493874 0.5 0.032159 0.333333
24 0.523737 0.493333 0.02144 0.32
9 0.557427 0.373333 0.039816 0.613333
17 0.594181 0.493333 0.027565 0.32
19 0.6317 0.493333 0.041348 0.32
0 0.676876 0.493333 0.042879 0.32
0 0.728178 0.493333 0.038285 0.32
24 0.758806 0.493333 0.016845 0.32
9 0.794028 0.38 0.047473 0.626667
24 0.828484 0.493333 0.015314 0.32
10 0.859877 0.52 0.026034 0.373333
5 0.898162 0.506667 0.04441 0.32
10 0.943338 0.493333 0.024502 0.32
1 0.973966 0.526667 0.030628 0.386667
