0 0.024194 0.513333 0.048387 0.36
9 0.076037 0.373333 0.046083 0.613333
1 0.126728 0.493333 0.046083 0.32
4 0.18894 0.493333 0.069124 0.32
13 0.247696 0.493333 0.039171 0.32
4 0.31682 0.493333 0.06682 0.32
9 0.389401 0.38 0.069124 0.653333
14 0.447005 0.493333 0.036866 0.32
2 0.493088 0.5 0.046083 0.333333
21 0.549539 0.493333 0.057604 0.32
25 0.617512 0.493333 0.046083 0.32
7 0.660138 0.493333 0.029954 0.32
20 0.714286 0.506667 0.046083 0.346667
0 0.762673 0.493333 0.041475 0.32
15 0.834101 0.613333 0.069124 0.613333
18 0.889401 0.493333 0.032258 0.32
24 0.922811 0.5 0.025346 0.333333
20 0.961982 0.5 0.043779 0.333333
