20 0.016 0.493333 0.032 0.32
1 0.0568 0.5 0.0432 0.333333
5 0.0992 0.493333 0.0352 0.32
12 0.1376 0.573333 0.0192 0.693333
7 0.1632 0.493333 0.0256 0.32
24 0.1872 0.493333 0.016 0.32
3 0.2208 0.5 0.0288 0.333333
18 0.2584 0.513333 0.04 0.36
25 0.2992 0.493333 0.0352 0.32
10 0.3352 0.506667 0.0304 0.346667
0 0.3728 0.5 0.0384 0.333333
12 0.4152 0.613333 0.024 0.613333
25 0.4464 0.493333 0.032 0.32
11 0.4816 0.493333 0.032 0.32
0 0.5216 0.506667 0.0416 0.346667
25 0.5704 0.493333 0.0336 0.32
7 0.6032 0.5 0.0256 0.333333
10 0.6416 0.493333 0.0288 0.32
5 0.6784 0.493333 0.0384 0.32
25 0.7184 0.493333 0.0352 0.32
14 0.7528 0.493333 0.0272 0.32
6 0.7888 0.506667 0.0384 0.346667
25 0.8368 0.493333 0.0352 0.32
16 0.8792 0.613333 0.0432 0.613333
17 0.9272 0.5 0.0304 0.333333
7 0.9568 0.493333 0.0224 0.32
13 0.98 0.493333 0.0176 0.32
