25 0.018634 0.493333 0.037267 0.32
3 0.052795 0.513333 0.024845 0.36
9 0.082298 0.373333 0.02795 0.613333
24 0.107919 0.493333 0.017081 0.32
11 0.136646 0.493333 0.034161 0.32
4 0.177019 0.493333 0.040373 0.32
19 0.233696 0.493333 0.051242 0.32
25 0.281056 0.493333 0.037267 0.32
0 0.319099 0.493333 0.032609 0.32
20 0.357143 0.506667 0.037267 0.346667
0 0.401398 0.493333 0.045031 0.32
10 0.449534 0.493333 0.029503 0.32
5 0.484472 0.493333 0.034161 0.32
24 0.513199 0.493333 0.017081 0.32
17 0.542702 0.52 0.035714 0.373333
26 0.572981 0.493333 0.018634 0.32
12 0.603261 0.606667 0.020186 0.626667
7 0.629658 0.493333 0.026398 0.32
9 0.670031 0.373333 0.032609 0.613333
24 0.696429 0.493333 0.013975 0.32
7 0.718168 0.493333 0.023292 0.32
9 0.75 0.373333 0.034161 0.613333
5 0.787267 0.493333 0.034161 0.32
7 0.819876 0.493333 0.024845 0.32
26 0.849379 0.493333 0.012422 0.32
24 0.868012 0.493333 0.018634 0.32
1 0.902174 0.493333 0.043478 0.32
10 0.949534 0.493333 0.029503 0.32
0 0.978261 0.493333 0.021739 0.32
