6 0.026539 0.493333 0.053079 0.32
25 0.079618 0.493333 0.044586 0.32
7 0.119958 0.493333 0.027601 0.32
24 0.144374 0.493333 0.012739 0.32
25 0.178344 0.526667 0.046709 0.386667
20 0.235669 0.493333 0.038217 0.32
0 0.285563 0.493333 0.053079 0.32
24 0.325902 0.493333 0.019108 0.32
25 0.361996 0.493333 0.044586 0.32
3 0.40552 0.513333 0.03397 0.36
20 0.45966 0.493333 0.044586 0.32
25 0.509554 0.493333 0.046709 0.32
2 0.556263 0.493333 0.038217 0.32
17 0.612527 0.493333 0.044586 0.32
14 0.656051 0.493333 0.03397 0.32
7 0.693206 0.526667 0.031847 0.386667
9 0.744161 0.373333 0.061571 0.613333
12 0.802548 0.613333 0.025478 0.613333
24 0.830149 0.493333 0.021231 0.32
5 0.869427 0.5 0.048832 0.333333
9 0.92569 0.36 0.055202 0.64
7 0.971338 0.493333 0.027601 0.32
