10 0.011132 0.493333 0.022263 0.32
24 0.030612 0.493333 0.009276 0.32
9 0.061224 0.373333 0.044527 0.613333
7 0.104824 0.52 0.03525 0.373333
0 0.148423 0.493333 0.044527 0.32
24 0.179963 0.493333 0.011132 0.32
24 0.20872 0.493333 0.020408 0.32
5 0.24026 0.52 0.03525 0.373333
12 0.281076 0.613333 0.020408 0.613333
24 0.305195 0.493333 0.020408 0.32
19 0.347866 0.493333 0.057514 0.32
25 0.399814 0.493333 0.038961 0.32
17 0.440631 0.493333 0.03525 0.32
5 0.48423 0.493333 0.044527 0.32
25 0.538033 0.493333 0.037106 0.32
14 0.575139 0.493333 0.029685 0.32
9 0.623377 0.38 0.059369 0.626667
24 0.666976 0.493333 0.020408 0.32
24 0.699443 0.493333 0.018553 0.32
5 0.734694 0.526667 0.044527 0.386667
12 0.785714 0.613333 0.03154 0.613333
11 0.820037 0.493333 0.029685 0.32
17 0.858071 0.493333 0.038961 0.32
2 0.896104 0.493333 0.029685 0.32
3 0.928571 0.493333 0.027829 0.32
25 0.966605 0.493333 0.040816 0.32
