25 0.029126 0.5 0.058252 0.333333
3 0.078641 0.493333 0.03301 0.32
20 0.12233 0.5 0.046602 0.333333
6 0.167961 0.493333 0.036893 0.32
0 0.208738 0.526667 0.036893 0.386667
5 0.259223 0.493333 0.036893 0.32
17 0.298058 0.493333 0.03301 0.32
6 0.336893 0.493333 0.036893 0.32
10 0.390291 0.493333 0.042718 0.32
1 0.44466 0.493333 0.058252 0.32
25 0.500971 0.52 0.046602 0.373333
11 0.546602 0.493333 0.036893 0.32
25 0.590291 0.493333 0.042718 0.32
3 0.633981 0.506667 0.036893 0.346667
25 0.68932 0.493333 0.046602 0.32
7 0.732039 0.493333 0.031068 0.32
20 0.771845 0.493333 0.040777 0.32
7 0.809709 0.493333 0.027184 0.32
9 0.857282 0.38 0.060194 0.626667
20 0.916505 0.513333 0.031068 0.36
0 0.961165 0.493333 0.050485 0.32
