10 0.011676 0.493333 0.023352 0.32
1 0.042582 0.493333 0.032967 0.32
5 0.081731 0.493333 0.039835 0.32
24 0.118132 0.5 0.013736 0.333333
2 0.144231 0.493333 0.032967 0.32
2 0.179945 0.493333 0.032967 0.32
10 0.218407 0.493333 0.024725 0.32
5 0.248626 0.493333 0.03022 0.32
5 0.282967 0.493333 0.032967 0.32
10 0.319368 0.493333 0.020604 0.32
0 0.345467 0.493333 0.026099 0.32
25 0.383242 0.493333 0.03022 0.32
13 0.411401 0.493333 0.020604 0.32
2 0.4375 0.493333 0.026099 0.32
9 0.480769 0.373333 0.041209 0.613333
1 0.520604 0.513333 0.032967 0.36
5 0.563187 0.526667 0.032967 0.386667
24 0.587912 0.5 0.010989 0.333333
0 0.60989 0.493333 0.027473 0.32
25 0.641484 0.493333 0.03022 0.32
5 0.674451 0.493333 0.03022 0.32
20 0.711538 0.493333 0.024725 0.32
0 0.743132 0.493333 0.032967 0.32
24 0.771978 0.493333 0.019231 0.32
5 0.798077 0.493333 0.027473 0.32
11 0.824863 0.493333 0.020604 0.32
1 0.859203 0.493333 0.042582 0.32
17 0.901786 0.493333 0.023352 0.32
19 0.938187 0.5 0.043956 0.333333
0 0.976648 0.493333 0.027473 0.32
