19 0.018627 0.493333 0.037255 0.32
0 0.058824 0.52 0.035294 0.373333
9 0.123529 0.373333 0.066667 0.64
0 0.188235 0.52 0.054902 0.373333
9 0.241176 0.373333 0.043137 0.613333
1 0.286275 0.493333 0.039216 0.32
25 0.339216 0.493333 0.039216 0.32
7 0.37549 0.493333 0.02549 0.32
0 0.42549 0.52 0.047059 0.373333
2 0.476471 0.493333 0.047059 0.32
10 0.532353 0.506667 0.037255 0.346667
24 0.564706 0.493333 0.019608 0.32
25 0.59902 0.493333 0.041176 0.32
2 0.64902 0.493333 0.05098 0.32
2 0.710784 0.493333 0.045098 0.32
24 0.747059 0.493333 0.019608 0.32
19 0.788235 0.493333 0.054902 0.32
25 0.841176 0.493333 0.043137 0.32
26 0.885294 0.493333 0.017647 0.32
0 0.919608 0.506667 0.043137 0.346667
11 0.965686 0.493333 0.041176 0.32
