24 0.009208 0.493333 0.018416 0.32
0 0.041436 0.493333 0.038674 0.32
17 0.089319 0.493333 0.031308 0.32
19 0.133517 0.493333 0.049724 0.32
1 0.177716 0.526667 0.031308 0.386667
3 0.214549 0.493333 0.034991 0.32
1 0.255064 0.52 0.038674 0.373333
24 0.287293 0.493333 0.018416 0.32
9 0.32965 0.38 0.040516 0.626667
0 0.371087 0.493333 0.034991 0.32
2 0.418969 0.526667 0.034991 0.386667
5 0.458564 0.493333 0.036832 0.32
26 0.488029 0.493333 0.014733 0.32
24 0.508287 0.493333 0.018416 0.32
17 0.546041 0.493333 0.031308 0.32
25 0.585635 0.493333 0.040516 0.32
0 0.639963 0.493333 0.042357 0.32
25 0.692449 0.493333 0.055249 0.32
11 0.739411 0.506667 0.031308 0.346667
11 0.77256 0.493333 0.027624 0.32
1 0.814917 0.493333 0.049724 0.32
5 0.87477 0.493333 0.044199 0.32
25 0.91989 0.493333 0.038674 0.32
5 0.965009 0.493333 0.044199 0.32
