12 0.011152 0.613333 0.022305 0.613333
11 0.038104 0.493333 0.024164 0.32
20 0.078067 0.493333 0.048327 0.32
1 0.124535 0.493333 0.037175 0.32
25 0.167286 0.493333 0.037175 0.32
3 0.207249 0.493333 0.035316 0.32
9 0.262082 0.373333 0.048327 0.613333
1 0.324349 0.526667 0.068773 0.36
3 0.376394 0.493333 0.027881 0.32
6 0.407993 0.493333 0.027881 0.32
25 0.446097 0.493333 0.040892 0.32
24 0.486059 0.493333 0.013011 0.32
13 0.506506 0.493333 0.020446 0.32
25 0.549257 0.493333 0.039033 0.32
16 0.600372 0.613333 0.055762 0.613333
24 0.642193 0.493333 0.020446 0.32
6 0.672862 0.493333 0.033457 0.32
2 0.716543 0.493333 0.046468 0.32
10 0.775093 0.493333 0.04461 0.32
25 0.82342 0.506667 0.04461 0.346667
11 0.866171 0.493333 0.033457 0.32
9 0.908922 0.38 0.04461 0.626667
24 0.944238 0.493333 0.018587 0.32
1 0.972119 0.506667 0.02974 0.346667
