24 0.010441 0.493333 0.020882 0.32
2 0.059165 0.493333 0.067285 0.32
5 0.12645 0.493333 0.058005 0.32
11 0.178654 0.493333 0.037123 0.32
25 0.226218 0.493333 0.048724 0.32
7 0.273782 0.493333 0.037123 0.32
12 0.323666 0.613333 0.030162 0.613333
24 0.351508 0.493333 0.016241 0.32
20 0.390951 0.493333 0.053364 0.32
2 0.444316 0.493333 0.044084 0.32
19 0.50116 0.493333 0.060325 0.32
25 0.571926 0.493333 0.048724 0.32
3 0.614849 0.493333 0.027842 0.32
17 0.653132 0.493333 0.039443 0.32
19 0.713457 0.493333 0.071926 0.32
0 0.784223 0.493333 0.060325 0.32
5 0.858469 0.5 0.055684 0.333333
11 0.911833 0.493333 0.041763 0.32
5 0.960557 0.493333 0.046404 0.32
