12 0.008951 0.606667 0.017903 0.626667
11 0.030691 0.493333 0.02046 0.32
9 0.054348 0.373333 0.021739 0.613333
7 0.076726 0.493333 0.017903 0.32
9 0.109974 0.393333 0.030691 0.653333
1 0.146419 0.52 0.037084 0.373333
9 0.186701 0.373333 0.038363 0.613333
9 0.221228 0.373333 0.025575 0.64
7 0.247442 0.493333 0.021739 0.32
9 0.274936 0.38 0.028133 0.626667
25 0.310742 0.493333 0.025575 0.32
24 0.338235 0.493333 0.024297 0.32
9 0.370205 0.36 0.034527 0.666667
5 0.40601 0.493333 0.031969 0.32
17 0.441176 0.493333 0.02046 0.32
19 0.469309 0.493333 0.030691 0.32
24 0.496164 0.493333 0.017903 0.32
10 0.529412 0.52 0.030691 0.373333
1 0.567136 0.493333 0.039642 0.32
24 0.595269 0.493333 0.011509 0.32
8 0.62468 0.586667 0.029412 0.666667
9 0.660486 0.38 0.037084 0.626667
9 0.703964 0.38 0.031969 0.626667
1 0.733376 0.526667 0.021739 0.386667
24 0.751279 0.493333 0.008951 0.32
25 0.783887 0.5 0.038363 0.333333
7 0.815217 0.5 0.019182 0.333333
0 0.839514 0.52 0.024297 0.373333
19 0.869565 0.493333 0.030691 0.32
0 0.899616 0.493333 0.024297 0.32
17 0.933504 0.493333 0.025575 0.32
24 0.952046 0.493333 0.006394 0.32
0 0.974425 0.493333 0.033248 0.32
