12 0.010673 0.593333 0.021346 0.653333
20 0.042693 0.493333 0.036125 0.32
25 0.083744 0.493333 0.039409 0.32
24 0.114943 0.506667 0.01642 0.346667
10 0.151067 0.493333 0.032841 0.32
1 0.186371 0.5 0.031199 0.333333
5 0.224138 0.52 0.037767 0.373333
19 0.270115 0.493333 0.047619 0.32
24 0.305419 0.493333 0.01642 0.32
11 0.325944 0.493333 0.018062 0.32
6 0.36289 0.493333 0.032841 0.32
13 0.394089 0.493333 0.022989 0.32
9 0.434319 0.38 0.050903 0.626667
20 0.486864 0.5 0.031199 0.333333
9 0.522167 0.333333 0.032841 0.506667
24 0.555829 0.493333 0.024631 0.32
0 0.586207 0.506667 0.029557 0.346667
20 0.6289 0.506667 0.032841 0.346667
0 0.664204 0.5 0.031199 0.333333
25 0.701149 0.526667 0.036125 0.386667
7 0.73399 0.493333 0.022989 0.32
10 0.771757 0.493333 0.029557 0.32
11 0.804598 0.493333 0.029557 0.32
26 0.828407 0.493333 0.011494 0.32
17 0.866174 0.513333 0.041051 0.36
19 0.917898 0.493333 0.055829 0.32
0 0.968801 0.493333 0.039409 0.32
