25 0.034722 0.493333 0.069444 0.32
3 0.094907 0.493333 0.041667 0.32
25 0.144676 0.493333 0.048611 0.32
9 0.203704 0.38 0.060185 0.626667
20 0.277778 0.493333 0.055556 0.32
0 0.33912 0.493333 0.05787 0.32
17 0.394676 0.493333 0.043981 0.32
19 0.449074 0.506667 0.055556 0.346667
0 0.509259 0.493333 0.055556 0.32
25 0.581019 0.493333 0.055556 0.32
13 0.62963 0.493333 0.032407 0.32
0 0.685185 0.5 0.069444 0.333333
20 0.763889 0.513333 0.055556 0.36
0 0.818287 0.493333 0.043981 0.32
9 0.890046 0.393333 0.06713 0.653333
0 0.956019 0.493333 0.055556 0.32
