9 0.021066 0.366667 0.042131 0.626667
0 0.061338 0.493333 0.033457 0.32
3 0.091078 0.493333 0.021066 0.32
25 0.118959 0.52 0.02974 0.373333
4 0.152416 0.493333 0.032218 0.32
5 0.184015 0.493333 0.026022 0.32
17 0.218711 0.493333 0.026022 0.32
19 0.253408 0.493333 0.038414 0.32
0 0.286245 0.493333 0.022305 0.32
10 0.319703 0.5 0.027261 0.333333
17 0.351301 0.513333 0.030979 0.36
2 0.381041 0.493333 0.023544 0.32
24 0.399628 0.493333 0.008674 0.32
1 0.419455 0.493333 0.026022 0.32
20 0.45539 0.493333 0.028501 0.32
6 0.482652 0.493333 0.021066 0.32
0 0.511152 0.493333 0.030979 0.32
2 0.549566 0.493333 0.040892 0.32
17 0.593556 0.493333 0.02974 0.32
24 0.615861 0.5 0.009913 0.333333
0 0.634449 0.493333 0.022305 0.32
8 0.674102 0.606667 0.039653 0.626667
17 0.711896 0.493333 0.030979 0.32
18 0.744734 0.493333 0.02974 0.32
9 0.784387 0.373333 0.032218 0.613333
1 0.820322 0.493333 0.034696 0.32
25 0.859975 0.493333 0.027261 0.32
7 0.886617 0.5 0.021066 0.333333
10 0.91202 0.506667 0.024783 0.346667
3 0.939901 0.493333 0.026022 0.32
5 0.973358 0.506667 0.035936 0.32
