9 0.028868 0.38 0.057737 0.626667
0 0.08776 0.493333 0.050808 0.32
20 0.150115 0.493333 0.04157 0.32
11 0.196305 0.493333 0.04157 0.32
25 0.245958 0.493333 0.048499 0.32
24 0.287529 0.493333 0.025404 0.32
2 0.340647 0.493333 0.048499 0.32
0 0.391455 0.513333 0.04388 0.36
9 0.463048 0.386667 0.066975 0.64
0 0.526559 0.493333 0.050808 0.32
20 0.583141 0.493333 0.053118 0.32
2 0.646651 0.493333 0.064665 0.32
19 0.712471 0.493333 0.057737 0.32
2 0.767898 0.493333 0.04388 0.32
8 0.851039 0.62 0.090069 0.626667
24 0.916859 0.493333 0.032333 0.32
20 0.960739 0.52 0.046189 0.373333
