19 0.021936 0.493333 0.043873 0.32
25 0.065053 0.493333 0.036309 0.32
0 0.103631 0.493333 0.034796 0.32
5 0.151286 0.493333 0.039334 0.32
7 0.183056 0.493333 0.018154 0.32
10 0.216339 0.493333 0.027231 0.32
1 0.251135 0.493333 0.036309 0.32
17 0.29652 0.493333 0.033283 0.32
11 0.33056 0.493333 0.028744 0.32
0 0.363086 0.52 0.030257 0.373333
24 0.386536 0.493333 0.01059 0.32
17 0.416793 0.493333 0.028744 0.32
24 0.440998 0.493333 0.013616 0.32
3 0.463691 0.493333 0.025719 0.32
11 0.493949 0.506667 0.028744 0.346667
20 0.533283 0.5 0.028744 0.333333
0 0.569592 0.493333 0.037821 0.32
2 0.614977 0.493333 0.03177 0.32
17 0.65053 0.493333 0.033283 0.32
25 0.694402 0.493333 0.033283 0.32
13 0.728442 0.493333 0.028744 0.32
2 0.768533 0.493333 0.045386 0.32
9 0.819213 0.373333 0.034796 0.613333
24 0.843419 0.493333 0.007564 0.32
7 0.860061 0.493333 0.019667 0.32
9 0.885023 0.393333 0.024206 0.653333
1 0.91528 0.493333 0.030257 0.32
9 0.961422 0.373333 0.055976 0.613333
