10 0.019608 0.493333 0.039216 0.32
3 0.062092 0.493333 0.037037 0.32
0 0.114379 0.526667 0.058824 0.386667
12 0.172113 0.613333 0.026144 0.613333
11 0.204793 0.493333 0.030501 0.32
25 0.261438 0.506667 0.052288 0.346667
7 0.308279 0.526667 0.03268 0.386667
0 0.344227 0.513333 0.030501 0.36
9 0.396514 0.373333 0.065359 0.613333
11 0.45098 0.493333 0.034858 0.32
24 0.494553 0.493333 0.021786 0.32
0 0.533769 0.493333 0.04793 0.32
16 0.617647 0.62 0.089325 0.626667
17 0.690632 0.493333 0.04793 0.32
5 0.745098 0.493333 0.052288 0.32
11 0.795207 0.493333 0.039216 0.32
5 0.858388 0.493333 0.056645 0.32
17 0.911765 0.5 0.041394 0.333333
25 0.960784 0.493333 0.04793 0.32
