9 0.018342 0.346667 0.036685 0.666667
0 0.057065 0.506667 0.035326 0.346667
19 0.094429 0.5 0.033967 0.333333
14 0.125 0.493333 0.021739 0.32
13 0.147418 0.493333 0.017663 0.32
20 0.180027 0.493333 0.028533 0.32
25 0.211957 0.493333 0.029891 0.32
2 0.244565 0.493333 0.029891 0.32
17 0.288043 0.493333 0.038043 0.32
19 0.328804 0.493333 0.038043 0.32
0 0.368886 0.52 0.036685 0.373333
20 0.400815 0.493333 0.021739 0.32
0 0.430707 0.493333 0.032609 0.32
5 0.469429 0.493333 0.025815 0.32
7 0.499321 0.493333 0.028533 0.32
9 0.536685 0.373333 0.040761 0.613333
9 0.58288 0.38 0.032609 0.626667
1 0.61413 0.493333 0.024457 0.32
0 0.657609 0.493333 0.043478 0.32
24 0.689538 0.493333 0.014946 0.32
5 0.715353 0.493333 0.03125 0.32
9 0.756793 0.373333 0.032609 0.613333
7 0.786005 0.493333 0.02038 0.32
24 0.811821 0.493333 0.012228 0.32
25 0.835598 0.493333 0.029891 0.32
5 0.866848 0.493333 0.027174 0.32
25 0.898098 0.526667 0.029891 0.386667
9 0.938859 0.373333 0.032609 0.64
1 0.974185 0.493333 0.032609 0.32
