25 0.015152 0.493333 0.030303 0.32
13 0.046717 0.493333 0.027778 0.32
2 0.077652 0.493333 0.02904 0.32
9 0.111742 0.38 0.034091 0.626667
10 0.147096 0.52 0.018939 0.373333
1 0.173611 0.493333 0.02904 0.32
25 0.209596 0.493333 0.025253 0.32
13 0.234217 0.52 0.018939 0.373333
2 0.262626 0.493333 0.032828 0.32
11 0.293561 0.493333 0.02399 0.32
25 0.32702 0.493333 0.025253 0.32
19 0.359217 0.493333 0.034091 0.32
19 0.394571 0.493333 0.031566 0.32
5 0.425505 0.493333 0.025253 0.32
5 0.462121 0.493333 0.030303 0.32
2 0.494949 0.493333 0.030303 0.32
5 0.527778 0.493333 0.030303 0.32
9 0.558081 0.38 0.025253 0.626667
24 0.587121 0.493333 0.015152 0.32
2 0.608586 0.493333 0.022727 0.32
24 0.63447 0.493333 0.011364 0.32
0 0.654672 0.493333 0.02399 0.32
12 0.678662 0.613333 0.018939 0.613333
25 0.703914 0.493333 0.026515 0.32
3 0.729167 0.493333 0.018939 0.32
20 0.763889 0.493333 0.032828 0.32
0 0.799874 0.526667 0.034091 0.386667
0 0.832702 0.493333 0.026515 0.32
9 0.861742 0.373333 0.026515 0.613333
9 0.891414 0.373333 0.027778 0.613333
0 0.919823 0.493333 0.02399 0.32
25 0.954545 0.526667 0.027778 0.386667
14 0.981061 0.5 0.020202 0.333333
