25 0.021649 0.493333 0.043299 0.32
19 0.072165 0.493333 0.049485 0.32
3 0.117526 0.493333 0.03299 0.32
16 0.172165 0.593333 0.068041 0.653333
11 0.229897 0.493333 0.039175 0.32
9 0.289691 0.38 0.051546 0.626667
1 0.338144 0.493333 0.037113 0.32
12 0.385567 0.613333 0.028866 0.613333
24 0.423711 0.493333 0.039175 0.32
5 0.470103 0.493333 0.045361 0.32
25 0.528866 0.493333 0.043299 0.32
9 0.581443 0.373333 0.053608 0.613333
0 0.631959 0.493333 0.039175 0.32
25 0.690722 0.493333 0.049485 0.32
7 0.73299 0.493333 0.026804 0.32
20 0.785567 0.493333 0.049485 0.32
24 0.825773 0.493333 0.02268 0.32
17 0.860825 0.5 0.039175 0.333333
24 0.896907 0.493333 0.024742 0.32
2 0.93299 0.493333 0.039175 0.32
4 0.971134 0.493333 0.028866 0.32
