10 0.012611 0.506667 0.025223 0.346667
24 0.035608 0.493333 0.014837 0.32
9 0.068991 0.38 0.045994 0.626667
19 0.115727 0.493333 0.041543 0.32
9 0.168398 0.366667 0.043027 0.626667
1 0.21365 0.493333 0.041543 0.32
20 0.252226 0.493333 0.029674 0.32
0 0.289318 0.52 0.038576 0.373333
24 0.318991 0.5 0.014837 0.333333
5 0.349407 0.493333 0.040059 0.32
25 0.397626 0.493333 0.035608 0.32
3 0.436944 0.493333 0.037092 0.32
17 0.471068 0.493333 0.025223 0.32
6 0.501484 0.493333 0.029674 0.32
0 0.537092 0.493333 0.035608 0.32
24 0.566766 0.493333 0.017804 0.32
5 0.603858 0.5 0.035608 0.333333
11 0.635757 0.493333 0.022255 0.32
5 0.674332 0.493333 0.034125 0.32
25 0.710682 0.493333 0.032641 0.32
5 0.744807 0.513333 0.029674 0.36
13 0.773739 0.493333 0.022255 0.32
10 0.80638 0.493333 0.022255 0.32
25 0.836053 0.493333 0.031157 0.32
14 0.866469 0.493333 0.023739 0.32
7 0.891691 0.493333 0.020772 0.32
10 0.923591 0.493333 0.022255 0.32
4 0.95549 0.493333 0.035608 0.32
24 0.982938 0.493333 0.013353 0.32
