25 0.017762 0.493333 0.035524 0.32
9 0.062167 0.366667 0.046181 0.626667
0 0.104796 0.493333 0.031972 0.32
9 0.15897 0.38 0.069272 0.626667
5 0.225577 0.493333 0.039076 0.32
7 0.261989 0.493333 0.026643 0.32
20 0.294849 0.493333 0.031972 0.32
0 0.330373 0.526667 0.031972 0.386667
24 0.358792 0.493333 0.017762 0.32
17 0.396092 0.493333 0.031972 0.32
19 0.44405 0.493333 0.056838 0.32
1 0.491119 0.5 0.030195 0.333333
9 0.549734 0.373333 0.062167 0.64
0 0.608348 0.493333 0.047957 0.32
16 0.679396 0.6 0.069272 0.64
3 0.736234 0.493333 0.0373 0.32
5 0.778863 0.52 0.040853 0.373333
10 0.828597 0.493333 0.033748 0.32
1 0.873002 0.493333 0.047957 0.32
5 0.927176 0.506667 0.035524 0.346667
2 0.968028 0.493333 0.039076 0.32
