0 0.028533 0.493333 0.057065 0.32
9 0.092391 0.373333 0.059783 0.613333
24 0.153533 0.493333 0.05163 0.32
9 0.221467 0.38 0.07337 0.626667
10 0.300272 0.493333 0.046196 0.32
3 0.349185 0.493333 0.040761 0.32
0 0.403533 0.493333 0.057065 0.32
25 0.491848 0.493333 0.081522 0.32
17 0.572011 0.513333 0.067935 0.36
2 0.639946 0.493333 0.057065 0.32
3 0.697011 0.493333 0.046196 0.32
9 0.76087 0.366667 0.043478 0.626667
1 0.824728 0.493333 0.07337 0.32
10 0.889946 0.493333 0.046196 0.32
0 0.949728 0.493333 0.0625 0.32
