21 0.020129 0.493333 0.040258 0.32
9 0.064412 0.386667 0.041868 0.64
14 0.105475 0.493333 0.033816 0.32
10 0.148148 0.493333 0.028986 0.32
5 0.183575 0.493333 0.035427 0.32
20 0.231079 0.493333 0.037037 0.32
0 0.273752 0.493333 0.041868 0.32
10 0.31401 0.493333 0.032206 0.32
24 0.34219 0.493333 0.017713 0.32
17 0.374396 0.513333 0.040258 0.36
9 0.413849 0.373333 0.032206 0.613333
20 0.459742 0.493333 0.037037 0.32
0 0.49839 0.493333 0.033816 0.32
20 0.541063 0.493333 0.045089 0.32
24 0.574879 0.493333 0.016103 0.32
2 0.608696 0.493333 0.045089 0.32
0 0.651369 0.493333 0.033816 0.32
25 0.698873 0.493333 0.038647 0.32
19 0.747182 0.493333 0.05153 0.32
0 0.792271 0.5 0.032206 0.333333
17 0.830918 0.506667 0.038647 0.346667
9 0.876812 0.38 0.046699 0.626667
9 0.930757 0.386667 0.038647 0.64
24 0.958132 0.493333 0.009662 0.32
7 0.977456 0.493333 0.022544 0.32
