6 0.019588 0.506667 0.039175 0.346667
24 0.051546 0.5 0.016495 0.333333
17 0.082474 0.493333 0.037113 0.32
10 0.129897 0.493333 0.028866 0.32
0 0.170103 0.493333 0.043299 0.32
12 0.220619 0.613333 0.028866 0.613333
11 0.256701 0.493333 0.035052 0.32
19 0.310309 0.493333 0.063918 0.32
19 0.37732 0.493333 0.061856 0.32
0 0.429897 0.493333 0.035052 0.32
5 0.482474 0.493333 0.041237 0.32
3 0.527835 0.493333 0.041237 0.32
13 0.563918 0.493333 0.02268 0.32
9 0.604124 0.386667 0.049485 0.64
0 0.652577 0.493333 0.039175 0.32
5 0.709278 0.493333 0.045361 0.32
7 0.756701 0.493333 0.041237 0.32
10 0.81134 0.493333 0.039175 0.32
2 0.862887 0.493333 0.05567 0.32
20 0.914433 0.493333 0.039175 0.32
0 0.961856 0.493333 0.047423 0.32
