10 0.020202 0.493333 0.040404 0.32
0 0.070707 0.493333 0.050505 0.32
10 0.138889 0.493333 0.050505 0.32
2 0.191919 0.493333 0.045455 0.32
25 0.258838 0.493333 0.05303 0.32
19 0.328283 0.506667 0.075758 0.32
16 0.406566 0.613333 0.070707 0.613333
2 0.484848 0.52 0.075758 0.373333
11 0.54798 0.526667 0.040404 0.386667
3 0.611111 0.493333 0.050505 0.32
2 0.671717 0.493333 0.060606 0.32
24 0.719697 0.493333 0.025253 0.32
0 0.762626 0.493333 0.050505 0.32
5 0.823232 0.493333 0.060606 0.32
25 0.901515 0.52 0.060606 0.373333
7 0.959596 0.493333 0.045455 0.32
