20 0.027981 0.52 0.055961 0.373333
0 0.087591 0.513333 0.053528 0.36
25 0.160584 0.493333 0.058394 0.32
6 0.216545 0.493333 0.043796 0.32
0 0.265207 0.5 0.043796 0.333333
24 0.313869 0.493333 0.019465 0.32
5 0.357664 0.493333 0.058394 0.32
24 0.406326 0.493333 0.029197 0.32
0 0.447689 0.493333 0.043796 0.32
24 0.486618 0.493333 0.024331 0.32
5 0.530414 0.493333 0.053528 0.32
1 0.615572 0.5 0.082725 0.333333
3 0.678832 0.506667 0.034063 0.346667
25 0.729927 0.493333 0.058394 0.32
24 0.788321 0.526667 0.024331 0.386667
0 0.829684 0.493333 0.048662 0.32
20 0.899027 0.493333 0.055961 0.32
2 0.957421 0.493333 0.051095 0.32
