10 0.012915 0.493333 0.02583 0.32
5 0.051661 0.493333 0.04428 0.32
25 0.097786 0.526667 0.04059 0.386667
19 0.145756 0.493333 0.04797 0.32
13 0.187269 0.493333 0.027675 0.32
0 0.221402 0.506667 0.03321 0.346667
20 0.26845 0.506667 0.035055 0.346667
11 0.306273 0.493333 0.03321 0.32
17 0.354244 0.493333 0.0369 0.32
2 0.395756 0.493333 0.038745 0.32
4 0.442804 0.493333 0.04797 0.32
10 0.5 0.493333 0.04059 0.32
3 0.543358 0.493333 0.038745 0.32
5 0.588561 0.493333 0.04428 0.32
10 0.638376 0.493333 0.02952 0.32
1 0.674354 0.506667 0.035055 0.346667
9 0.726937 0.393333 0.04428 0.653333
24 0.76107 0.493333 0.016605 0.32
19 0.799815 0.493333 0.053506 0.32
9 0.852399 0.38 0.04428 0.626667
0 0.900369 0.493333 0.02583 0.32
24 0.923432 0.493333 0.012915 0.32
5 0.950185 0.526667 0.03321 0.386667
24 0.978782 0.493333 0.016605 0.32
