9 0.020864 0.393333 0.041729 0.653333
7 0.055887 0.506667 0.022355 0.346667
11 0.082712 0.493333 0.025335 0.32
9 0.121461 0.38 0.031297 0.626667
0 0.169151 0.526667 0.058122 0.386667
0 0.222057 0.52 0.041729 0.373333
9 0.266766 0.373333 0.041729 0.613333
14 0.301788 0.493333 0.022355 0.32
2 0.33383 0.493333 0.035768 0.32
25 0.38003 0.493333 0.035768 0.32
3 0.411326 0.493333 0.020864 0.32
12 0.445604 0.613333 0.026826 0.64
2 0.477645 0.493333 0.031297 0.32
25 0.52161 0.52 0.035768 0.373333
3 0.552161 0.493333 0.019374 0.32
5 0.590164 0.493333 0.035768 0.32
21 0.630402 0.493333 0.038748 0.32
11 0.66766 0.493333 0.029806 0.32
19 0.709389 0.493333 0.04769 0.32
5 0.755589 0.493333 0.038748 0.32
5 0.798808 0.526667 0.026826 0.386667
2 0.833085 0.526667 0.035768 0.386667
17 0.868107 0.493333 0.028316 0.32
1 0.905365 0.526667 0.040238 0.386667
24 0.935917 0.506667 0.014903 0.346667
19 0.967958 0.493333 0.043219 0.32
