12 0.017677 0.62 0.035354 0.626667
11 0.068182 0.493333 0.055556 0.32
1 0.131313 0.493333 0.060606 0.32
3 0.185606 0.493333 0.037879 0.32
25 0.234848 0.493333 0.050505 0.32
12 0.291667 0.613333 0.027778 0.613333
3 0.334596 0.493333 0.04798 0.32
10 0.391414 0.493333 0.055556 0.32
19 0.459596 0.493333 0.070707 0.32
5 0.541667 0.5 0.058081 0.333333
7 0.597222 0.493333 0.042929 0.32
2 0.64899 0.513333 0.050505 0.36
24 0.686869 0.493333 0.015152 0.32
21 0.736111 0.493333 0.073232 0.32
0 0.816919 0.493333 0.05303 0.32
2 0.882576 0.493333 0.068182 0.32
5 0.95202 0.5 0.060606 0.333333
