6 0.017921 0.493333 0.035842 0.32
11 0.054659 0.493333 0.030466 0.32
19 0.09767 0.493333 0.048387 0.32
12 0.148746 0.613333 0.028674 0.613333
11 0.179211 0.5 0.02509 0.333333
0 0.22043 0.52 0.050179 0.373333
9 0.283154 0.38 0.050179 0.626667
0 0.324373 0.513333 0.02509 0.36
10 0.358423 0.493333 0.035842 0.32
25 0.397849 0.493333 0.035842 0.32
19 0.44086 0.493333 0.043011 0.32
19 0.491935 0.493333 0.051971 0.32
25 0.550179 0.493333 0.039427 0.32
3 0.594982 0.5 0.043011 0.333333
12 0.63172 0.62 0.023297 0.626667
24 0.65681 0.493333 0.019713 0.32
13 0.681004 0.493333 0.021505 0.32
0 0.712366 0.493333 0.03405 0.32
10 0.753584 0.493333 0.023297 0.32
24 0.776882 0.493333 0.016129 0.32
25 0.808244 0.526667 0.039427 0.386667
2 0.853943 0.493333 0.044803 0.32
16 0.921147 0.613333 0.064516 0.613333
3 0.972222 0.493333 0.030466 0.32
