18 0.015152 0.526667 0.030303 0.386667
0 0.048485 0.493333 0.030303 0.32
24 0.073485 0.493333 0.013636 0.32
11 0.091667 0.493333 0.016667 0.32
5 0.117424 0.493333 0.028788 0.32
16 0.163636 0.606667 0.042424 0.626667
26 0.193182 0.493333 0.010606 0.32
6 0.213636 0.493333 0.024242 0.32
5 0.243182 0.526667 0.028788 0.386667
0 0.284848 0.513333 0.033333 0.36
25 0.327273 0.493333 0.045455 0.32
5 0.368182 0.493333 0.030303 0.32
20 0.409091 0.506667 0.030303 0.346667
0 0.439394 0.493333 0.024242 0.32
19 0.473485 0.533333 0.037879 0.4
3 0.511364 0.493333 0.031818 0.32
24 0.534848 0.526667 0.009091 0.386667
16 0.572727 0.613333 0.060606 0.613333
9 0.632576 0.373333 0.037879 0.613333
1 0.671212 0.493333 0.033333 0.32
25 0.707576 0.493333 0.033333 0.32
2 0.747727 0.493333 0.040909 0.32
24 0.777273 0.493333 0.012121 0.32
9 0.813636 0.38 0.039394 0.626667
1 0.859091 0.5 0.045455 0.333333
25 0.908333 0.493333 0.031818 0.32
16 0.958333 0.62 0.062121 0.626667
