12 0.02381 0.613333 0.047619 0.613333
5 0.081454 0.493333 0.057644 0.32
24 0.125313 0.493333 0.02005 0.32
14 0.159148 0.493333 0.037594 0.32
0 0.209273 0.493333 0.052632 0.32
9 0.290727 0.36 0.075188 0.64
24 0.35213 0.493333 0.037594 0.32
7 0.39599 0.493333 0.0401 0.32
9 0.469925 0.38 0.072682 0.626667
1 0.548872 0.493333 0.075188 0.32
24 0.614035 0.493333 0.02005 0.32
11 0.657895 0.493333 0.057644 0.32
1 0.733083 0.493333 0.082707 0.32
0 0.810777 0.493333 0.062657 0.32
2 0.877193 0.506667 0.06015 0.346667
5 0.947368 0.493333 0.070175 0.32
