24 0.007728 0.493333 0.015456 0.32
9 0.040958 0.386667 0.044822 0.64
20 0.081144 0.493333 0.029366 0.32
0 0.119784 0.526667 0.041731 0.386667
9 0.174652 0.38 0.046368 0.653333
1 0.22102 0.493333 0.040185 0.32
3 0.255796 0.493333 0.023184 0.32
6 0.285162 0.526667 0.029366 0.386667
25 0.319938 0.526667 0.034003 0.386667
9 0.370943 0.38 0.046368 0.626667
24 0.404946 0.493333 0.015456 0.32
7 0.425039 0.493333 0.018547 0.32
20 0.452859 0.493333 0.030912 0.32
0 0.487635 0.513333 0.032457 0.36
20 0.531685 0.486667 0.030912 0.306667
9 0.574189 0.373333 0.044822 0.613333
1 0.614374 0.5 0.029366 0.333333
0 0.655332 0.493333 0.030912 0.32
9 0.700927 0.38 0.054096 0.626667
24 0.744204 0.493333 0.010819 0.32
9 0.787481 0.38 0.069552 0.626667
12 0.836167 0.606667 0.021638 0.626667
11 0.86476 0.493333 0.029366 0.32
9 0.90881 0.38 0.037094 0.626667
0 0.950541 0.493333 0.040185 0.32
24 0.981453 0.513333 0.015456 0.36
