9 0.025472 0.366667 0.050943 0.626667
0 0.071698 0.493333 0.033962 0.32
5 0.109434 0.513333 0.033962 0.36
1 0.15566 0.506667 0.050943 0.346667
19 0.211321 0.493333 0.05283 0.32
17 0.267925 0.493333 0.05283 0.32
10 0.324528 0.493333 0.033962 0.32
19 0.369811 0.493333 0.049057 0.32
5 0.417925 0.493333 0.039623 0.32
25 0.471698 0.493333 0.041509 0.32
7 0.510377 0.493333 0.028302 0.32
12 0.551887 0.606667 0.028302 0.626667
25 0.592453 0.52 0.045283 0.373333
0 0.638679 0.493333 0.039623 0.32
24 0.669811 0.493333 0.015094 0.32
20 0.706604 0.493333 0.032075 0.32
1 0.751887 0.493333 0.050943 0.32
3 0.79434 0.506667 0.026415 0.346667
20 0.839623 0.493333 0.037736 0.32
0 0.880189 0.493333 0.035849 0.32
25 0.930189 0.493333 0.037736 0.32
9 0.969811 0.373333 0.033962 0.613333
