10 0.01189 0.493333 0.02378 0.32
25 0.045056 0.493333 0.037547 0.32
14 0.076971 0.486667 0.018773 0.306667
9 0.100125 0.373333 0.020025 0.613333
0 0.127034 0.513333 0.028786 0.36
5 0.158323 0.5 0.028786 0.333333
3 0.194618 0.493333 0.026283 0.32
1 0.220275 0.493333 0.020025 0.32
17 0.250939 0.493333 0.02378 0.32
19 0.283479 0.493333 0.036295 0.32
2 0.31602 0.493333 0.02378 0.32
12 0.34418 0.613333 0.015019 0.613333
24 0.359199 0.493333 0.010013 0.32
13 0.375469 0.493333 0.017522 0.32
0 0.397997 0.493333 0.022528 0.32
9 0.435544 0.373333 0.035044 0.613333
24 0.46433 0.493333 0.017522 0.32
1 0.490613 0.493333 0.030038 0.32
16 0.54005 0.606667 0.051314 0.626667
24 0.571965 0.493333 0.007509 0.32
6 0.593242 0.506667 0.030038 0.346667
17 0.620776 0.493333 0.020025 0.32
9 0.653942 0.373333 0.028786 0.613333
2 0.687735 0.493333 0.033792 0.32
2 0.720275 0.493333 0.026283 0.32
25 0.755945 0.493333 0.027534 0.32
9 0.790363 0.366667 0.036295 0.626667
9 0.829787 0.38 0.025031 0.626667
1 0.864205 0.493333 0.038798 0.32
24 0.892365 0.493333 0.012516 0.32
0 0.916145 0.493333 0.030038 0.32
25 0.947434 0.493333 0.027534 0.32
5 0.977472 0.493333 0.027534 0.32
