10 0.013889 0.513333 0.027778 0.36
19 0.065476 0.493333 0.06746 0.32
25 0.132937 0.493333 0.039683 0.32
7 0.174603 0.493333 0.035714 0.32
25 0.21627 0.493333 0.039683 0.32
14 0.256944 0.493333 0.03373 0.32
13 0.293651 0.493333 0.031746 0.32
0 0.328373 0.493333 0.029762 0.32
12 0.37004 0.606667 0.025794 0.626667
11 0.402778 0.5 0.031746 0.333333
0 0.441468 0.493333 0.037698 0.32
0 0.497024 0.493333 0.045635 0.32
9 0.543651 0.333333 0.039683 0.506667
25 0.599206 0.493333 0.039683 0.32
7 0.636905 0.493333 0.027778 0.32
25 0.688492 0.52 0.047619 0.373333
7 0.729167 0.493333 0.025794 0.32
25 0.779762 0.506667 0.047619 0.346667
3 0.828373 0.493333 0.041667 0.32
2 0.872024 0.493333 0.037698 0.32
0 0.924603 0.52 0.039683 0.373333
3 0.967262 0.493333 0.037698 0.32
