25 0.027708 0.493333 0.055416 0.32
3 0.083123 0.493333 0.04534 0.32
20 0.148615 0.493333 0.050378 0.32
0 0.201511 0.526667 0.04534 0.386667
3 0.263224 0.493333 0.042821 0.32
1 0.312343 0.493333 0.04534 0.32
20 0.380353 0.493333 0.055416 0.32
11 0.433249 0.493333 0.040302 0.32
0 0.481108 0.493333 0.04534 0.32
0 0.536524 0.493333 0.055416 0.32
25 0.599496 0.493333 0.060453 0.32
7 0.646096 0.493333 0.02267 0.32
5 0.711587 0.506667 0.073048 0.32
2 0.782116 0.486667 0.057935 0.333333
0 0.855164 0.526667 0.052897 0.386667
9 0.919395 0.38 0.065491 0.626667
24 0.969773 0.493333 0.025189 0.32
