25 0.019894 0.5 0.039788 0.333333
6 0.058355 0.526667 0.03183 0.386667
24 0.086207 0.493333 0.018568 0.32
17 0.10809 0.493333 0.019894 0.32
24 0.127984 0.493333 0.014589 0.32
25 0.159151 0.526667 0.029178 0.386667
3 0.188992 0.493333 0.025199 0.32
9 0.218833 0.38 0.029178 0.626667
1 0.255968 0.52 0.039788 0.373333
25 0.299072 0.493333 0.027851 0.32
3 0.323607 0.493333 0.015915 0.32
3 0.345491 0.493333 0.022546 0.32
2 0.371353 0.52 0.023873 0.373333
1 0.399204 0.493333 0.026525 0.32
24 0.422414 0.493333 0.014589 0.32
10 0.448939 0.493333 0.019894 0.32
25 0.481432 0.493333 0.039788 0.32
11 0.511273 0.493333 0.014589 0.32
17 0.53382 0.493333 0.025199 0.32
2 0.564987 0.506667 0.03183 0.346667
24 0.595491 0.493333 0.01061 0.32
13 0.614058 0.493333 0.02122 0.32
9 0.643899 0.38 0.033156 0.626667
1 0.683024 0.493333 0.039788 0.32
11 0.71817 0.493333 0.025199 0.32
11 0.743369 0.493333 0.019894 0.32
12 0.77122 0.606667 0.017241 0.626667
11 0.791777 0.493333 0.018568 0.32
20 0.812334 0.493333 0.017241 0.32
20 0.840849 0.506667 0.02122 0.346667
6 0.8687 0.513333 0.029178 0.36
0 0.905836 0.5 0.039788 0.333333
20 0.94496 0.493333 0.033156 0.32
0 0.977454 0.52 0.026525 0.373333
