10 0.014706 0.493333 0.029412 0.32
25 0.047988 0.493333 0.03096 0.32
11 0.078947 0.493333 0.024768 0.32
19 0.119969 0.493333 0.051084 0.32
20 0.174923 0.493333 0.037152 0.32
0 0.216718 0.493333 0.040248 0.32
24 0.248452 0.493333 0.017028 0.32
26 0.266254 0.493333 0.012384 0.32
5 0.290248 0.493333 0.029412 0.32
12 0.330495 0.613333 0.029412 0.613333
1 0.363003 0.493333 0.029412 0.32
3 0.397833 0.513333 0.034056 0.36
16 0.443498 0.606667 0.051084 0.626667
14 0.485294 0.493333 0.026316 0.32
2 0.517802 0.493333 0.032508 0.32
25 0.563467 0.52 0.037152 0.373333
9 0.604489 0.38 0.0387 0.626667
7 0.639319 0.5 0.024768 0.333333
20 0.678019 0.493333 0.03096 0.32
0 0.712848 0.493333 0.032508 0.32
9 0.758514 0.373333 0.037152 0.613333
0 0.794892 0.493333 0.029412 0.32
5 0.839009 0.493333 0.037152 0.32
7 0.872291 0.493333 0.02322 0.32
9 0.904025 0.373333 0.034056 0.613333
1 0.940402 0.52 0.032508 0.373333
2 0.974458 0.493333 0.029412 0.32
