17 0.029577 0.493333 0.059155 0.32
2 0.095775 0.5 0.061972 0.333333
3 0.159155 0.506667 0.053521 0.346667
25 0.219718 0.493333 0.056338 0.32
7 0.276056 0.493333 0.04507 0.32
9 0.347887 0.36 0.059155 0.666667
14 0.401408 0.52 0.03662 0.373333
19 0.471831 0.493333 0.092958 0.32
25 0.55493 0.493333 0.061972 0.32
10 0.632394 0.493333 0.053521 0.32
6 0.691549 0.493333 0.053521 0.32
24 0.739437 0.493333 0.030986 0.32
7 0.783099 0.493333 0.04507 0.32
24 0.822535 0.493333 0.022535 0.32
12 0.877465 0.613333 0.047887 0.613333
11 0.928169 0.493333 0.042254 0.32
24 0.967606 0.493333 0.025352 0.32
