24 0.006356 0.493333 0.012712 0.32
3 0.026836 0.493333 0.022599 0.32
24 0.047316 0.493333 0.012712 0.32
2 0.073446 0.493333 0.033898 0.32
7 0.103814 0.493333 0.021186 0.32
3 0.139124 0.493333 0.029661 0.32
1 0.170904 0.493333 0.028249 0.32
20 0.206215 0.493333 0.022599 0.32
0 0.235876 0.493333 0.031073 0.32
24 0.262712 0.493333 0.016949 0.32
20 0.285311 0.52 0.022599 0.373333
1 0.31709 0.493333 0.035311 0.32
9 0.358051 0.366667 0.04096 0.626667
9 0.40113 0.373333 0.025424 0.613333
2 0.431497 0.493333 0.029661 0.32
5 0.466102 0.513333 0.033898 0.36
2 0.509181 0.493333 0.032486 0.32
24 0.536723 0.493333 0.016949 0.32
20 0.563559 0.493333 0.031073 0.32
7 0.591102 0.493333 0.018362 0.32
20 0.628531 0.493333 0.036723 0.32
0 0.664548 0.493333 0.029661 0.32
10 0.699153 0.493333 0.019774 0.32
5 0.724576 0.526667 0.025424 0.386667
10 0.754237 0.493333 0.028249 0.32
25 0.785311 0.493333 0.028249 0.32
13 0.813559 0.493333 0.022599 0.32
19 0.853107 0.493333 0.050847 0.32
5 0.904661 0.493333 0.032486 0.32
9 0.944209 0.38 0.04096 0.626667
4 0.978814 0.493333 0.022599 0.32
