12 0.007673 0.58 0.015345 0.68
11 0.027494 0.493333 0.019182 0.32
9 0.06202 0.38 0.031969 0.626667
0 0.098465 0.52 0.035806 0.373333
20 0.136189 0.493333 0.021739 0.32
0 0.164322 0.493333 0.029412 0.32
25 0.201407 0.493333 0.026854 0.32
13 0.233376 0.493333 0.031969 0.32
14 0.262788 0.493333 0.021739 0.32
9 0.292839 0.373333 0.033248 0.613333
9 0.331202 0.373333 0.025575 0.613333
1 0.359974 0.493333 0.026854 0.32
8 0.394501 0.606667 0.024297 0.626667
9 0.427749 0.373333 0.037084 0.613333
25 0.468031 0.5 0.038363 0.333333
25 0.51023 0.493333 0.028133 0.32
3 0.534527 0.493333 0.015345 0.32
5 0.566496 0.493333 0.030691 0.32
7 0.592072 0.493333 0.015345 0.32
9 0.620205 0.373333 0.035806 0.613333
9 0.660486 0.38 0.039642 0.626667
1 0.692455 0.493333 0.019182 0.32
10 0.723146 0.493333 0.024297 0.32
1 0.753197 0.493333 0.030691 0.32
3 0.780691 0.493333 0.019182 0.32
25 0.808184 0.493333 0.030691 0.32
2 0.841432 0.526667 0.030691 0.386667
20 0.873402 0.493333 0.015345 0.32
0 0.896419 0.493333 0.025575 0.32
9 0.93798 0.38 0.039642 0.626667
1 0.975703 0.493333 0.030691 0.32
