9 0.025907 0.38 0.051813 0.626667
1 0.080311 0.493333 0.046632 0.32
5 0.137306 0.493333 0.056995 0.32
2 0.194301 0.493333 0.046632 0.32
4 0.243523 0.493333 0.041451 0.32
0 0.313472 0.526667 0.062176 0.386667
9 0.401554 0.373333 0.103627 0.64
25 0.502591 0.493333 0.062176 0.32
7 0.560881 0.513333 0.044041 0.36
5 0.623057 0.493333 0.069948 0.32
11 0.677461 0.493333 0.028497 0.32
1 0.731865 0.5 0.069948 0.333333
19 0.821244 0.493333 0.072539 0.32
25 0.891192 0.493333 0.056995 0.32
0 0.953368 0.526667 0.056995 0.386667
