9 0.024145 0.373333 0.04829 0.613333
1 0.076459 0.52 0.04829 0.373333
20 0.123742 0.493333 0.038229 0.32
0 0.17505 0.493333 0.056338 0.32
8 0.249497 0.606667 0.064386 0.626667
25 0.307847 0.493333 0.044266 0.32
9 0.373239 0.373333 0.078471 0.64
1 0.443662 0.493333 0.054326 0.32
0 0.493964 0.52 0.038229 0.373333
3 0.530181 0.493333 0.026157 0.32
2 0.587525 0.513333 0.060362 0.36
20 0.645875 0.513333 0.04829 0.36
7 0.690141 0.493333 0.032193 0.32
20 0.737425 0.493333 0.034205 0.32
0 0.778672 0.493333 0.040241 0.32
12 0.812877 0.606667 0.020121 0.626667
11 0.841046 0.493333 0.028169 0.32
20 0.889336 0.493333 0.040241 0.32
0 0.939638 0.493333 0.052314 0.32
24 0.977867 0.493333 0.016097 0.32
