5 0.021891 0.493333 0.043783 0.32
25 0.068301 0.493333 0.042032 0.32
5 0.113835 0.493333 0.042032 0.32
25 0.157618 0.526667 0.038529 0.386667
10 0.205779 0.493333 0.033275 0.32
3 0.252189 0.5 0.052539 0.333333
0 0.301226 0.493333 0.038529 0.32
12 0.345009 0.613333 0.024518 0.613333
5 0.377408 0.493333 0.033275 0.32
2 0.42732 0.493333 0.042032 0.32
24 0.460595 0.493333 0.017513 0.32
17 0.486865 0.493333 0.028021 0.32
2 0.523643 0.493333 0.038529 0.32
9 0.581436 0.353333 0.052539 0.653333
4 0.622592 0.493333 0.022767 0.32
20 0.651489 0.493333 0.028021 0.32
24 0.681261 0.493333 0.024518 0.32
24 0.714536 0.493333 0.017513 0.32
0 0.746935 0.493333 0.04028 0.32
25 0.791594 0.493333 0.042032 0.32
2 0.835377 0.5 0.038529 0.333333
25 0.879159 0.52 0.042032 0.373333
25 0.93345 0.506667 0.042032 0.346667
7 0.972855 0.493333 0.029772 0.32
