10 0.023136 0.493333 0.046272 0.32
1 0.075835 0.493333 0.048843 0.32
25 0.143959 0.5 0.077121 0.333333
13 0.208226 0.493333 0.041131 0.32
3 0.254499 0.493333 0.041131 0.32
0 0.309769 0.493333 0.059126 0.32
16 0.394602 0.613333 0.07455 0.613333
25 0.467866 0.493333 0.061697 0.32
3 0.530848 0.493333 0.053985 0.32
9 0.59383 0.373333 0.061697 0.613333
10 0.663239 0.506667 0.041131 0.346667
0 0.72365 0.493333 0.069409 0.32
24 0.773779 0.493333 0.020566 0.32
25 0.816195 0.493333 0.053985 0.32
9 0.881748 0.38 0.066838 0.626667
0 0.951157 0.5 0.061697 0.333333
