24 0.011801 0.493333 0.023602 0.32
2 0.039752 0.526667 0.027329 0.386667
5 0.068323 0.493333 0.024845 0.32
0 0.097516 0.493333 0.028571 0.32
24 0.125466 0.493333 0.009938 0.32
0 0.145342 0.493333 0.024845 0.32
17 0.170186 0.493333 0.019876 0.32
19 0.199379 0.493333 0.03354 0.32
2 0.236025 0.493333 0.034783 0.32
20 0.276398 0.493333 0.028571 0.32
0 0.307453 0.493333 0.028571 0.32
5 0.345342 0.493333 0.029814 0.32
9 0.381366 0.36 0.037267 0.64
25 0.417391 0.52 0.029814 0.373333
7 0.446584 0.493333 0.023602 0.32
9 0.474534 0.38 0.027329 0.626667
24 0.503106 0.493333 0.012422 0.32
25 0.524845 0.493333 0.026087 0.32
5 0.555901 0.493333 0.031056 0.32
25 0.592547 0.5 0.037267 0.333333
25 0.63354 0.493333 0.027329 0.32
7 0.66087 0.493333 0.02236 0.32
9 0.700621 0.386667 0.034783 0.586667
7 0.730435 0.493333 0.019876 0.32
24 0.751553 0.493333 0.017391 0.32
24 0.775155 0.493333 0.012422 0.32
9 0.799379 0.366667 0.031056 0.626667
8 0.844099 0.606667 0.040994 0.626667
9 0.884472 0.38 0.034783 0.626667
17 0.916149 0.493333 0.023602 0.32
19 0.948447 0.493333 0.036025 0.32
0 0.980124 0.506667 0.02236 0.346667
