9 0.026696 0.38 0.053391 0.626667
0 0.069986 0.493333 0.027417 0.32
25 0.109668 0.526667 0.031746 0.386667
6 0.142857 0.493333 0.02886 0.32
9 0.186147 0.38 0.037518 0.626667
24 0.215729 0.493333 0.015873 0.32
3 0.235931 0.493333 0.018759 0.32
4 0.266955 0.493333 0.037518 0.32
3 0.301587 0.493333 0.025974 0.32
1 0.333333 0.493333 0.031746 0.32
12 0.369408 0.613333 0.020202 0.613333
2 0.403319 0.493333 0.041847 0.32
12 0.436508 0.613333 0.018759 0.613333
25 0.463925 0.493333 0.030303 0.32
0 0.497835 0.506667 0.031746 0.346667
24 0.52381 0.506667 0.01443 0.346667
8 0.564935 0.606667 0.047619 0.626667
24 0.597403 0.493333 0.011544 0.32
25 0.628427 0.493333 0.030303 0.32
14 0.65873 0.493333 0.024531 0.32
17 0.691198 0.513333 0.034632 0.36
19 0.729437 0.493333 0.036075 0.32
0 0.766234 0.493333 0.031746 0.32
10 0.805916 0.493333 0.027417 0.32
25 0.838384 0.493333 0.031746 0.32
11 0.870851 0.493333 0.027417 0.32
2 0.901876 0.493333 0.02886 0.32
24 0.936508 0.493333 0.020202 0.32
2 0.96176 0.493333 0.024531 0.32
24 0.983405 0.526667 0.012987 0.386667
