5 0.023339 0.493333 0.046679 0.32
7 0.061939 0.493333 0.023339 0.32
9 0.099641 0.373333 0.044883 0.613333
0 0.14632 0.493333 0.041293 0.32
20 0.193896 0.5 0.028725 0.333333
0 0.226212 0.493333 0.028725 0.32
24 0.252244 0.493333 0.016158 0.32
25 0.281867 0.493333 0.035907 0.32
9 0.317774 0.38 0.028725 0.626667
1 0.360862 0.486667 0.050269 0.333333
5 0.415619 0.493333 0.034111 0.32
7 0.451526 0.513333 0.030521 0.36
17 0.490126 0.493333 0.039497 0.32
2 0.535009 0.526667 0.043088 0.386667
3 0.575404 0.493333 0.030521 0.32
9 0.626571 0.386667 0.046679 0.64
7 0.667864 0.493333 0.028725 0.32
24 0.704668 0.493333 0.019749 0.32
6 0.736086 0.493333 0.035907 0.32
24 0.764811 0.493333 0.014363 0.32
7 0.785458 0.493333 0.019749 0.32
10 0.822262 0.493333 0.028725 0.32
7 0.855476 0.493333 0.030521 0.32
24 0.883303 0.493333 0.017953 0.32
9 0.91921 0.366667 0.046679 0.706667
1 0.966786 0.493333 0.041293 0.32
