2 0.022772 0.493333 0.045545 0.32
0 0.075248 0.52 0.051485 0.373333
10 0.124752 0.493333 0.039604 0.32
19 0.181188 0.493333 0.065347 0.32
9 0.248515 0.353333 0.041584 0.68
0 0.29703 0.493333 0.047525 0.32
9 0.354455 0.393333 0.059406 0.653333
0 0.40495 0.493333 0.033663 0.32
18 0.459406 0.533333 0.047525 0.4
13 0.50396 0.493333 0.033663 0.32
6 0.552475 0.493333 0.035644 0.32
24 0.584158 0.513333 0.019802 0.36
17 0.616832 0.493333 0.037624 0.32
9 0.666337 0.373333 0.053465 0.613333
0 0.722772 0.493333 0.051485 0.32
24 0.763366 0.493333 0.021782 0.32
9 0.808911 0.373333 0.041584 0.613333
7 0.845545 0.493333 0.023762 0.32
10 0.893069 0.493333 0.043564 0.32
17 0.932673 0.493333 0.027723 0.32
6 0.968317 0.493333 0.035644 0.32
