9 0.023158 0.373333 0.046316 0.613333
1 0.085263 0.493333 0.069474 0.32
17 0.143158 0.493333 0.037895 0.32
2 0.187368 0.493333 0.042105 0.32
3 0.237895 0.493333 0.050526 0.346667
24 0.275789 0.5 0.016842 0.333333
9 0.34 0.38 0.077895 0.546667
7 0.405263 0.493333 0.035789 0.32
5 0.482105 0.506667 0.088421 0.32
11 0.550526 0.493333 0.04 0.32
5 0.598947 0.493333 0.048421 0.32
0 0.665263 0.506667 0.054737 0.346667
9 0.737895 0.38 0.082105 0.626667
25 0.815789 0.493333 0.044211 0.32
3 0.86 0.5 0.035789 0.333333
0 0.902105 0.52 0.04 0.373333
24 0.937895 0.5 0.023158 0.333333
9 0.969474 0.373333 0.031579 0.613333
