24 0.009449 0.493333 0.018898 0.32
17 0.034646 0.493333 0.025197 0.32
18 0.070866 0.5 0.040945 0.333333
0 0.11811 0.493333 0.031496 0.32
5 0.154331 0.493333 0.034646 0.32
9 0.197638 0.38 0.045669 0.626667
0 0.24252 0.493333 0.037795 0.32
9 0.283465 0.38 0.037795 0.626667
9 0.333858 0.373333 0.040945 0.613333
24 0.365354 0.493333 0.015748 0.32
7 0.389764 0.493333 0.026772 0.32
17 0.427559 0.493333 0.026772 0.32
16 0.477165 0.62 0.066142 0.626667
2 0.528346 0.493333 0.029921 0.32
24 0.555906 0.493333 0.018898 0.32
5 0.596063 0.493333 0.03937 0.32
9 0.637008 0.386667 0.03622 0.64
0 0.681102 0.5 0.029921 0.333333
2 0.715748 0.5 0.033071 0.333333
17 0.764567 0.493333 0.04252 0.32
19 0.811811 0.493333 0.045669 0.32
0 0.853543 0.493333 0.031496 0.32
12 0.892126 0.606667 0.023622 0.626667
14 0.919685 0.493333 0.025197 0.32
25 0.951181 0.493333 0.031496 0.32
7 0.979528 0.493333 0.018898 0.32
