20 0.024096 0.493333 0.048193 0.32
7 0.064544 0.493333 0.025818 0.32
9 0.104131 0.346667 0.046472 0.666667
17 0.155766 0.493333 0.032702 0.32
0 0.194492 0.513333 0.037866 0.36
5 0.242685 0.5 0.051635 0.333333
12 0.282272 0.613333 0.020654 0.613333
2 0.312392 0.493333 0.032702 0.32
25 0.361446 0.506667 0.041308 0.346667
13 0.399312 0.493333 0.027539 0.32
2 0.439759 0.493333 0.046472 0.32
16 0.496558 0.613333 0.060241 0.613333
9 0.551635 0.366667 0.043029 0.626667
18 0.600688 0.493333 0.048193 0.32
9 0.658348 0.373333 0.043029 0.613333
0 0.704819 0.493333 0.043029 0.32
24 0.738382 0.493333 0.017212 0.32
18 0.767642 0.493333 0.034423 0.32
6 0.806368 0.493333 0.036145 0.32
5 0.857143 0.493333 0.041308 0.32
25 0.898451 0.493333 0.034423 0.32
6 0.934596 0.493333 0.030981 0.32
20 0.97074 0.5 0.034423 0.333333
