25 0.022222 0.506667 0.044444 0.346667
25 0.067593 0.493333 0.038889 0.32
25 0.110185 0.493333 0.038889 0.32
25 0.153704 0.493333 0.040741 0.32
9 0.214815 0.38 0.055556 0.653333
24 0.256481 0.493333 0.02037 0.32
7 0.284259 0.493333 0.027778 0.32
9 0.332407 0.373333 0.061111 0.64
0 0.396296 0.506667 0.040741 0.346667
24 0.42963 0.493333 0.018519 0.32
5 0.462037 0.513333 0.038889 0.36
3 0.511111 0.493333 0.033333 0.32
6 0.558333 0.493333 0.053704 0.32
0 0.607407 0.493333 0.037037 0.32
20 0.656481 0.493333 0.035185 0.32
0 0.698148 0.493333 0.040741 0.32
8 0.752778 0.586667 0.042593 0.666667
24 0.787963 0.493333 0.02037 0.32
17 0.819444 0.5 0.035185 0.333333
2 0.862963 0.493333 0.044444 0.32
24 0.907407 0.493333 0.018519 0.32
13 0.931481 0.493333 0.022222 0.32
2 0.966667 0.493333 0.040741 0.32
