5 0.01664 0.493333 0.033281 0.32
7 0.043582 0.493333 0.014263 0.32
0 0.068938 0.493333 0.030111 0.32
25 0.106181 0.506667 0.038035 0.346667
7 0.141046 0.493333 0.025357 0.32
5 0.198098 0.506667 0.066561 0.32
17 0.250396 0.493333 0.031696 0.32
5 0.292393 0.493333 0.045959 0.32
21 0.339144 0.506667 0.041204 0.346667
20 0.385103 0.493333 0.028526 0.32
2 0.419176 0.493333 0.033281 0.32
19 0.46355 0.52 0.049128 0.373333
2 0.507924 0.493333 0.033281 0.32
25 0.55309 0.493333 0.034865 0.32
13 0.583201 0.493333 0.019017 0.32
25 0.611727 0.493333 0.031696 0.32
1 0.646593 0.493333 0.031696 0.32
20 0.692552 0.5 0.038035 0.333333
0 0.735341 0.493333 0.041204 0.32
6 0.793185 0.506667 0.052298 0.32
16 0.849445 0.606667 0.053883 0.626667
20 0.897781 0.493333 0.03645 0.32
25 0.94374 0.493333 0.033281 0.32
3 0.976228 0.513333 0.025357 0.36
