25 0.016484 0.493333 0.032967 0.32
6 0.053375 0.513333 0.034537 0.36
1 0.100471 0.493333 0.037677 0.32
19 0.142072 0.493333 0.039246 0.32
17 0.186813 0.493333 0.043956 0.32
5 0.228414 0.493333 0.032967 0.32
19 0.282575 0.52 0.053375 0.373333
0 0.325746 0.506667 0.026688 0.346667
10 0.352433 0.493333 0.020408 0.32
1 0.381476 0.493333 0.031397 0.32
24 0.407378 0.493333 0.014129 0.32
9 0.4427 0.373333 0.034537 0.613333
0 0.480377 0.493333 0.034537 0.32
9 0.528257 0.386667 0.039246 0.64
1 0.572214 0.526667 0.042386 0.386667
5 0.613815 0.5 0.034537 0.333333
19 0.661695 0.493333 0.054945 0.32
24 0.698587 0.506667 0.012559 0.346667
11 0.718995 0.493333 0.021978 0.32
5 0.762166 0.493333 0.042386 0.32
9 0.813972 0.366667 0.054945 0.626667
20 0.867347 0.493333 0.029827 0.32
17 0.898744 0.493333 0.026688 0.32
6 0.931711 0.493333 0.032967 0.32
0 0.970173 0.493333 0.037677 0.32
