0 0.02 0.526667 0.04 0.386667
24 0.053684 0.493333 0.018947 0.32
5 0.095789 0.493333 0.056842 0.32
5 0.148421 0.493333 0.04 0.32
5 0.208421 0.513333 0.050526 0.36
7 0.251579 0.493333 0.027368 0.32
24 0.277895 0.493333 0.016842 0.32
5 0.326316 0.493333 0.050526 0.32
11 0.370526 0.493333 0.029474 0.32
5 0.404211 0.553333 0.029474 0.173333
25 0.446316 0.493333 0.046316 0.32
3 0.495789 0.493333 0.044211 0.32
25 0.547368 0.52 0.050526 0.373333
24 0.598947 0.493333 0.023158 0.32
0 0.64 0.526667 0.050526 0.386667
17 0.701053 0.493333 0.042105 0.32
19 0.761053 0.506667 0.069474 0.32
0 0.822105 0.493333 0.044211 0.32
20 0.870526 0.493333 0.044211 0.32
25 0.918947 0.493333 0.044211 0.32
2 0.965263 0.493333 0.04 0.32
