3 0.009498 0.506667 0.018996 0.346667
25 0.035957 0.493333 0.028494 0.32
2 0.067843 0.493333 0.029851 0.32
25 0.107191 0.493333 0.029851 0.32
5 0.141113 0.493333 0.032564 0.32
5 0.182497 0.493333 0.031208 0.32
14 0.213026 0.493333 0.024423 0.32
17 0.240841 0.493333 0.02578 0.32
6 0.267978 0.493333 0.023066 0.32
12 0.297151 0.58 0.016282 0.68
7 0.319539 0.506667 0.023066 0.346667
12 0.352103 0.613333 0.023066 0.613333
25 0.382632 0.506667 0.032564 0.346667
0 0.415875 0.5 0.028494 0.333333
17 0.451153 0.493333 0.023066 0.32
2 0.490502 0.493333 0.050204 0.32
4 0.535957 0.493333 0.035278 0.32
3 0.576662 0.493333 0.027137 0.32
1 0.605156 0.493333 0.024423 0.32
24 0.626866 0.493333 0.013569 0.32
19 0.65943 0.506667 0.046133 0.32
1 0.701493 0.493333 0.032564 0.32
1 0.739484 0.493333 0.024423 0.32
17 0.767978 0.493333 0.027137 0.32
20 0.799864 0.493333 0.031208 0.32
0 0.833107 0.513333 0.029851 0.36
25 0.871099 0.493333 0.027137 0.32
9 0.907734 0.373333 0.040706 0.613333
24 0.938263 0.493333 0.014925 0.32
9 0.969471 0.386667 0.042062 0.64
