5 0.022869 0.493333 0.045738 0.32
26 0.058212 0.493333 0.016632 0.32
9 0.093555 0.373333 0.045738 0.613333
24 0.128898 0.493333 0.016632 0.32
7 0.156965 0.513333 0.031185 0.36
24 0.197505 0.526667 0.02079 0.386667
9 0.233888 0.366667 0.043659 0.626667
10 0.295218 0.493333 0.049896 0.32
5 0.349272 0.493333 0.049896 0.32
0 0.411642 0.506667 0.045738 0.346667
24 0.451143 0.493333 0.024948 0.32
3 0.492723 0.493333 0.049896 0.32
1 0.539501 0.493333 0.035343 0.32
24 0.568607 0.493333 0.014553 0.32
17 0.614345 0.513333 0.047817 0.36
19 0.66632 0.493333 0.047817 0.32
0 0.711019 0.493333 0.033264 0.32
20 0.766112 0.513333 0.047817 0.36
0 0.819127 0.493333 0.049896 0.32
9 0.893971 0.373333 0.070686 0.613333
0 0.959459 0.5 0.051975 0.333333
