25 0.014663 0.493333 0.029326 0.32
7 0.042522 0.493333 0.020528 0.32
0 0.078446 0.506667 0.030792 0.346667
9 0.117302 0.386667 0.041056 0.64
1 0.153226 0.493333 0.024927 0.32
3 0.184018 0.493333 0.030792 0.32
25 0.219941 0.493333 0.035191 0.32
24 0.255132 0.493333 0.014663 0.32
9 0.281525 0.38 0.032258 0.626667
1 0.328446 0.493333 0.041056 0.32
4 0.375367 0.493333 0.046921 0.32
13 0.412757 0.493333 0.021994 0.32
20 0.446481 0.493333 0.024927 0.32
0 0.479472 0.493333 0.035191 0.32
19 0.528592 0.493333 0.042522 0.32
25 0.57478 0.493333 0.043988 0.32
0 0.617302 0.493333 0.035191 0.32
0 0.653959 0.493333 0.032258 0.32
9 0.690616 0.373333 0.035191 0.613333
19 0.739003 0.5 0.041056 0.333333
17 0.780059 0.513333 0.035191 0.36
24 0.806452 0.506667 0.01173 0.346667
3 0.829179 0.493333 0.027859 0.32
12 0.863636 0.62 0.020528 0.653333
24 0.883431 0.493333 0.013196 0.32
25 0.909091 0.493333 0.032258 0.32
20 0.943548 0.493333 0.030792 0.32
0 0.975806 0.52 0.027859 0.373333
