19 0.01772 0.493333 0.035439 0.32
25 0.053929 0.493333 0.030817 0.32
0 0.088598 0.493333 0.032357 0.32
9 0.127119 0.373333 0.038521 0.613333
25 0.173344 0.493333 0.032357 0.32
3 0.201849 0.493333 0.01849 0.32
0 0.242681 0.526667 0.041602 0.386667
9 0.276579 0.366667 0.020031 0.626667
24 0.305855 0.493333 0.016949 0.32
25 0.335901 0.493333 0.03698 0.32
9 0.379045 0.373333 0.043143 0.613333
1 0.416795 0.526667 0.026194 0.386667
2 0.458398 0.513333 0.035439 0.36
19 0.501541 0.493333 0.044684 0.32
25 0.543143 0.493333 0.032357 0.32
24 0.570108 0.493333 0.015408 0.32
10 0.598613 0.493333 0.020031 0.32
0 0.625578 0.5 0.027735 0.333333
9 0.663328 0.38 0.041602 0.626667
24 0.70339 0.493333 0.016949 0.32
0 0.729584 0.513333 0.029276 0.36
8 0.770416 0.606667 0.046225 0.626667
17 0.815871 0.493333 0.038521 0.32
2 0.861325 0.493333 0.046225 0.32
9 0.903698 0.38 0.032357 0.626667
3 0.94376 0.5 0.026194 0.333333
1 0.974576 0.506667 0.029276 0.346667
