12 0.012007 0.613333 0.024014 0.613333
11 0.044597 0.493333 0.034305 0.32
25 0.085763 0.506667 0.041166 0.346667
11 0.128645 0.493333 0.037736 0.32
1 0.169811 0.493333 0.037736 0.32
17 0.216981 0.493333 0.03259 0.32
19 0.265866 0.493333 0.058319 0.32
0 0.313894 0.526667 0.030875 0.386667
9 0.362779 0.373333 0.060034 0.613333
24 0.404803 0.493333 0.017153 0.32
7 0.429674 0.493333 0.025729 0.32
25 0.480274 0.5 0.051458 0.333333
20 0.52916 0.493333 0.039451 0.32
14 0.567753 0.506667 0.030875 0.346667
10 0.603774 0.493333 0.034305 0.32
5 0.643225 0.493333 0.037736 0.32
25 0.694683 0.493333 0.041166 0.32
3 0.733276 0.493333 0.02916 0.32
5 0.777015 0.513333 0.034305 0.36
20 0.818182 0.493333 0.041166 0.32
19 0.868782 0.493333 0.053173 0.32
25 0.925386 0.493333 0.036021 0.32
3 0.96741 0.493333 0.041166 0.32
