9 0.026694 0.38 0.053388 0.626667
1 0.088296 0.493333 0.061602 0.32
10 0.158111 0.493333 0.049281 0.32
1 0.208419 0.493333 0.043121 0.32
5 0.26694 0.493333 0.045175 0.32
7 0.304928 0.493333 0.022587 0.32
20 0.338809 0.493333 0.036961 0.32
24 0.370637 0.493333 0.01848 0.32
0 0.402464 0.5 0.036961 0.333333
11 0.442505 0.493333 0.034908 0.32
15 0.501027 0.613333 0.053388 0.613333
9 0.558522 0.373333 0.053388 0.613333
0 0.620123 0.5 0.061602 0.333333
9 0.689938 0.373333 0.069815 0.613333
17 0.75462 0.493333 0.030801 0.32
19 0.803901 0.493333 0.059548 0.32
0 0.864476 0.493333 0.053388 0.32
20 0.921971 0.493333 0.032854 0.32
0 0.964066 0.493333 0.043121 0.32
