25 0.016151 0.52 0.032301 0.373333
3 0.046433 0.5 0.02288 0.333333
24 0.067968 0.493333 0.014805 0.32
18 0.089502 0.52 0.02288 0.373333
9 0.125168 0.36 0.02961 0.64
1 0.156124 0.493333 0.026918 0.32
25 0.199192 0.5 0.040377 0.333333
17 0.238896 0.493333 0.033647 0.32
2 0.271198 0.493333 0.025572 0.32
3 0.300808 0.493333 0.028264 0.32
20 0.337147 0.493333 0.025572 0.32
0 0.366083 0.493333 0.026918 0.32
19 0.410498 0.493333 0.043069 0.32
25 0.450875 0.493333 0.032301 0.32
0 0.484522 0.506667 0.02961 0.346667
5 0.521534 0.493333 0.025572 0.32
14 0.549798 0.506667 0.025572 0.346667
5 0.585464 0.506667 0.026918 0.346667
0 0.622476 0.5 0.041723 0.333333
24 0.652759 0.493333 0.013459 0.32
5 0.676985 0.493333 0.02961 0.32
10 0.711306 0.493333 0.020188 0.32
4 0.742261 0.493333 0.036339 0.32
24 0.770525 0.493333 0.014805 0.32
25 0.795424 0.493333 0.02961 0.32
7 0.82638 0.493333 0.026918 0.32
9 0.864065 0.36 0.02961 0.64
0 0.89502 0.493333 0.026918 0.32
20 0.934051 0.493333 0.032301 0.32
0 0.971736 0.493333 0.037685 0.32
