20 0.02819 0.493333 0.05638 0.32
0 0.086053 0.526667 0.047478 0.386667
12 0.136499 0.606667 0.041543 0.626667
3 0.188427 0.493333 0.050445 0.32
7 0.237389 0.493333 0.035608 0.32
24 0.292285 0.493333 0.032641 0.32
2 0.348665 0.5 0.068249 0.333333
9 0.434718 0.373333 0.062315 0.613333
3 0.507418 0.5 0.071217 0.333333
4 0.586053 0.493333 0.074184 0.32
24 0.646884 0.493333 0.035608 0.32
3 0.724036 0.493333 0.077151 0.32
24 0.778932 0.493333 0.020772 0.32
9 0.833828 0.366667 0.077151 0.626667
25 0.909496 0.493333 0.062315 0.32
24 0.962908 0.493333 0.032641 0.32
