10 0.018555 0.493333 0.037109 0.32
19 0.064453 0.493333 0.046875 0.32
9 0.131836 0.38 0.060547 0.626667
1 0.196289 0.493333 0.060547 0.32
7 0.244141 0.493333 0.027344 0.32
7 0.27832 0.493333 0.033203 0.32
1 0.332031 0.506667 0.046875 0.32
17 0.378906 0.493333 0.039062 0.32
9 0.436523 0.373333 0.068359 0.64
24 0.482422 0.493333 0.015625 0.32
7 0.509766 0.493333 0.03125 0.32
12 0.547852 0.613333 0.017578 0.613333
11 0.576172 0.5 0.03125 0.333333
19 0.623047 0.52 0.054688 0.373333
8 0.696289 0.606667 0.064453 0.626667
9 0.761719 0.373333 0.058594 0.613333
3 0.811523 0.493333 0.033203 0.32
1 0.849609 0.493333 0.035156 0.32
3 0.897461 0.493333 0.033203 0.32
24 0.926758 0.52 0.017578 0.373333
18 0.962891 0.493333 0.046875 0.32
