9 0.018293 0.373333 0.036585 0.613333
7 0.054116 0.493333 0.028963 0.32
2 0.08689 0.513333 0.030488 0.36
25 0.135671 0.493333 0.045732 0.32
11 0.178354 0.493333 0.033537 0.32
25 0.221037 0.493333 0.045732 0.32
3 0.269055 0.493333 0.028963 0.32
24 0.293445 0.493333 0.01372 0.32
18 0.322409 0.493333 0.03811 0.32
17 0.364329 0.493333 0.02439 0.32
24 0.38872 0.486667 0.018293 0.306667
7 0.415396 0.493333 0.025915 0.32
26 0.4375 0.493333 0.012195 0.32
15 0.470274 0.573333 0.032012 0.693333
0 0.504573 0.493333 0.030488 0.32
10 0.534299 0.493333 0.022866 0.32
0 0.572409 0.5 0.047256 0.333333
3 0.626524 0.493333 0.039634 0.32
1 0.667683 0.493333 0.036585 0.32
17 0.702744 0.493333 0.027439 0.32
19 0.741616 0.493333 0.044207 0.32
0 0.787348 0.526667 0.041159 0.386667
12 0.828506 0.613333 0.019817 0.613333
11 0.85061 0.493333 0.018293 0.32
0 0.885671 0.5 0.045732 0.333333
10 0.923018 0.493333 0.022866 0.32
0 0.953506 0.5 0.032012 0.333333
24 0.980945 0.493333 0.016768 0.32
