20 0.015599 0.493333 0.031199 0.32
0 0.050082 0.493333 0.031199 0.32
25 0.087028 0.493333 0.036125 0.32
11 0.118227 0.493333 0.019704 0.32
15 0.151888 0.593333 0.041051 0.653333
0 0.188834 0.493333 0.026273 0.32
20 0.228243 0.493333 0.029557 0.32
24 0.254516 0.493333 0.01642 0.32
13 0.276683 0.493333 0.021346 0.32
14 0.303777 0.493333 0.026273 0.32
0 0.345649 0.493333 0.034483 0.32
9 0.388342 0.36 0.044335 0.666667
10 0.428571 0.493333 0.029557 0.32
5 0.465517 0.493333 0.037767 0.32
19 0.513136 0.5 0.050903 0.333333
10 0.569787 0.486667 0.036125 0.306667
17 0.625616 0.506667 0.068966 0.32
2 0.683908 0.493333 0.041051 0.32
0 0.722496 0.493333 0.029557 0.32
0 0.76601 0.493333 0.034483 0.32
5 0.804598 0.526667 0.036125 0.386667
9 0.845649 0.373333 0.039409 0.613333
0 0.889163 0.513333 0.041051 0.36
25 0.937603 0.493333 0.032841 0.32
3 0.972906 0.493333 0.031199 0.32
