17 0.013174 0.493333 0.026349 0.32
19 0.048934 0.506667 0.040151 0.346667
2 0.084693 0.493333 0.026349 0.32
25 0.112923 0.493333 0.025094 0.32
14 0.13739 0.493333 0.018821 0.32
2 0.164994 0.493333 0.031368 0.32
17 0.207026 0.493333 0.035132 0.32
19 0.249059 0.493333 0.043915 0.32
0 0.283563 0.52 0.020075 0.373333
7 0.306775 0.493333 0.02133 0.32
24 0.326851 0.493333 0.013802 0.32
9 0.358846 0.373333 0.032622 0.613333
1 0.391468 0.493333 0.027604 0.32
5 0.428482 0.493333 0.028858 0.32
19 0.461104 0.493333 0.031368 0.32
24 0.484316 0.493333 0.010038 0.32
1 0.503764 0.493333 0.023839 0.32
25 0.539523 0.506667 0.030113 0.346667
3 0.570263 0.493333 0.026349 0.32
20 0.598494 0.493333 0.025094 0.32
0 0.625471 0.513333 0.023839 0.36
25 0.66123 0.493333 0.030113 0.32
14 0.686951 0.493333 0.016311 0.32
17 0.7133 0.493333 0.031368 0.32
2 0.747177 0.493333 0.031368 0.32
4 0.779799 0.493333 0.028858 0.32
9 0.812422 0.366667 0.031368 0.626667
24 0.841907 0.506667 0.010038 0.346667
2 0.863237 0.493333 0.027604 0.32
12 0.897742 0.613333 0.023839 0.613333
24 0.918444 0.526667 0.012547 0.386667
17 0.939774 0.493333 0.025094 0.32
6 0.96675 0.493333 0.023839 0.32
24 0.986198 0.493333 0.010038 0.32
