12 0.006614 0.593333 0.013228 0.653333
7 0.025132 0.493333 0.018519 0.32
9 0.054894 0.36 0.035714 0.666667
7 0.083333 0.5 0.015873 0.333333
24 0.099206 0.493333 0.010582 0.32
8 0.130952 0.613333 0.034392 0.586667
9 0.167989 0.373333 0.034392 0.613333
5 0.19709 0.553333 0.018519 0.173333
3 0.218254 0.506667 0.018519 0.346667
1 0.242063 0.493333 0.02381 0.32
5 0.271825 0.493333 0.030423 0.32
3 0.310185 0.493333 0.027778 0.32
6 0.340608 0.5 0.027778 0.333333
25 0.371032 0.493333 0.027778 0.32
17 0.400132 0.493333 0.025132 0.32
19 0.441138 0.5 0.051587 0.333333
0 0.482804 0.493333 0.026455 0.32
12 0.51455 0.62 0.018519 0.626667
11 0.535714 0.493333 0.018519 0.32
19 0.562831 0.493333 0.030423 0.32
0 0.592593 0.513333 0.02381 0.36
5 0.627646 0.493333 0.027778 0.32
25 0.660053 0.493333 0.031746 0.32
2 0.703704 0.533333 0.050265 0.4
0 0.746032 0.493333 0.029101 0.32
25 0.785714 0.493333 0.031746 0.32
19 0.824074 0.5 0.039683 0.333333
1 0.86045 0.52 0.027778 0.373333
11 0.887566 0.493333 0.021164 0.32
2 0.916667 0.52 0.031746 0.373333
20 0.955026 0.52 0.026455 0.373333
0 0.98082 0.493333 0.019841 0.32
