9 0.025964 0.373333 0.051929 0.64
0 0.075668 0.493333 0.041543 0.32
17 0.117953 0.493333 0.022255 0.32
7 0.14095 0.493333 0.017804 0.32
13 0.168398 0.493333 0.031157 0.32
9 0.206231 0.373333 0.038576 0.64
0 0.243323 0.493333 0.029674 0.32
20 0.282641 0.493333 0.02819 0.32
24 0.304896 0.493333 0.010386 0.32
7 0.324184 0.493333 0.022255 0.32
18 0.355341 0.52 0.034125 0.373333
5 0.391691 0.493333 0.032641 0.32
20 0.431751 0.493333 0.026706 0.32
11 0.462908 0.493333 0.029674 0.32
2 0.499258 0.526667 0.037092 0.386667
12 0.531899 0.606667 0.022255 0.626667
11 0.560831 0.493333 0.029674 0.32
0 0.604599 0.513333 0.037092 0.36
2 0.640208 0.493333 0.02819 0.32
17 0.669881 0.493333 0.025223 0.32
25 0.707715 0.493333 0.029674 0.32
7 0.737389 0.493333 0.023739 0.32
10 0.773739 0.493333 0.02819 0.32
5 0.80638 0.493333 0.031157 0.32
16 0.846439 0.606667 0.043027 0.626667
26 0.877596 0.493333 0.013353 0.32
6 0.89911 0.493333 0.023739 0.32
3 0.93546 0.493333 0.02819 0.32
1 0.971068 0.506667 0.037092 0.346667
