20 0.041223 0.493333 0.082447 0.32
0 0.114362 0.493333 0.053191 0.32
5 0.171543 0.493333 0.050532 0.32
25 0.228723 0.493333 0.053191 0.32
9 0.288564 0.38 0.055851 0.626667
1 0.347074 0.506667 0.050532 0.346667
2 0.420213 0.493333 0.058511 0.32
24 0.464096 0.493333 0.018617 0.32
17 0.5 0.493333 0.042553 0.32
24 0.534574 0.493333 0.015957 0.32
25 0.590426 0.526667 0.058511 0.386667
9 0.663564 0.366667 0.077128 0.626667
7 0.730053 0.493333 0.045213 0.32
16 0.807181 0.606667 0.071809 0.626667
3 0.87234 0.493333 0.047872 0.32
12 0.916223 0.606667 0.029255 0.626667
3 0.958777 0.493333 0.045213 0.32
