9 0.017337 0.38 0.034674 0.626667
7 0.049237 0.493333 0.023578 0.32
12 0.072816 0.613333 0.018031 0.613333
25 0.099168 0.493333 0.029126 0.32
13 0.122746 0.493333 0.012483 0.32
16 0.15742 0.613333 0.051318 0.64
24 0.199723 0.493333 0.01387 0.32
2 0.223994 0.5 0.029126 0.333333
25 0.257975 0.52 0.033287 0.373333
2 0.294036 0.493333 0.033287 0.32
15 0.34258 0.58 0.044383 0.68
13 0.37656 0.526667 0.018031 0.386667
7 0.395978 0.493333 0.015257 0.32
9 0.434813 0.38 0.042996 0.626667
7 0.468793 0.493333 0.019417 0.32
2 0.49792 0.493333 0.033287 0.32
9 0.536061 0.36 0.037448 0.666667
24 0.571429 0.493333 0.01387 0.32
6 0.594313 0.52 0.026352 0.373333
9 0.631068 0.373333 0.041609 0.613333
4 0.674757 0.493333 0.040222 0.32
25 0.711512 0.493333 0.027739 0.32
9 0.754508 0.366667 0.038835 0.653333
0 0.787101 0.493333 0.020804 0.32
25 0.822469 0.526667 0.030513 0.386667
3 0.854369 0.493333 0.027739 0.32
0 0.889736 0.493333 0.037448 0.32
19 0.934813 0.493333 0.047157 0.32
25 0.975728 0.493333 0.029126 0.32
