18 0.020478 0.493333 0.040956 0.32
13 0.057167 0.493333 0.025597 0.32
12 0.093003 0.606667 0.022184 0.626667
25 0.12628 0.493333 0.037543 0.32
2 0.165529 0.513333 0.03413 0.36
20 0.215017 0.506667 0.040956 0.346667
0 0.255973 0.493333 0.03413 0.32
20 0.302901 0.493333 0.035836 0.32
0 0.34471 0.506667 0.040956 0.346667
24 0.377133 0.493333 0.017065 0.32
11 0.401877 0.493333 0.025597 0.32
9 0.453072 0.373333 0.052901 0.613333
24 0.493174 0.486667 0.020478 0.306667
7 0.519625 0.506667 0.022184 0.346667
2 0.553754 0.493333 0.039249 0.32
10 0.605802 0.493333 0.040956 0.32
19 0.654437 0.513333 0.049488 0.36
10 0.707338 0.493333 0.032423 0.32
0 0.748294 0.493333 0.042662 0.32
24 0.783276 0.493333 0.020478 0.32
1 0.825939 0.493333 0.040956 0.32
9 0.868601 0.373333 0.037543 0.613333
2 0.911263 0.52 0.040956 0.373333
20 0.946246 0.493333 0.022184 0.32
20 0.974403 0.493333 0.027304 0.32
