9 0.031095 0.38 0.062189 0.626667
1 0.094527 0.493333 0.054726 0.32
5 0.151741 0.493333 0.049751 0.32
24 0.195274 0.493333 0.027363 0.32
24 0.225124 0.493333 0.022388 0.32
5 0.257463 0.506667 0.032338 0.346667
12 0.308458 0.613333 0.034826 0.613333
3 0.356965 0.493333 0.052239 0.32
10 0.409204 0.493333 0.042289 0.32
2 0.455224 0.493333 0.039801 0.32
9 0.527363 0.38 0.069652 0.626667
0 0.589552 0.493333 0.044776 0.32
8 0.649254 0.613333 0.064677 0.586667
9 0.712687 0.373333 0.052239 0.613333
9 0.791045 0.373333 0.069652 0.613333
24 0.843284 0.493333 0.024876 0.32
7 0.881841 0.493333 0.042289 0.32
2 0.932836 0.493333 0.049751 0.32
24 0.972637 0.493333 0.0199 0.32
