20 0.010767 0.493333 0.021534 0.32
3 0.034993 0.493333 0.021534 0.32
24 0.054509 0.493333 0.012113 0.32
2 0.078735 0.486667 0.030956 0.333333
1 0.115074 0.493333 0.036339 0.32
19 0.163526 0.493333 0.041723 0.32
25 0.201884 0.493333 0.02961 0.32
0 0.235532 0.526667 0.032301 0.386667
10 0.275236 0.493333 0.028264 0.32
7 0.30821 0.493333 0.032301 0.32
2 0.343876 0.493333 0.033647 0.32
5 0.378869 0.506667 0.030956 0.346667
20 0.41319 0.493333 0.032301 0.32
0 0.449529 0.493333 0.034993 0.32
25 0.492598 0.506667 0.032301 0.346667
13 0.52288 0.493333 0.02288 0.32
2 0.549798 0.493333 0.025572 0.32
20 0.583445 0.493333 0.02288 0.32
0 0.613728 0.493333 0.032301 0.32
5 0.654105 0.493333 0.02961 0.32
2 0.683715 0.493333 0.024226 0.32
9 0.723419 0.373333 0.036339 0.613333
24 0.751009 0.5 0.013459 0.333333
16 0.78533 0.573333 0.049798 0.693333
3 0.835801 0.493333 0.032301 0.346667
25 0.868775 0.493333 0.028264 0.32
11 0.894347 0.493333 0.017497 0.32
20 0.918573 0.493333 0.025572 0.32
3 0.944818 0.493333 0.021534 0.32
1 0.974428 0.493333 0.032301 0.32
