24 0.00419 0.526667 0.00838 0.386667
9 0.030726 0.373333 0.039106 0.613333
2 0.071229 0.526667 0.036313 0.386667
5 0.106145 0.506667 0.027933 0.346667
26 0.128492 0.493333 0.011173 0.32
9 0.164804 0.32 0.041899 0.506667
1 0.206704 0.526667 0.03352 0.386667
25 0.248603 0.493333 0.030726 0.32
24 0.273045 0.493333 0.01257 0.32
19 0.301676 0.493333 0.039106 0.32
24 0.330307 0.493333 0.01257 0.32
9 0.363128 0.38 0.047486 0.626667
1 0.403631 0.493333 0.027933 0.32
5 0.448324 0.493333 0.041899 0.32
3 0.485335 0.493333 0.026536 0.32
13 0.511173 0.493333 0.019553 0.32
19 0.550279 0.5 0.039106 0.333333
0 0.590782 0.493333 0.036313 0.32
17 0.631285 0.493333 0.039106 0.32
5 0.674581 0.493333 0.041899 0.32
13 0.707402 0.526667 0.018156 0.386667
0 0.734637 0.493333 0.030726 0.32
9 0.77933 0.393333 0.039106 0.653333
0 0.817737 0.493333 0.032123 0.32
10 0.851257 0.493333 0.02933 0.32
0 0.882682 0.493333 0.027933 0.32
24 0.907821 0.493333 0.01676 0.32
0 0.938547 0.526667 0.02514 0.386667
9 0.972067 0.373333 0.036313 0.613333
