20 0.028455 0.493333 0.056911 0.32
25 0.102981 0.5 0.081301 0.333333
2 0.177507 0.52 0.056911 0.373333
9 0.245257 0.373333 0.067751 0.613333
7 0.304878 0.493333 0.04065 0.32
20 0.382114 0.493333 0.075881 0.32
0 0.45122 0.493333 0.051491 0.32
2 0.51897 0.506667 0.073171 0.346667
26 0.571816 0.493333 0.02168 0.32
7 0.607046 0.506667 0.03794 0.346667
20 0.680217 0.493333 0.070461 0.32
11 0.745257 0.493333 0.04878 0.32
11 0.798103 0.52 0.04607 0.373333
3 0.845528 0.506667 0.03794 0.346667
20 0.894309 0.493333 0.04878 0.32
0 0.952575 0.52 0.056911 0.373333
