10 0.012048 0.493333 0.024096 0.32
25 0.061747 0.493333 0.063253 0.32
17 0.126506 0.493333 0.054217 0.32
0 0.186747 0.493333 0.054217 0.32
20 0.27259 0.52 0.075301 0.373333
9 0.349398 0.38 0.066265 0.626667
19 0.429217 0.493333 0.081325 0.32
11 0.496988 0.493333 0.042169 0.32
11 0.549699 0.493333 0.051205 0.32
5 0.63253 0.493333 0.072289 0.32
14 0.701807 0.493333 0.054217 0.32
6 0.777108 0.493333 0.054217 0.32
24 0.823795 0.493333 0.027108 0.32
7 0.861446 0.493333 0.036145 0.32
2 0.917169 0.493333 0.063253 0.32
24 0.966867 0.493333 0.024096 0.32
