10 0.026923 0.493333 0.053846 0.32
3 0.085897 0.493333 0.053846 0.32
24 0.142308 0.493333 0.048718 0.32
18 0.202564 0.493333 0.061538 0.32
9 0.265385 0.366667 0.053846 0.626667
0 0.328205 0.493333 0.061538 0.32
9 0.411538 0.373333 0.069231 0.613333
0 0.476923 0.5 0.051282 0.333333
9 0.538462 0.373333 0.061538 0.613333
24 0.584615 0.493333 0.020513 0.32
7 0.624359 0.493333 0.048718 0.32
6 0.7 0.493333 0.066667 0.32
24 0.751282 0.493333 0.025641 0.32
17 0.8 0.493333 0.061538 0.32
24 0.844872 0.493333 0.017949 0.32
5 0.9 0.493333 0.05641 0.32
2 0.957692 0.493333 0.048718 0.32
