9 0.024904 0.393333 0.049808 0.653333
7 0.068008 0.493333 0.028736 0.32
3 0.114943 0.493333 0.038314 0.32
25 0.159004 0.493333 0.042146 0.32
9 0.210728 0.38 0.05364 0.626667
9 0.280651 0.38 0.059387 0.626667
1 0.340038 0.493333 0.051724 0.32
9 0.389847 0.366667 0.04023 0.626667
6 0.433908 0.493333 0.04023 0.32
13 0.471264 0.493333 0.02682 0.32
20 0.516284 0.493333 0.036398 0.32
0 0.563218 0.493333 0.049808 0.32
12 0.603448 0.613333 0.022989 0.613333
11 0.6341 0.506667 0.030651 0.346667
5 0.673372 0.52 0.04023 0.373333
13 0.710728 0.493333 0.02682 0.32
0 0.757663 0.526667 0.04023 0.386667
9 0.813218 0.38 0.063218 0.626667
24 0.863985 0.493333 0.030651 0.32
9 0.91092 0.366667 0.055556 0.626667
1 0.964559 0.493333 0.044061 0.32
