10 0.013776 0.493333 0.027553 0.32
5 0.048622 0.493333 0.035656 0.32
9 0.092382 0.353333 0.029173 0.68
24 0.119125 0.493333 0.017828 0.32
7 0.145867 0.493333 0.029173 0.32
17 0.178282 0.493333 0.029173 0.32
19 0.21799 0.493333 0.04376 0.32
0 0.264992 0.493333 0.04376 0.32
17 0.311183 0.493333 0.025932 0.32
0 0.343598 0.5 0.032415 0.333333
2 0.380065 0.493333 0.034036 0.32
1 0.424635 0.493333 0.032415 0.32
19 0.470827 0.493333 0.050243 0.32
17 0.516207 0.493333 0.034036 0.32
2 0.559968 0.493333 0.047002 0.32
20 0.611831 0.493333 0.034036 0.32
25 0.65154 0.493333 0.038898 0.32
17 0.696921 0.493333 0.045381 0.32
2 0.741491 0.493333 0.037277 0.32
17 0.787682 0.493333 0.032415 0.32
19 0.822528 0.493333 0.030794 0.32
1 0.863857 0.493333 0.045381 0.32
9 0.917342 0.373333 0.038898 0.613333
1 0.964344 0.506667 0.048622 0.346667
