10 0.015437 0.493333 0.030875 0.32
24 0.038593 0.493333 0.008576 0.32
25 0.072041 0.5 0.051458 0.333333
2 0.122642 0.493333 0.042882 0.32
25 0.174957 0.493333 0.037736 0.32
24 0.205832 0.493333 0.017153 0.32
0 0.234134 0.493333 0.03259 0.32
5 0.283019 0.506667 0.041166 0.346667
24 0.313894 0.493333 0.013722 0.32
9 0.345626 0.38 0.042882 0.626667
0 0.38765 0.493333 0.034305 0.32
24 0.417667 0.493333 0.018868 0.32
5 0.456261 0.493333 0.051458 0.32
12 0.508576 0.613333 0.02916 0.613333
4 0.542882 0.493333 0.02916 0.293333
11 0.577187 0.506667 0.02916 0.346667
10 0.622642 0.493333 0.037736 0.32
2 0.660377 0.493333 0.030875 0.32
0 0.70669 0.493333 0.054889 0.32
9 0.756432 0.373333 0.037736 0.613333
24 0.787307 0.493333 0.017153 0.32
5 0.826758 0.493333 0.037736 0.32
2 0.867925 0.493333 0.037736 0.32
20 0.915952 0.493333 0.034305 0.32
0 0.953688 0.493333 0.034305 0.32
24 0.981132 0.493333 0.013722 0.32
