17 0.019953 0.493333 0.039906 0.32
19 0.079812 0.493333 0.070423 0.32
0 0.144366 0.526667 0.049296 0.386667
11 0.207746 0.493333 0.044601 0.32
5 0.262911 0.513333 0.056338 0.36
5 0.32277 0.493333 0.053991 0.32
2 0.387324 0.493333 0.065728 0.32
9 0.461268 0.353333 0.049296 0.68
1 0.524648 0.493333 0.068075 0.32
0 0.596244 0.493333 0.042254 0.32
2 0.646714 0.493333 0.049296 0.32
3 0.715962 0.5 0.056338 0.333333
1 0.784038 0.493333 0.070423 0.32
9 0.870892 0.393333 0.070423 0.653333
0 0.934272 0.493333 0.046948 0.32
24 0.973005 0.493333 0.021127 0.32
