20 0.013494 0.506667 0.026989 0.346667
0 0.053267 0.493333 0.046875 0.32
15 0.09375 0.606667 0.028409 0.626667
13 0.120739 0.493333 0.019886 0.32
7 0.144176 0.5 0.021307 0.333333
17 0.175426 0.493333 0.021307 0.32
2 0.201705 0.513333 0.025568 0.36
25 0.239347 0.493333 0.02983 0.32
11 0.271307 0.493333 0.028409 0.32
24 0.294744 0.493333 0.012784 0.32
10 0.323153 0.493333 0.024148 0.32
1 0.351562 0.52 0.026989 0.373333
9 0.392756 0.38 0.035511 0.626667
1 0.428267 0.493333 0.02983 0.32
5 0.470881 0.493333 0.035511 0.32
11 0.502841 0.493333 0.022727 0.32
24 0.524858 0.493333 0.015625 0.32
16 0.556818 0.606667 0.042614 0.626667
0 0.59446 0.493333 0.026989 0.32
24 0.62429 0.493333 0.026989 0.32
5 0.664773 0.493333 0.034091 0.32
26 0.690341 0.493333 0.011364 0.32
0 0.72017 0.526667 0.028409 0.386667
9 0.755682 0.38 0.036932 0.626667
20 0.793324 0.5 0.03267 0.333333
11 0.823153 0.52 0.021307 0.373333
0 0.853693 0.493333 0.034091 0.32
9 0.893466 0.38 0.039773 0.626667
25 0.944602 0.493333 0.042614 0.32
3 0.979403 0.493333 0.021307 0.32
