25 0.014075 0.493333 0.02815 0.32
2 0.048928 0.493333 0.036193 0.32
0 0.08311 0.493333 0.02681 0.32
16 0.128016 0.573333 0.044236 0.693333
19 0.168901 0.506667 0.032172 0.346667
11 0.197051 0.493333 0.018767 0.32
3 0.22118 0.493333 0.024129 0.32
9 0.257373 0.373333 0.029491 0.613333
7 0.282842 0.493333 0.016086 0.32
17 0.307641 0.493333 0.02815 0.32
20 0.339142 0.493333 0.029491 0.32
0 0.369303 0.493333 0.025469 0.32
2 0.397453 0.493333 0.025469 0.32
12 0.427614 0.613333 0.016086 0.613333
24 0.44504 0.493333 0.013405 0.32
4 0.467828 0.493333 0.02681 0.32
25 0.49866 0.493333 0.029491 0.32
24 0.522788 0.493333 0.013405 0.32
3 0.546917 0.493333 0.016086 0.32
1 0.572386 0.493333 0.029491 0.32
5 0.603887 0.493333 0.02815 0.32
7 0.630697 0.493333 0.020107 0.32
25 0.670241 0.493333 0.040214 0.32
9 0.709115 0.373333 0.032172 0.613333
17 0.741957 0.493333 0.02815 0.32
19 0.780831 0.493333 0.044236 0.32
0 0.820375 0.493333 0.029491 0.32
7 0.847185 0.493333 0.018767 0.32
1 0.882708 0.493333 0.033512 0.32
2 0.91756 0.493333 0.030831 0.32
17 0.947051 0.493333 0.022788 0.32
0 0.975871 0.506667 0.029491 0.346667
