12 0.016038 0.613333 0.032075 0.613333
7 0.050943 0.493333 0.030189 0.32
24 0.080189 0.493333 0.020755 0.32
19 0.123585 0.493333 0.058491 0.32
10 0.173585 0.493333 0.033962 0.32
19 0.222642 0.493333 0.056604 0.32
25 0.292453 0.493333 0.056604 0.32
9 0.353774 0.38 0.058491 0.626667
9 0.409434 0.373333 0.045283 0.613333
7 0.449057 0.493333 0.026415 0.32
2 0.483962 0.493333 0.035849 0.32
10 0.533019 0.493333 0.035849 0.32
24 0.563208 0.526667 0.016981 0.386667
9 0.598113 0.393333 0.045283 0.653333
19 0.653774 0.5 0.058491 0.333333
24 0.69717 0.493333 0.020755 0.32
25 0.741509 0.493333 0.041509 0.32
3 0.784906 0.493333 0.037736 0.32
20 0.831132 0.5 0.04717 0.333333
11 0.871698 0.52 0.026415 0.373333
0 0.90566 0.493333 0.033962 0.32
9 0.956604 0.366667 0.060377 0.626667
