12 0.019939 0.606667 0.039877 0.626667
24 0.064417 0.493333 0.03681 0.32
19 0.131902 0.493333 0.08589 0.32
0 0.205521 0.493333 0.04908 0.32
17 0.266871 0.493333 0.06135 0.32
5 0.332822 0.513333 0.058282 0.36
6 0.423313 0.493333 0.079755 0.32
24 0.492331 0.493333 0.046012 0.32
17 0.54908 0.493333 0.055215 0.32
3 0.608896 0.493333 0.052147 0.32
6 0.670245 0.493333 0.058282 0.32
20 0.751534 0.493333 0.06135 0.32
0 0.817485 0.493333 0.058282 0.32
24 0.865031 0.506667 0.02454 0.346667
10 0.904908 0.493333 0.042945 0.32
1 0.955521 0.493333 0.046012 0.32
