8 0.040201 0.606667 0.080402 0.626667
9 0.105528 0.38 0.040201 0.626667
11 0.153266 0.493333 0.045226 0.32
24 0.194724 0.493333 0.027638 0.32
9 0.241206 0.373333 0.055276 0.613333
19 0.326633 0.493333 0.080402 0.32
25 0.40201 0.493333 0.060302 0.32
0 0.461055 0.493333 0.047739 0.32
8 0.513819 0.606667 0.047739 0.626667
11 0.56407 0.493333 0.042714 0.32
1 0.630653 0.506667 0.080402 0.346667
10 0.70603 0.493333 0.035176 0.32
5 0.755025 0.506667 0.052764 0.346667
25 0.825377 0.493333 0.052764 0.32
9 0.884422 0.373333 0.055276 0.613333
1 0.949749 0.5 0.065327 0.333333
