17 0.009818 0.493333 0.019635 0.32
3 0.035764 0.493333 0.026648 0.32
5 0.065919 0.506667 0.02805 0.346667
3 0.102384 0.493333 0.025245 0.32
1 0.13324 0.493333 0.030856 0.32
25 0.172511 0.5 0.042076 0.333333
14 0.206171 0.493333 0.019635 0.32
25 0.242637 0.493333 0.033661 0.32
3 0.276297 0.493333 0.02805 0.32
20 0.309257 0.513333 0.032258 0.36
0 0.340813 0.5 0.025245 0.333333
24 0.363955 0.493333 0.015428 0.32
1 0.400421 0.493333 0.037868 0.32
4 0.43899 0.493333 0.033661 0.32
13 0.469144 0.493333 0.021038 0.32
25 0.503506 0.493333 0.02805 0.32
7 0.529453 0.493333 0.018233 0.32
24 0.553997 0.493333 0.01122 0.32
13 0.572931 0.493333 0.021038 0.32
8 0.609397 0.586667 0.032258 0.666667
24 0.636746 0.486667 0.01683 0.306667
17 0.66129 0.493333 0.023843 0.32
2 0.692847 0.506667 0.033661 0.346667
25 0.740533 0.5 0.042076 0.333333
3 0.778401 0.52 0.02805 0.373333
7 0.803647 0.493333 0.01683 0.32
20 0.826788 0.493333 0.023843 0.32
3 0.853436 0.493333 0.023843 0.32
1 0.887097 0.493333 0.037868 0.32
3 0.932679 0.493333 0.033661 0.32
1 0.971248 0.533333 0.037868 0.4
