0 0.013231 0.493333 0.026462 0.32
17 0.046657 0.493333 0.034819 0.32
24 0.071031 0.493333 0.008357 0.32
20 0.094708 0.513333 0.033426 0.36
9 0.134401 0.36 0.04039 0.64
0 0.169916 0.493333 0.02507 0.32
12 0.20195 0.613333 0.019499 0.613333
3 0.225627 0.513333 0.022284 0.36
24 0.252786 0.493333 0.012535 0.32
1 0.279248 0.493333 0.034819 0.32
25 0.316156 0.52 0.033426 0.373333
17 0.348886 0.493333 0.026462 0.32
25 0.381616 0.52 0.033426 0.373333
24 0.412953 0.493333 0.009749 0.32
20 0.433844 0.493333 0.026462 0.32
19 0.473538 0.493333 0.047354 0.32
25 0.513928 0.493333 0.027855 0.32
20 0.553621 0.493333 0.032033 0.32
0 0.587744 0.493333 0.030641 0.32
12 0.62117 0.613333 0.016713 0.613333
20 0.64415 0.493333 0.023677 0.32
17 0.672702 0.5 0.027855 0.333333
19 0.713092 0.513333 0.047354 0.36
0 0.754178 0.493333 0.029248 0.32
9 0.795265 0.373333 0.033426 0.613333
1 0.833565 0.5 0.037604 0.333333
24 0.862117 0.493333 0.013928 0.32
20 0.891365 0.52 0.02507 0.373333
0 0.929666 0.493333 0.045961 0.32
11 0.965877 0.493333 0.020891 0.32
24 0.98468 0.493333 0.011142 0.32
