5 0.032086 0.513333 0.064171 0.36
26 0.078877 0.493333 0.018717 0.32
5 0.121658 0.526667 0.05615 0.386667
5 0.196524 0.513333 0.05615 0.36
7 0.252674 0.493333 0.045455 0.32
24 0.294118 0.493333 0.026738 0.32
11 0.334225 0.493333 0.042781 0.32
9 0.398396 0.38 0.074866 0.626667
2 0.48262 0.493333 0.05615 0.32
5 0.542781 0.493333 0.053476 0.32
26 0.584225 0.493333 0.018717 0.32
24 0.627005 0.493333 0.029412 0.32
2 0.683155 0.493333 0.072193 0.32
20 0.764706 0.493333 0.053476 0.32
0 0.828877 0.493333 0.064171 0.32
24 0.882353 0.493333 0.032086 0.32
0 0.942513 0.493333 0.07754 0.32
