5 0.018963 0.493333 0.037927 0.32
1 0.055626 0.493333 0.030341 0.32
2 0.094185 0.493333 0.041719 0.32
17 0.127686 0.493333 0.020228 0.32
0 0.158028 0.493333 0.035398 0.32
2 0.190898 0.493333 0.025284 0.32
20 0.223135 0.493333 0.021492 0.32
0 0.24842 0.493333 0.02402 0.32
10 0.274968 0.493333 0.02402 0.32
4 0.304678 0.493333 0.030341 0.32
24 0.32933 0.493333 0.013906 0.32
2 0.350822 0.526667 0.02402 0.386667
0 0.386852 0.493333 0.030341 0.32
24 0.41024 0.493333 0.011378 0.32
9 0.433628 0.38 0.030341 0.626667
25 0.471555 0.493333 0.027813 0.32
6 0.5 0.506667 0.02402 0.346667
10 0.532238 0.493333 0.022756 0.32
0 0.561315 0.493333 0.030341 0.32
0 0.599241 0.493333 0.040455 0.32
9 0.639697 0.38 0.035398 0.626667
5 0.681416 0.493333 0.030341 0.32
11 0.708597 0.493333 0.018963 0.32
19 0.740202 0.493333 0.039191 0.32
25 0.775601 0.493333 0.026549 0.32
13 0.801517 0.493333 0.020228 0.32
17 0.829962 0.493333 0.018963 0.32
19 0.862832 0.493333 0.041719 0.32
0 0.89823 0.493333 0.02402 0.32
24 0.919722 0.493333 0.013906 0.32
20 0.950695 0.493333 0.027813 0.293333
0 0.979772 0.493333 0.022756 0.32
