8 0.026477 0.613333 0.052953 0.586667
24 0.068228 0.493333 0.022403 0.32
9 0.124236 0.393333 0.0611 0.653333
0 0.179226 0.493333 0.040733 0.32
17 0.223014 0.493333 0.038697 0.32
11 0.257637 0.493333 0.022403 0.32
0 0.293279 0.493333 0.040733 0.32
25 0.352342 0.493333 0.04888 0.32
9 0.403259 0.36 0.044807 0.64
9 0.462322 0.38 0.044807 0.626667
24 0.498982 0.493333 0.020367 0.32
7 0.528513 0.493333 0.03055 0.32
10 0.576375 0.493333 0.03666 0.32
3 0.620163 0.493333 0.04277 0.32
0 0.670061 0.493333 0.04888 0.32
12 0.719959 0.606667 0.022403 0.626667
11 0.748473 0.493333 0.026477 0.32
17 0.786151 0.493333 0.040733 0.32
4 0.836049 0.493333 0.050916 0.32
24 0.874745 0.493333 0.01833 0.32
25 0.919552 0.493333 0.04277 0.32
7 0.965377 0.493333 0.040733 0.32
