25 0.021368 0.493333 0.042735 0.32
9 0.088675 0.38 0.083333 0.626667
4 0.159188 0.526667 0.049145 0.386667
17 0.208333 0.493333 0.040598 0.32
0 0.264957 0.493333 0.042735 0.32
9 0.317308 0.373333 0.053419 0.613333
11 0.367521 0.493333 0.038462 0.32
25 0.416667 0.506667 0.051282 0.346667
25 0.480769 0.493333 0.047009 0.32
9 0.543803 0.366667 0.070513 0.626667
6 0.608974 0.493333 0.051282 0.32
17 0.660256 0.493333 0.042735 0.32
25 0.707265 0.493333 0.042735 0.32
10 0.766026 0.5 0.044872 0.333333
1 0.820513 0.5 0.055556 0.333333
9 0.893162 0.373333 0.059829 0.613333
1 0.956197 0.5 0.057692 0.333333
