6 0.02795 0.493333 0.055901 0.32
24 0.07764 0.493333 0.031056 0.32
17 0.164596 0.506667 0.130435 0.32
24 0.25 0.493333 0.02795 0.32
25 0.31677 0.493333 0.062112 0.32
7 0.377329 0.52 0.046584 0.373333
0 0.436335 0.493333 0.059006 0.32
9 0.518634 0.38 0.093168 0.626667
14 0.591615 0.52 0.040373 0.373333
3 0.656832 0.493333 0.046584 0.32
25 0.723602 0.493333 0.074534 0.32
2 0.810559 0.493333 0.086957 0.32
24 0.877329 0.493333 0.034161 0.32
2 0.928571 0.513333 0.055901 0.36
24 0.970497 0.493333 0.015528 0.32
