17 0.019362 0.493333 0.038724 0.32
19 0.075171 0.493333 0.063781 0.32
0 0.132118 0.5 0.041002 0.333333
9 0.1959 0.386667 0.05467 0.64
1 0.248292 0.493333 0.041002 0.32
11 0.291572 0.493333 0.036446 0.32
5 0.353075 0.526667 0.05467 0.386667
7 0.400911 0.493333 0.031891 0.32
8 0.451025 0.613333 0.059226 0.586667
9 0.512528 0.373333 0.05467 0.613333
11 0.561503 0.493333 0.034169 0.32
24 0.593394 0.52 0.020501 0.373333
24 0.629841 0.493333 0.020501 0.32
0 0.671982 0.493333 0.05467 0.32
1 0.725513 0.506667 0.04328 0.346667
2 0.779043 0.493333 0.05467 0.32
17 0.834852 0.493333 0.047836 0.32
0 0.88041 0.493333 0.034169 0.32
24 0.924829 0.493333 0.022779 0.32
2 0.962415 0.493333 0.04328 0.32
