25 0.022199 0.493333 0.044397 0.32
14 0.065539 0.52 0.033827 0.4
10 0.100423 0.493333 0.027484 0.32
3 0.143763 0.493333 0.05074 0.32
0 0.20296 0.493333 0.059197 0.32
10 0.267442 0.513333 0.040169 0.36
4 0.309725 0.493333 0.035941 0.32
21 0.361522 0.493333 0.059197 0.32
14 0.413319 0.493333 0.035941 0.32
19 0.459831 0.493333 0.048626 0.32
11 0.503171 0.493333 0.029598 0.32
25 0.556025 0.526667 0.046512 0.386667
3 0.60148 0.493333 0.035941 0.32
9 0.659619 0.386667 0.05074 0.64
24 0.699789 0.493333 0.021142 0.32
7 0.72833 0.493333 0.027484 0.32
9 0.773784 0.386667 0.054968 0.64
25 0.837209 0.493333 0.042283 0.32
17 0.881607 0.493333 0.038055 0.32
11 0.921776 0.493333 0.033827 0.32
0 0.964059 0.493333 0.042283 0.32
