20 0.013636 0.493333 0.027273 0.32
1 0.045455 0.493333 0.031169 0.32
5 0.078571 0.493333 0.02987 0.32
7 0.105195 0.493333 0.018182 0.32
9 0.137013 0.38 0.027273 0.626667
24 0.158442 0.493333 0.01039 0.32
7 0.177273 0.493333 0.022078 0.32
20 0.203896 0.493333 0.025974 0.32
0 0.236364 0.493333 0.033766 0.32
10 0.272078 0.493333 0.019481 0.32
19 0.301948 0.493333 0.035065 0.32
25 0.344156 0.52 0.031169 0.373333
6 0.376623 0.493333 0.028571 0.32
11 0.405195 0.493333 0.023377 0.32
19 0.44026 0.493333 0.041558 0.32
12 0.47987 0.613333 0.019481 0.613333
3 0.503247 0.493333 0.022078 0.32
25 0.536364 0.493333 0.025974 0.32
16 0.57013 0.606667 0.036364 0.626667
2 0.607792 0.493333 0.033766 0.32
10 0.646104 0.506667 0.024675 0.346667
11 0.671429 0.493333 0.020779 0.32
24 0.694156 0.493333 0.019481 0.32
17 0.719481 0.493333 0.025974 0.32
20 0.750649 0.493333 0.018182 0.32
0 0.778571 0.493333 0.032468 0.32
5 0.819481 0.5 0.031169 0.333333
11 0.847403 0.493333 0.019481 0.32
1 0.875325 0.493333 0.031169 0.32
5 0.916883 0.493333 0.033766 0.32
20 0.95 0.493333 0.027273 0.32
0 0.978571 0.493333 0.024675 0.32
