5 0.018033 0.493333 0.036066 0.32
9 0.058197 0.373333 0.037705 0.613333
0 0.107377 0.52 0.037705 0.373333
25 0.146721 0.493333 0.034426 0.32
5 0.183607 0.493333 0.032787 0.32
6 0.230328 0.526667 0.037705 0.386667
16 0.277049 0.606667 0.04918 0.626667
25 0.322131 0.493333 0.034426 0.32
5 0.370492 0.493333 0.039344 0.32
25 0.410656 0.493333 0.034426 0.32
5 0.446721 0.493333 0.031148 0.32
24 0.472951 0.493333 0.014754 0.32
10 0.509016 0.493333 0.034426 0.32
5 0.54918 0.493333 0.039344 0.32
5 0.602459 0.493333 0.044262 0.32
13 0.640164 0.52 0.02459 0.373333
1 0.67377 0.493333 0.036066 0.32
25 0.727869 0.493333 0.04918 0.32
3 0.769672 0.493333 0.027869 0.32
5 0.804918 0.493333 0.036066 0.32
25 0.843443 0.493333 0.034426 0.32
5 0.885246 0.493333 0.042623 0.32
24 0.918852 0.493333 0.018033 0.32
12 0.948361 0.613333 0.018033 0.613333
11 0.97459 0.493333 0.027869 0.32
