8 0.021631 0.613333 0.043261 0.586667
25 0.06406 0.493333 0.034942 0.32
3 0.099002 0.493333 0.028286 0.32
18 0.137271 0.5 0.041597 0.333333
6 0.1797 0.493333 0.036606 0.32
24 0.21797 0.526667 0.016639 0.386667
19 0.25208 0.493333 0.044925 0.32
1 0.291181 0.493333 0.026622 0.32
25 0.327787 0.506667 0.039933 0.346667
25 0.384359 0.493333 0.049917 0.32
7 0.427621 0.493333 0.02995 0.32
17 0.460067 0.493333 0.028286 0.32
3 0.490849 0.486667 0.026622 0.333333
2 0.522463 0.493333 0.02995 0.32
9 0.569052 0.373333 0.039933 0.613333
0 0.608985 0.506667 0.033278 0.346667
17 0.648087 0.52 0.03827 0.373333
19 0.691348 0.493333 0.041597 0.32
25 0.733777 0.493333 0.036606 0.32
9 0.785358 0.38 0.043261 0.626667
1 0.826123 0.493333 0.031614 0.32
10 0.860233 0.493333 0.02995 0.32
24 0.894343 0.493333 0.031614 0.32
25 0.933444 0.493333 0.039933 0.32
2 0.972546 0.493333 0.031614 0.32
