8 0.035211 0.606667 0.070423 0.626667
9 0.105634 0.373333 0.061033 0.613333
9 0.163146 0.38 0.044601 0.626667
0 0.220657 0.493333 0.061033 0.32
24 0.269953 0.493333 0.028169 0.32
24 0.31338 0.493333 0.025822 0.32
0 0.35446 0.493333 0.046948 0.32
17 0.40493 0.493333 0.044601 0.32
25 0.457746 0.493333 0.051643 0.32
20 0.512911 0.493333 0.049296 0.32
20 0.577465 0.493333 0.046948 0.32
0 0.63615 0.513333 0.061033 0.36
10 0.693662 0.506667 0.044601 0.346667
5 0.742958 0.506667 0.044601 0.346667
20 0.809859 0.506667 0.056338 0.346667
0 0.866197 0.493333 0.046948 0.32
12 0.911972 0.606667 0.035211 0.626667
11 0.95892 0.493333 0.049296 0.32
