10 0.01919 0.493333 0.03838 0.32
0 0.063966 0.493333 0.042644 0.32
24 0.099147 0.493333 0.01919 0.32
0 0.143923 0.493333 0.040512 0.32
3 0.182303 0.493333 0.027719 0.32
6 0.226013 0.493333 0.051173 0.32
7 0.267591 0.493333 0.023454 0.32
3 0.313433 0.493333 0.03838 0.32
11 0.355011 0.493333 0.036247 0.32
1 0.400853 0.513333 0.046908 0.36
11 0.447761 0.493333 0.03838 0.32
12 0.49467 0.613333 0.025586 0.613333
7 0.525586 0.493333 0.027719 0.32
9 0.56823 0.366667 0.027719 0.626667
1 0.602345 0.493333 0.031983 0.32
2 0.638593 0.493333 0.031983 0.32
9 0.685501 0.373333 0.031983 0.613333
1 0.727079 0.493333 0.042644 0.32
2 0.78678 0.493333 0.046908 0.32
5 0.836887 0.506667 0.044776 0.32
26 0.872068 0.493333 0.017058 0.32
12 0.91258 0.586667 0.034115 0.666667
11 0.959488 0.493333 0.051173 0.32
