10 0.021622 0.486667 0.03964 0.306667
24 0.053153 0.493333 0.016216 0.32
25 0.100901 0.493333 0.054054 0.32
7 0.145946 0.493333 0.028829 0.32
9 0.189189 0.373333 0.05045 0.613333
0 0.235135 0.493333 0.034234 0.32
15 0.287387 0.593333 0.045045 0.653333
17 0.335135 0.513333 0.043243 0.36
11 0.372072 0.493333 0.023423 0.32
5 0.411712 0.493333 0.048649 0.32
2 0.467568 0.493333 0.037838 0.32
24 0.495495 0.493333 0.010811 0.32
17 0.520721 0.493333 0.032432 0.32
2 0.553153 0.493333 0.025225 0.32
20 0.593694 0.493333 0.030631 0.32
24 0.621622 0.526667 0.018018 0.386667
0 0.652252 0.493333 0.036036 0.32
17 0.689189 0.493333 0.030631 0.32
9 0.738739 0.373333 0.061261 0.64
3 0.799099 0.506667 0.034234 0.346667
6 0.83964 0.493333 0.03964 0.32
5 0.881982 0.493333 0.037838 0.32
20 0.922523 0.493333 0.036036 0.32
0 0.965766 0.493333 0.043243 0.32
