25 0.035545 0.493333 0.07109 0.32
7 0.091232 0.493333 0.030806 0.32
9 0.14218 0.38 0.061611 0.626667
11 0.194313 0.5 0.033175 0.333333
25 0.25237 0.493333 0.049763 0.32
7 0.300948 0.493333 0.037915 0.32
3 0.356635 0.493333 0.040284 0.32
1 0.415877 0.52 0.06872 0.373333
20 0.495261 0.493333 0.056872 0.32
0 0.549763 0.5 0.042654 0.333333
9 0.623223 0.353333 0.07109 0.653333
0 0.691943 0.493333 0.056872 0.32
24 0.735782 0.493333 0.021327 0.32
25 0.7891 0.493333 0.052133 0.32
3 0.837678 0.493333 0.035545 0.32
25 0.896919 0.493333 0.049763 0.32
7 0.954976 0.526667 0.056872 0.386667
