9 0.0199 0.386667 0.039801 0.64
7 0.055556 0.493333 0.024876 0.32
24 0.080431 0.493333 0.018242 0.32
10 0.116086 0.493333 0.029851 0.32
9 0.155058 0.38 0.041459 0.626667
17 0.201493 0.493333 0.028192 0.32
19 0.247098 0.52 0.056385 0.373333
0 0.295191 0.506667 0.033167 0.346667
24 0.323383 0.493333 0.016584 0.32
2 0.355721 0.493333 0.041459 0.32
9 0.412106 0.38 0.064677 0.626667
10 0.46932 0.513333 0.026534 0.36
9 0.499171 0.393333 0.026534 0.653333
24 0.523217 0.493333 0.014925 0.32
1 0.553068 0.5 0.038143 0.333333
1 0.595357 0.493333 0.039801 0.32
17 0.635158 0.513333 0.033167 0.36
9 0.68325 0.38 0.039801 0.626667
24 0.71393 0.493333 0.014925 0.32
7 0.737148 0.493333 0.024876 0.32
2 0.767828 0.493333 0.029851 0.32
24 0.801824 0.493333 0.031509 0.32
17 0.842454 0.493333 0.026534 0.32
19 0.883085 0.493333 0.048093 0.32
0 0.923715 0.493333 0.026534 0.32
24 0.955224 0.493333 0.013267 0.32
13 0.976783 0.493333 0.023217 0.32
