10 0.021516 0.526667 0.043033 0.386667
4 0.065574 0.526667 0.036885 0.386667
24 0.098361 0.493333 0.020492 0.32
12 0.135246 0.606667 0.02459 0.626667
24 0.159836 0.493333 0.016393 0.32
7 0.189549 0.493333 0.034836 0.32
20 0.229508 0.493333 0.036885 0.32
20 0.282787 0.493333 0.040984 0.32
0 0.326844 0.493333 0.038934 0.32
10 0.377049 0.493333 0.032787 0.32
1 0.422131 0.493333 0.04918 0.32
24 0.469262 0.506667 0.016393 0.346667
3 0.504098 0.513333 0.045082 0.36
25 0.561475 0.5 0.061475 0.333333
17 0.623975 0.493333 0.034836 0.32
2 0.664959 0.493333 0.038934 0.32
3 0.704918 0.493333 0.032787 0.32
12 0.753074 0.613333 0.034836 0.613333
5 0.79918 0.493333 0.04918 0.32
10 0.847336 0.493333 0.038934 0.32
6 0.897541 0.493333 0.053279 0.32
24 0.938525 0.526667 0.020492 0.386667
17 0.969262 0.493333 0.032787 0.32
