25 0.021113 0.526667 0.042226 0.386667
9 0.069098 0.38 0.046065 0.626667
10 0.119002 0.493333 0.026871 0.32
5 0.15739 0.493333 0.042226 0.32
0 0.209213 0.493333 0.034549 0.32
17 0.257198 0.493333 0.053743 0.32
11 0.309021 0.493333 0.042226 0.32
9 0.37524 0.366667 0.06334 0.626667
0 0.426104 0.493333 0.03071 0.32
17 0.473129 0.493333 0.036468 0.32
19 0.524952 0.493333 0.059501 0.32
0 0.576775 0.493333 0.036468 0.32
25 0.629559 0.493333 0.042226 0.32
14 0.668906 0.493333 0.028791 0.32
5 0.725528 0.513333 0.057582 0.333333
7 0.775432 0.493333 0.034549 0.293333
25 0.827255 0.493333 0.038388 0.32
19 0.878119 0.493333 0.055662 0.32
1 0.930902 0.493333 0.042226 0.32
11 0.971209 0.493333 0.03071 0.32
