10 0.016105 0.506667 0.032211 0.346667
2 0.047584 0.493333 0.02489 0.32
2 0.078331 0.493333 0.030747 0.32
9 0.11713 0.386667 0.040996 0.64
9 0.169839 0.38 0.043924 0.626667
1 0.207174 0.493333 0.02489 0.32
5 0.251098 0.493333 0.04246 0.32
26 0.281113 0.493333 0.011713 0.32
24 0.295754 0.493333 0.011713 0.32
9 0.333089 0.38 0.054173 0.546667
9 0.393851 0.393333 0.040996 0.653333
25 0.433382 0.526667 0.032211 0.386667
0 0.473646 0.493333 0.04246 0.32
9 0.523426 0.366667 0.051245 0.626667
25 0.575403 0.526667 0.032211 0.386667
13 0.604685 0.493333 0.020498 0.32
11 0.628111 0.493333 0.020498 0.32
20 0.664714 0.493333 0.032211 0.32
0 0.697657 0.493333 0.027818 0.32
17 0.7306 0.493333 0.032211 0.32
19 0.770864 0.506667 0.04246 0.346667
0 0.814056 0.493333 0.038067 0.32
12 0.852855 0.606667 0.019034 0.626667
11 0.878477 0.493333 0.026354 0.32
25 0.910688 0.493333 0.032211 0.32
13 0.940703 0.513333 0.021962 0.36
2 0.972182 0.52 0.035139 0.373333
