25 0.016154 0.493333 0.032308 0.32
3 0.046923 0.493333 0.023077 0.32
25 0.084615 0.5 0.046154 0.333333
13 0.122308 0.493333 0.023077 0.32
19 0.156923 0.493333 0.04 0.32
3 0.200769 0.5 0.026154 0.333333
6 0.231538 0.506667 0.029231 0.346667
0 0.266154 0.493333 0.033846 0.32
2 0.301538 0.52 0.030769 0.373333
9 0.353077 0.366667 0.050769 0.626667
1 0.4 0.493333 0.036923 0.32
10 0.435385 0.493333 0.027692 0.32
25 0.469231 0.493333 0.033846 0.32
11 0.502308 0.493333 0.026154 0.32
2 0.534615 0.493333 0.032308 0.32
0 0.579231 0.5 0.032308 0.306667
25 0.616923 0.52 0.036923 0.373333
2 0.651538 0.493333 0.026154 0.32
5 0.684615 0.493333 0.033846 0.32
9 0.730769 0.38 0.052308 0.626667
24 0.774615 0.493333 0.013846 0.32
9 0.814615 0.386667 0.044615 0.64
0 0.860769 0.493333 0.041538 0.32
0 0.903077 0.493333 0.036923 0.32
24 0.932308 0.493333 0.015385 0.32
9 0.966154 0.38 0.046154 0.626667
