25 0.022059 0.506667 0.044118 0.346667
13 0.068015 0.493333 0.040441 0.32
14 0.108456 0.493333 0.033088 0.32
9 0.159007 0.366667 0.060662 0.626667
24 0.204963 0.493333 0.023897 0.32
5 0.256434 0.506667 0.053309 0.32
19 0.310662 0.493333 0.047794 0.32
11 0.354779 0.493333 0.033088 0.32
20 0.402574 0.493333 0.036765 0.32
0 0.444853 0.493333 0.040441 0.32
17 0.494485 0.493333 0.033088 0.32
19 0.537684 0.493333 0.045956 0.32
0 0.582721 0.493333 0.036765 0.32
10 0.620404 0.506667 0.03125 0.346667
9 0.670037 0.38 0.060662 0.626667
6 0.719669 0.493333 0.03125 0.32
0 0.77114 0.493333 0.045956 0.32
2 0.819853 0.526667 0.044118 0.386667
17 0.863971 0.493333 0.036765 0.32
5 0.917279 0.493333 0.044118 0.32
9 0.965074 0.36 0.044118 0.64
