17 0.030769 0.493333 0.061538 0.32
14 0.084615 0.493333 0.037363 0.32
18 0.12967 0.513333 0.043956 0.36
2 0.183516 0.493333 0.054945 0.32
2 0.250549 0.493333 0.048352 0.32
9 0.306593 0.346667 0.054945 0.666667
20 0.371429 0.493333 0.043956 0.32
24 0.407692 0.493333 0.01978 0.32
7 0.435165 0.493333 0.026374 0.32
9 0.481319 0.366667 0.057143 0.626667
11 0.528571 0.493333 0.028571 0.32
11 0.563736 0.526667 0.032967 0.386667
6 0.617582 0.493333 0.043956 0.32
16 0.68022 0.613333 0.072527 0.613333
0 0.751648 0.52 0.03956 0.373333
5 0.802198 0.493333 0.052747 0.32
25 0.865934 0.493333 0.065934 0.32
20 0.920879 0.5 0.035165 0.333333
2 0.963736 0.493333 0.041758 0.32
