12 0.022282 0.606667 0.044563 0.626667
25 0.067736 0.526667 0.039216 0.386667
13 0.110517 0.493333 0.039216 0.32
19 0.156863 0.493333 0.046346 0.32
3 0.206774 0.493333 0.02852 0.32
25 0.242424 0.493333 0.035651 0.32
2 0.293226 0.493333 0.058824 0.32
9 0.350267 0.373333 0.048128 0.613333
1 0.393048 0.526667 0.030303 0.386667
24 0.418895 0.493333 0.01426 0.32
3 0.452763 0.513333 0.02852 0.36
1 0.494652 0.526667 0.048128 0.386667
0 0.550802 0.52 0.039216 0.373333
9 0.5918 0.373333 0.035651 0.64
8 0.642602 0.606667 0.058824 0.626667
24 0.685383 0.5 0.019608 0.333333
20 0.713012 0.493333 0.02852 0.32
11 0.748663 0.493333 0.035651 0.32
0 0.803922 0.493333 0.049911 0.32
24 0.842246 0.493333 0.019608 0.32
5 0.88057 0.493333 0.049911 0.32
9 0.931373 0.373333 0.026738 0.613333
0 0.967914 0.506667 0.039216 0.346667
