5 0.01513 0.493333 0.030259 0.32
7 0.044669 0.493333 0.023055 0.32
9 0.085735 0.38 0.053314 0.626667
4 0.145533 0.493333 0.04611 0.32
9 0.195245 0.366667 0.04755 0.626667
14 0.233429 0.493333 0.023055 0.32
24 0.255043 0.493333 0.014409 0.32
9 0.289625 0.373333 0.034582 0.613333
2 0.327089 0.506667 0.034582 0.346667
20 0.364553 0.493333 0.034582 0.32
16 0.407061 0.606667 0.030259 0.626667
6 0.440922 0.493333 0.0317 0.32
25 0.474784 0.493333 0.030259 0.32
7 0.503602 0.493333 0.021614 0.32
10 0.538905 0.493333 0.028818 0.32
25 0.570605 0.493333 0.028818 0.32
17 0.602305 0.493333 0.028818 0.32
20 0.636167 0.493333 0.033141 0.32
12 0.672911 0.58 0.020173 0.706667
2 0.705331 0.493333 0.038905 0.32
17 0.75072 0.493333 0.0317 0.32
11 0.778098 0.493333 0.017291 0.32
0 0.809798 0.493333 0.040346 0.32
8 0.863833 0.606667 0.04755 0.626667
9 0.909222 0.373333 0.037464 0.613333
24 0.945245 0.493333 0.014409 0.32
0 0.972622 0.493333 0.034582 0.32
