10 0.009186 0.493333 0.018373 0.32
2 0.034121 0.493333 0.026247 0.32
2 0.063648 0.493333 0.027559 0.32
9 0.095144 0.373333 0.030184 0.613333
3 0.133202 0.493333 0.027559 0.32
1 0.169291 0.493333 0.03937 0.32
24 0.200787 0.493333 0.018373 0.32
5 0.233596 0.5 0.041995 0.333333
11 0.269029 0.493333 0.023622 0.32
7 0.292651 0.493333 0.018373 0.32
9 0.328084 0.38 0.034121 0.626667
0 0.364829 0.493333 0.034121 0.32
20 0.403543 0.506667 0.024934 0.346667
0 0.431102 0.513333 0.024934 0.36
25 0.465879 0.5 0.03937 0.333333
13 0.495407 0.493333 0.014436 0.32
25 0.520997 0.493333 0.031496 0.32
1 0.549869 0.493333 0.020997 0.32
12 0.578084 0.613333 0.01706 0.613333
24 0.595144 0.493333 0.011811 0.32
17 0.615486 0.493333 0.023622 0.32
5 0.645669 0.5 0.031496 0.333333
2 0.687008 0.526667 0.032808 0.386667
24 0.713255 0.493333 0.014436 0.32
7 0.73294 0.493333 0.019685 0.32
19 0.765092 0.493333 0.03937 0.32
9 0.807743 0.38 0.040682 0.626667
10 0.854987 0.493333 0.035433 0.32
4 0.885827 0.493333 0.020997 0.32
24 0.905512 0.493333 0.013123 0.32
25 0.928478 0.493333 0.027559 0.32
13 0.955381 0.493333 0.020997 0.32
14 0.979659 0.493333 0.02231 0.32
