9 0.012842 0.373333 0.025685 0.613333
0 0.045377 0.493333 0.032534 0.32
9 0.082192 0.333333 0.034247 0.506667
26 0.111301 0.493333 0.013699 0.32
17 0.136986 0.493333 0.030822 0.32
2 0.172945 0.493333 0.034247 0.32
3 0.219178 0.493333 0.034247 0.32
1 0.261986 0.493333 0.044521 0.32
24 0.296233 0.493333 0.017123 0.32
5 0.338185 0.493333 0.042808 0.32
9 0.383562 0.373333 0.041096 0.613333
17 0.433219 0.493333 0.034247 0.32
24 0.461473 0.52 0.015411 0.373333
11 0.48887 0.493333 0.032534 0.32
0 0.520548 0.513333 0.023973 0.36
9 0.554795 0.373333 0.037671 0.613333
20 0.599315 0.493333 0.027397 0.32
0 0.634418 0.493333 0.035959 0.32
24 0.666096 0.493333 0.020548 0.32
5 0.696062 0.526667 0.032534 0.386667
25 0.744863 0.506667 0.041096 0.346667
7 0.78339 0.493333 0.02911 0.32
25 0.830479 0.52 0.041096 0.373333
20 0.871575 0.506667 0.034247 0.346667
16 0.919521 0.606667 0.054795 0.653333
6 0.969178 0.513333 0.037671 0.36
