0 0.013666 0.5 0.027331 0.333333
2 0.054662 0.493333 0.048232 0.32
5 0.107717 0.493333 0.03537 0.32
11 0.144695 0.493333 0.032154 0.32
19 0.192122 0.493333 0.05627 0.32
0 0.244373 0.493333 0.041801 0.32
24 0.286174 0.493333 0.019293 0.32
13 0.30627 0.493333 0.014469 0.32
9 0.348071 0.38 0.059486 0.546667
3 0.401929 0.493333 0.019293 0.32
1 0.428457 0.493333 0.027331 0.32
20 0.459003 0.493333 0.027331 0.32
0 0.48955 0.493333 0.027331 0.32
24 0.515273 0.493333 0.017685 0.32
3 0.551447 0.493333 0.032154 0.32
1 0.590032 0.493333 0.038585 0.32
9 0.638264 0.38 0.03537 0.626667
0 0.672026 0.493333 0.025723 0.32
20 0.709003 0.513333 0.025723 0.36
0 0.73955 0.493333 0.028939 0.32
24 0.765273 0.493333 0.016077 0.32
24 0.789389 0.493333 0.009646 0.32
2 0.813505 0.493333 0.032154 0.32
9 0.864148 0.366667 0.046624 0.626667
7 0.898714 0.513333 0.016077 0.36
2 0.92926 0.493333 0.038585 0.32
5 0.970257 0.5 0.036977 0.333333
