10 0.022508 0.493333 0.045016 0.32
0 0.069132 0.493333 0.041801 0.32
24 0.100482 0.493333 0.014469 0.32
8 0.150322 0.62 0.062701 0.626667
25 0.201768 0.493333 0.033762 0.32
11 0.237942 0.493333 0.032154 0.32
6 0.2709 0.493333 0.027331 0.32
17 0.305466 0.493333 0.03537 0.32
10 0.350482 0.493333 0.032154 0.32
1 0.385852 0.493333 0.032154 0.32
17 0.432476 0.493333 0.038585 0.32
0 0.472669 0.526667 0.03537 0.386667
24 0.51045 0.493333 0.017685 0.32
9 0.542605 0.38 0.040193 0.626667
25 0.590032 0.493333 0.032154 0.32
26 0.614952 0.52 0.011254 0.373333
17 0.635852 0.493333 0.024116 0.32
25 0.676045 0.493333 0.033762 0.32
13 0.709807 0.493333 0.027331 0.32
2 0.745981 0.493333 0.038585 0.32
5 0.79582 0.493333 0.038585 0.32
25 0.837621 0.506667 0.038585 0.346667
6 0.878617 0.52 0.036977 0.373333
9 0.930868 0.373333 0.045016 0.613333
1 0.972669 0.5 0.032154 0.333333
