10 0.011158 0.493333 0.022315 0.32
20 0.036262 0.493333 0.022315 0.32
3 0.062064 0.493333 0.02371 0.32
1 0.098326 0.493333 0.043236 0.32
2 0.134589 0.493333 0.02371 0.32
6 0.170851 0.493333 0.029289 0.32
24 0.195955 0.493333 0.015342 0.32
17 0.22106 0.493333 0.029289 0.32
24 0.258717 0.493333 0.026499 0.32
24 0.282427 0.493333 0.015342 0.32
1 0.31311 0.493333 0.026499 0.32
19 0.346583 0.493333 0.034868 0.32
17 0.382845 0.493333 0.032078 0.32
9 0.412831 0.38 0.022315 0.626667
0 0.437238 0.493333 0.020921 0.32
20 0.472106 0.493333 0.029289 0.32
0 0.502092 0.493333 0.025105 0.32
24 0.525802 0.493333 0.016736 0.32
0 0.55788 0.493333 0.027894 0.32
25 0.589261 0.493333 0.029289 0.32
7 0.616457 0.493333 0.019526 0.32
5 0.651325 0.493333 0.030683 0.32
2 0.685495 0.5 0.032078 0.333333
25 0.728033 0.52 0.033473 0.373333
3 0.762204 0.493333 0.029289 0.32
3 0.797768 0.486667 0.022315 0.333333
1 0.832636 0.493333 0.041841 0.32
24 0.87099 0.493333 0.015342 0.32
17 0.896792 0.493333 0.030683 0.32
19 0.939331 0.493333 0.048815 0.32
14 0.978382 0.493333 0.02371 0.32
