5 0.026667 0.493333 0.053333 0.32
17 0.081333 0.493333 0.045333 0.32
19 0.144 0.493333 0.069333 0.32
1 0.226667 0.493333 0.085333 0.32
0 0.313333 0.493333 0.050667 0.32
25 0.376 0.493333 0.064 0.32
7 0.436 0.493333 0.045333 0.32
3 0.489333 0.506667 0.050667 0.346667
1 0.542667 0.493333 0.045333 0.32
5 0.610667 0.493333 0.08 0.32
24 0.690667 0.493333 0.042667 0.32
2 0.738667 0.493333 0.042667 0.32
8 0.804 0.606667 0.050667 0.626667
24 0.849333 0.493333 0.029333 0.32
17 0.896 0.513333 0.053333 0.36
2 0.954667 0.493333 0.053333 0.32
