12 0.009146 0.606667 0.018293 0.626667
3 0.033537 0.493333 0.02439 0.32
25 0.072409 0.493333 0.032012 0.32
7 0.099848 0.493333 0.016768 0.32
20 0.134909 0.493333 0.032012 0.32
0 0.178354 0.493333 0.04878 0.32
5 0.229421 0.506667 0.032012 0.346667
11 0.262195 0.493333 0.027439 0.32
12 0.297256 0.62 0.021341 0.626667
4 0.33003 0.5 0.03811 0.333333
11 0.365091 0.493333 0.025915 0.32
25 0.397104 0.493333 0.032012 0.32
3 0.429116 0.493333 0.025915 0.32
25 0.469512 0.526667 0.033537 0.386667
3 0.499238 0.493333 0.019817 0.32
24 0.518293 0.493333 0.012195 0.32
12 0.54497 0.613333 0.019817 0.613333
24 0.565549 0.526667 0.015244 0.386667
5 0.591463 0.493333 0.030488 0.32
24 0.615854 0.493333 0.012195 0.32
24 0.640244 0.493333 0.015244 0.32
24 0.658537 0.493333 0.015244 0.32
17 0.695884 0.493333 0.03811 0.32
4 0.737805 0.513333 0.039634 0.36
5 0.778201 0.493333 0.035061 0.32
25 0.821646 0.493333 0.030488 0.32
3 0.855945 0.493333 0.032012 0.32
19 0.897866 0.506667 0.045732 0.32
14 0.939787 0.493333 0.032012 0.32
13 0.974085 0.493333 0.030488 0.32
