24 0.011211 0.493333 0.022422 0.32
9 0.053812 0.373333 0.053812 0.613333
19 0.133408 0.52 0.073991 0.373333
25 0.20852 0.5 0.067265 0.333333
0 0.283632 0.493333 0.073991 0.32
5 0.357623 0.493333 0.042601 0.32
7 0.409193 0.493333 0.05157 0.32
9 0.474215 0.38 0.047085 0.626667
0 0.522422 0.493333 0.040359 0.32
9 0.567265 0.38 0.040359 0.626667
0 0.610987 0.5 0.038117 0.333333
20 0.663677 0.493333 0.035874 0.32
0 0.713004 0.493333 0.053812 0.32
9 0.783632 0.373333 0.078475 0.64
0 0.871076 0.526667 0.087444 0.386667
2 0.951794 0.493333 0.065022 0.32
