9 0.017021 0.38 0.034043 0.626667
1 0.056738 0.493333 0.039716 0.32
1 0.098582 0.493333 0.038298 0.32
17 0.137589 0.493333 0.034043 0.32
0 0.17305 0.506667 0.031206 0.346667
9 0.202837 0.393333 0.022695 0.653333
24 0.231915 0.493333 0.015603 0.32
0 0.253191 0.493333 0.021277 0.32
20 0.287234 0.493333 0.02695 0.32
0 0.329078 0.513333 0.051064 0.36
20 0.376596 0.493333 0.024113 0.32
0 0.402837 0.493333 0.022695 0.32
20 0.437589 0.493333 0.02695 0.32
0 0.48156 0.526667 0.055319 0.386667
10 0.536879 0.513333 0.035461 0.36
0 0.573759 0.493333 0.032624 0.32
20 0.621986 0.493333 0.043972 0.32
24 0.653901 0.493333 0.014184 0.32
0 0.675177 0.52 0.022695 0.373333
11 0.700709 0.493333 0.022695 0.32
9 0.739716 0.366667 0.035461 0.626667
0 0.775887 0.493333 0.031206 0.32
17 0.808511 0.493333 0.028369 0.32
24 0.829787 0.526667 0.008511 0.386667
1 0.856738 0.493333 0.039716 0.32
20 0.9 0.493333 0.02695 0.32
24 0.924113 0.493333 0.015603 0.32
24 0.941844 0.493333 0.014184 0.32
16 0.970922 0.613333 0.038298 0.64
