3 0.013345 0.5 0.02669 0.333333
1 0.053381 0.493333 0.046263 0.32
20 0.093416 0.493333 0.02669 0.32
24 0.124555 0.493333 0.02847 0.32
11 0.157473 0.493333 0.030249 0.32
0 0.19395 0.52 0.035587 0.373333
20 0.241103 0.493333 0.033808 0.32
0 0.282918 0.493333 0.042705 0.32
26 0.314947 0.493333 0.014235 0.32
2 0.346975 0.493333 0.042705 0.32
3 0.384342 0.506667 0.024911 0.346667
1 0.422598 0.493333 0.044484 0.32
0 0.476868 0.5 0.039146 0.333333
25 0.52669 0.5 0.053381 0.333333
7 0.566726 0.493333 0.019573 0.32
25 0.606762 0.5 0.053381 0.333333
3 0.653915 0.493333 0.033808 0.32
1 0.707295 0.493333 0.048043 0.32
2 0.753559 0.493333 0.037367 0.32
24 0.785587 0.493333 0.019573 0.32
1 0.822064 0.493333 0.046263 0.32
9 0.870996 0.373333 0.044484 0.613333
25 0.925267 0.493333 0.039146 0.32
3 0.967972 0.513333 0.039146 0.36
