0 0.017751 0.493333 0.035503 0.32
24 0.046598 0.493333 0.016272 0.32
19 0.079142 0.506667 0.042899 0.346667
12 0.116864 0.613333 0.026627 0.613333
2 0.154586 0.493333 0.042899 0.32
24 0.193047 0.493333 0.013314 0.32
13 0.212278 0.493333 0.019231 0.32
8 0.24926 0.606667 0.048817 0.626667
24 0.284024 0.526667 0.014793 0.386667
17 0.305473 0.493333 0.022189 0.32
2 0.335799 0.493333 0.032544 0.32
9 0.382396 0.36 0.039941 0.666667
1 0.421598 0.513333 0.032544 0.36
5 0.468195 0.493333 0.039941 0.32
2 0.505178 0.493333 0.028107 0.32
10 0.547337 0.493333 0.035503 0.32
19 0.587278 0.506667 0.038462 0.346667
11 0.623521 0.493333 0.028107 0.32
15 0.668639 0.613333 0.04142 0.64
0 0.70784 0.493333 0.031065 0.32
2 0.741124 0.5 0.029586 0.333333
24 0.764053 0.493333 0.010355 0.32
0 0.787722 0.493333 0.031065 0.32
24 0.822485 0.493333 0.017751 0.32
2 0.850592 0.5 0.032544 0.333333
15 0.898669 0.613333 0.042899 0.613333
18 0.940828 0.493333 0.035503 0.32
7 0.975592 0.493333 0.028107 0.32
