9 0.020238 0.366667 0.040476 0.626667
19 0.058929 0.493333 0.032143 0.32
9 0.104167 0.38 0.053571 0.626667
7 0.143452 0.493333 0.020238 0.32
2 0.17381 0.493333 0.035714 0.32
5 0.216071 0.493333 0.032143 0.32
7 0.243452 0.526667 0.017857 0.386667
20 0.272024 0.493333 0.022619 0.32
0 0.301786 0.493333 0.032143 0.32
3 0.329762 0.5 0.019048 0.333333
1 0.360119 0.493333 0.036905 0.32
9 0.399405 0.36 0.025 0.666667
19 0.432143 0.493333 0.035714 0.32
11 0.460714 0.493333 0.016667 0.32
9 0.489286 0.373333 0.035714 0.613333
20 0.525595 0.493333 0.020238 0.32
0 0.548214 0.506667 0.020238 0.346667
20 0.579762 0.493333 0.02619 0.32
11 0.604762 0.493333 0.019048 0.32
6 0.627976 0.493333 0.022619 0.32
25 0.660714 0.493333 0.02619 0.32
19 0.694643 0.5 0.036905 0.333333
13 0.724405 0.493333 0.017857 0.32
0 0.747619 0.493333 0.02381 0.32
12 0.77619 0.613333 0.016667 0.613333
11 0.797619 0.493333 0.021429 0.32
24 0.822024 0.493333 0.022619 0.32
11 0.844643 0.493333 0.017857 0.32
3 0.869643 0.493333 0.027381 0.32
5 0.903571 0.493333 0.02381 0.32
11 0.928571 0.493333 0.021429 0.32
5 0.952976 0.493333 0.022619 0.32
9 0.978571 0.333333 0.02381 0.506667
