3 0.014556 0.493333 0.029112 0.32
24 0.037846 0.493333 0.011645 0.32
2 0.060408 0.493333 0.027656 0.32
7 0.08952 0.493333 0.024745 0.32
3 0.124454 0.493333 0.024745 0.32
1 0.159389 0.493333 0.039301 0.32
24 0.193595 0.493333 0.02329 0.32
13 0.226346 0.493333 0.03639 0.32
9 0.272198 0.373333 0.049491 0.613333
24 0.31441 0.526667 0.014556 0.386667
24 0.333333 0.493333 0.017467 0.32
9 0.36754 0.38 0.030568 0.626667
0 0.401747 0.493333 0.032023 0.32
10 0.431587 0.493333 0.021834 0.32
24 0.453421 0.493333 0.016012 0.32
25 0.486172 0.493333 0.043668 0.32
5 0.526929 0.493333 0.032023 0.32
12 0.565502 0.613333 0.024745 0.64
5 0.596798 0.493333 0.032023 0.32
0 0.635371 0.493333 0.039301 0.32
25 0.673217 0.493333 0.030568 0.32
7 0.708879 0.526667 0.034934 0.386667
17 0.749636 0.493333 0.026201 0.32
11 0.77802 0.486667 0.024745 0.306667
0 0.80786 0.493333 0.026201 0.32
25 0.845706 0.493333 0.043668 0.32
24 0.876274 0.493333 0.011645 0.32
12 0.903202 0.613333 0.021834 0.613333
24 0.924309 0.493333 0.014556 0.32
11 0.943231 0.493333 0.017467 0.32
5 0.972344 0.493333 0.034934 0.32
