10 0.018672 0.493333 0.037344 0.32
5 0.061203 0.493333 0.039419 0.32
9 0.109959 0.38 0.049793 0.626667
9 0.1639 0.373333 0.049793 0.613333
25 0.224066 0.5 0.062241 0.333333
0 0.286307 0.493333 0.053942 0.32
5 0.354772 0.513333 0.053942 0.36
7 0.399378 0.493333 0.026971 0.32
3 0.447095 0.493333 0.039419 0.32
3 0.489627 0.493333 0.037344 0.32
2 0.532158 0.493333 0.039419 0.32
9 0.591286 0.373333 0.049793 0.613333
24 0.631743 0.493333 0.022822 0.32
7 0.662863 0.493333 0.03112 0.32
24 0.692946 0.493333 0.020747 0.32
3 0.743776 0.493333 0.051867 0.32
1 0.794606 0.493333 0.041494 0.32
9 0.864108 0.38 0.068465 0.626667
0 0.919087 0.493333 0.033195 0.32
9 0.962656 0.366667 0.045643 0.626667
