15 0.023364 0.613333 0.046729 0.613333
0 0.07243 0.52 0.042056 0.373333
5 0.126168 0.526667 0.056075 0.386667
11 0.181075 0.493333 0.044393 0.32
9 0.238318 0.373333 0.060748 0.613333
0 0.307243 0.493333 0.044393 0.32
25 0.358645 0.493333 0.049065 0.32
7 0.403037 0.493333 0.030374 0.32
9 0.453271 0.366667 0.060748 0.626667
24 0.5 0.493333 0.023364 0.32
7 0.537383 0.493333 0.042056 0.32
9 0.600467 0.36 0.051402 0.64
1 0.658879 0.493333 0.056075 0.32
25 0.731308 0.493333 0.056075 0.32
3 0.78271 0.52 0.037383 0.373333
1 0.851636 0.493333 0.067757 0.32
4 0.918224 0.493333 0.056075 0.32
13 0.96729 0.493333 0.03271 0.32
