24 0.008902 0.493333 0.017804 0.32
25 0.037092 0.493333 0.032641 0.32
5 0.077151 0.493333 0.041543 0.32
25 0.116469 0.493333 0.031157 0.32
6 0.160237 0.506667 0.035608 0.346667
21 0.204006 0.493333 0.045994 0.32
2 0.247774 0.493333 0.035608 0.32
5 0.290059 0.526667 0.02819 0.386667
25 0.323442 0.493333 0.032641 0.32
17 0.356825 0.493333 0.02819 0.32
16 0.39911 0.613333 0.050445 0.64
12 0.445104 0.58 0.020772 0.706667
11 0.47181 0.493333 0.026706 0.32
16 0.522997 0.613333 0.054896 0.64
24 0.561573 0.493333 0.01632 0.32
6 0.598665 0.493333 0.051929 0.32
17 0.642433 0.493333 0.029674 0.32
25 0.683234 0.493333 0.031157 0.32
13 0.708457 0.493333 0.013353 0.32
2 0.735905 0.493333 0.035608 0.32
17 0.781157 0.52 0.034125 0.373333
2 0.815282 0.493333 0.02819 0.32
16 0.859792 0.573333 0.054896 0.693333
2 0.906528 0.493333 0.032641 0.32
10 0.945104 0.493333 0.023739 0.32
7 0.974777 0.493333 0.029674 0.32
