9 0.030364 0.393333 0.060729 0.653333
0 0.086032 0.493333 0.04251 0.32
5 0.147773 0.493333 0.052632 0.32
25 0.202429 0.52 0.048583 0.373333
5 0.255061 0.493333 0.048583 0.32
19 0.324899 0.493333 0.062753 0.32
25 0.381579 0.493333 0.04251 0.32
0 0.428138 0.5 0.04251 0.333333
10 0.484818 0.493333 0.04251 0.32
25 0.540486 0.5 0.060729 0.333333
14 0.591093 0.52 0.032389 0.4
7 0.626518 0.493333 0.030364 0.32
9 0.676113 0.393333 0.060729 0.653333
0 0.731781 0.493333 0.04251 0.32
10 0.782389 0.493333 0.030364 0.32
1 0.827935 0.513333 0.052632 0.36
12 0.867409 0.606667 0.018219 0.626667
3 0.896761 0.493333 0.032389 0.32
9 0.951417 0.38 0.068826 0.626667
