20 0.013038 0.493333 0.026076 0.32
0 0.043677 0.493333 0.029987 0.32
14 0.079531 0.506667 0.023468 0.346667
0 0.10691 0.493333 0.026076 0.32
17 0.134941 0.493333 0.024772 0.32
14 0.159713 0.493333 0.019557 0.32
18 0.189048 0.493333 0.033898 0.32
2 0.22751 0.493333 0.03781 0.32
12 0.264668 0.613333 0.018253 0.613333
11 0.290743 0.493333 0.028683 0.32
5 0.335072 0.5 0.041721 0.333333
7 0.369622 0.493333 0.022164 0.32
25 0.404172 0.526667 0.028683 0.386667
7 0.431551 0.493333 0.02086 0.32
4 0.467405 0.493333 0.032595 0.32
9 0.505215 0.386667 0.03781 0.64
14 0.539113 0.506667 0.024772 0.346667
24 0.560626 0.493333 0.013038 0.32
0 0.581486 0.493333 0.023468 0.32
9 0.613429 0.373333 0.035202 0.613333
25 0.655802 0.506667 0.031291 0.346667
7 0.685137 0.493333 0.022164 0.32
25 0.714472 0.506667 0.031291 0.346667
20 0.746415 0.493333 0.027379 0.32
25 0.776402 0.493333 0.027379 0.32
0 0.806389 0.493333 0.027379 0.32
20 0.842243 0.493333 0.026076 0.32
24 0.864407 0.493333 0.013038 0.32
11 0.884615 0.493333 0.022164 0.32
0 0.910039 0.493333 0.023468 0.32
20 0.947197 0.493333 0.032595 0.32
0 0.978488 0.526667 0.024772 0.386667
