20 0.013971 0.493333 0.027941 0.32
0 0.044853 0.52 0.027941 0.373333
24 0.066176 0.493333 0.008824 0.32
9 0.097794 0.373333 0.033824 0.613333
0 0.131618 0.52 0.027941 0.373333
5 0.172794 0.493333 0.033824 0.32
7 0.203676 0.493333 0.022059 0.32
9 0.233824 0.373333 0.032353 0.613333
2 0.270588 0.493333 0.035294 0.32
0 0.305147 0.493333 0.027941 0.32
3 0.345588 0.513333 0.032353 0.36
1 0.382353 0.493333 0.035294 0.32
10 0.416176 0.493333 0.026471 0.32
1 0.447059 0.493333 0.029412 0.32
24 0.470588 0.493333 0.011765 0.32
9 0.505882 0.373333 0.038235 0.613333
0 0.547059 0.493333 0.038235 0.32
25 0.583824 0.493333 0.029412 0.32
3 0.613971 0.493333 0.025 0.32
9 0.655882 0.38 0.038235 0.626667
1 0.689706 0.493333 0.023529 0.32
12 0.713971 0.613333 0.019118 0.613333
2 0.739706 0.493333 0.026471 0.32
0 0.780147 0.493333 0.033824 0.32
9 0.819853 0.38 0.039706 0.626667
10 0.855882 0.493333 0.026471 0.32
9 0.890441 0.38 0.036765 0.626667
19 0.931618 0.493333 0.039706 0.32
25 0.972059 0.493333 0.035294 0.32
