9 0.018209 0.38 0.036419 0.626667
1 0.051593 0.493333 0.024279 0.32
20 0.091806 0.493333 0.034901 0.32
0 0.132018 0.493333 0.039454 0.32
9 0.182853 0.38 0.056146 0.626667
0 0.227618 0.493333 0.027314 0.32
5 0.270106 0.493333 0.036419 0.32
9 0.310319 0.373333 0.037936 0.613333
0 0.359636 0.493333 0.039454 0.32
24 0.389226 0.493333 0.013657 0.32
25 0.424886 0.506667 0.036419 0.346667
9 0.47041 0.36 0.048558 0.666667
5 0.52352 0.493333 0.036419 0.32
9 0.56525 0.36 0.040971 0.666667
9 0.615326 0.373333 0.037936 0.613333
24 0.644917 0.493333 0.015175 0.32
7 0.668437 0.493333 0.025797 0.32
3 0.704097 0.513333 0.024279 0.36
25 0.735964 0.493333 0.033384 0.32
9 0.771624 0.38 0.031866 0.626667
1 0.811077 0.493333 0.040971 0.32
14 0.858118 0.493333 0.031866 0.32
0 0.892261 0.493333 0.030349 0.32
3 0.920334 0.493333 0.019727 0.32
24 0.940819 0.5 0.015175 0.333333
1 0.97041 0.493333 0.037936 0.32
