3 0.017471 0.493333 0.034942 0.32
1 0.050749 0.493333 0.024958 0.32
10 0.090682 0.493333 0.031614 0.32
0 0.128952 0.493333 0.03827 0.32
17 0.172213 0.493333 0.041597 0.32
2 0.218802 0.493333 0.044925 0.32
4 0.25624 0.513333 0.023295 0.36
3 0.295341 0.493333 0.031614 0.32
18 0.333611 0.493333 0.03827 0.32
6 0.368552 0.493333 0.024958 0.32
9 0.415973 0.38 0.046589 0.626667
7 0.452579 0.493333 0.019967 0.32
9 0.491681 0.373333 0.034942 0.613333
0 0.535774 0.52 0.046589 0.373333
24 0.575707 0.493333 0.026622 0.32
17 0.617304 0.493333 0.033278 0.32
19 0.657238 0.493333 0.039933 0.32
0 0.698003 0.493333 0.034942 0.32
9 0.749584 0.373333 0.044925 0.613333
7 0.787854 0.493333 0.024958 0.32
0 0.821131 0.493333 0.034942 0.32
11 0.855241 0.493333 0.026622 0.32
0 0.897671 0.493333 0.034942 0.32
24 0.926789 0.526667 0.016639 0.386667
5 0.963394 0.493333 0.049917 0.32
