10 0.01214 0.493333 0.024279 0.32
25 0.042489 0.493333 0.030349 0.32
17 0.078149 0.52 0.034901 0.373333
11 0.110774 0.493333 0.024279 0.32
5 0.149469 0.493333 0.031866 0.32
7 0.182853 0.493333 0.028832 0.32
20 0.213202 0.493333 0.025797 0.32
1 0.245068 0.493333 0.031866 0.32
2 0.283763 0.493333 0.039454 0.32
10 0.323217 0.493333 0.018209 0.32
1 0.352049 0.493333 0.033384 0.32
0 0.387709 0.493333 0.031866 0.32
24 0.415781 0.493333 0.018209 0.32
9 0.4522 0.386667 0.045524 0.56
17 0.503035 0.513333 0.034901 0.36
24 0.531108 0.526667 0.015175 0.386667
18 0.562215 0.493333 0.040971 0.32
25 0.602428 0.493333 0.033384 0.32
12 0.639605 0.593333 0.019727 0.653333
24 0.660091 0.493333 0.015175 0.32
5 0.691199 0.493333 0.040971 0.32
9 0.735964 0.38 0.042489 0.626667
3 0.783763 0.493333 0.031866 0.32
1 0.825493 0.493333 0.045524 0.32
25 0.867982 0.493333 0.033384 0.32
6 0.899848 0.493333 0.024279 0.32
9 0.940819 0.38 0.036419 0.626667
0 0.975721 0.493333 0.027314 0.32
