17 0.017827 0.493333 0.035654 0.32
24 0.046689 0.493333 0.01528 0.32
0 0.078098 0.493333 0.040747 0.32
11 0.11545 0.493333 0.027165 0.32
24 0.149406 0.493333 0.016978 0.32
9 0.185908 0.366667 0.049236 0.626667
9 0.232598 0.38 0.037351 0.626667
5 0.273345 0.493333 0.037351 0.32
0 0.320883 0.493333 0.033956 0.32
3 0.355688 0.493333 0.028862 0.32
19 0.400679 0.5 0.054329 0.333333
0 0.451613 0.52 0.040747 0.373333
24 0.483871 0.493333 0.016978 0.32
9 0.524618 0.38 0.040747 0.626667
24 0.556876 0.493333 0.016978 0.32
7 0.579796 0.493333 0.022071 0.32
5 0.609508 0.526667 0.03056 0.386667
9 0.664686 0.38 0.056027 0.626667
1 0.71562 0.493333 0.039049 0.32
9 0.770798 0.386667 0.047538 0.64
7 0.808149 0.493333 0.020374 0.32
9 0.848896 0.366667 0.054329 0.626667
0 0.897284 0.506667 0.035654 0.346667
25 0.938879 0.493333 0.040747 0.32
7 0.975382 0.493333 0.025467 0.32
