20 0.013846 0.493333 0.027692 0.32
0 0.046923 0.493333 0.032308 0.32
8 0.090769 0.606667 0.049231 0.626667
19 0.141538 0.493333 0.046154 0.32
24 0.172308 0.493333 0.009231 0.32
6 0.202308 0.493333 0.044615 0.32
10 0.247692 0.513333 0.024615 0.36
19 0.286154 0.5 0.046154 0.333333
20 0.336923 0.486667 0.030769 0.306667
0 0.373077 0.493333 0.032308 0.32
24 0.399231 0.493333 0.013846 0.32
25 0.424615 0.493333 0.030769 0.32
9 0.463077 0.38 0.04 0.626667
1 0.503077 0.493333 0.033846 0.32
26 0.54 0.493333 0.018462 0.32
17 0.567692 0.493333 0.030769 0.32
9 0.618462 0.366667 0.049231 0.626667
1 0.657692 0.493333 0.023077 0.32
25 0.696923 0.493333 0.033846 0.32
11 0.729231 0.5 0.024615 0.333333
3 0.755385 0.493333 0.021538 0.32
2 0.787692 0.526667 0.036923 0.386667
9 0.830769 0.373333 0.043077 0.613333
24 0.869231 0.493333 0.012308 0.32
19 0.9 0.493333 0.043077 0.32
1 0.936923 0.506667 0.024615 0.346667
25 0.970769 0.493333 0.036923 0.32
