10 0.013799 0.493333 0.027597 0.32
25 0.04789 0.493333 0.034091 0.32
24 0.075487 0.493333 0.01461 0.32
4 0.107143 0.493333 0.042208 0.32
24 0.140422 0.493333 0.017857 0.32
2 0.168019 0.513333 0.030844 0.36
12 0.207792 0.586667 0.025974 0.666667
24 0.232143 0.526667 0.016234 0.386667
17 0.263799 0.493333 0.040584 0.32
24 0.299513 0.493333 0.024351 0.32
26 0.330357 0.493333 0.01461 0.32
24 0.348214 0.493333 0.01461 0.32
2 0.373377 0.493333 0.029221 0.32
9 0.415584 0.373333 0.048701 0.613333
12 0.459416 0.606667 0.016234 0.626667
5 0.49026 0.493333 0.038961 0.32
24 0.522727 0.493333 0.019481 0.32
7 0.549513 0.493333 0.027597 0.32
12 0.586039 0.606667 0.022727 0.626667
11 0.612825 0.493333 0.024351 0.32
9 0.651786 0.373333 0.047078 0.613333
0 0.702922 0.5 0.048701 0.333333
0 0.761364 0.52 0.045455 0.373333
11 0.801136 0.52 0.027597 0.373333
11 0.830357 0.493333 0.024351 0.32
25 0.862825 0.493333 0.034091 0.32
2 0.902597 0.493333 0.038961 0.32
12 0.943994 0.613333 0.021104 0.613333
2 0.973214 0.493333 0.030844 0.32
