12 0.012695 0.613333 0.025391 0.613333
11 0.042969 0.493333 0.027344 0.32
24 0.06543 0.493333 0.009766 0.32
3 0.107422 0.493333 0.046875 0.32
4 0.158203 0.493333 0.046875 0.32
0 0.211914 0.52 0.052734 0.373333
9 0.269531 0.393333 0.054688 0.653333
25 0.333984 0.493333 0.046875 0.32
7 0.380859 0.493333 0.039062 0.32
25 0.43457 0.493333 0.041016 0.32
3 0.477539 0.506667 0.037109 0.346667
25 0.523438 0.493333 0.046875 0.32
3 0.570312 0.52 0.039062 0.373333
2 0.617188 0.526667 0.046875 0.386667
25 0.677734 0.493333 0.046875 0.32
7 0.722656 0.493333 0.035156 0.32
0 0.773438 0.493333 0.039062 0.32
2 0.811523 0.493333 0.029297 0.32
2 0.851562 0.506667 0.042969 0.346667
1 0.902344 0.5 0.050781 0.333333
17 0.958984 0.493333 0.054688 0.32
