9 0.020867 0.373333 0.041734 0.613333
0 0.065811 0.493333 0.041734 0.32
24 0.099518 0.493333 0.019262 0.32
3 0.133226 0.493333 0.025682 0.32
1 0.160514 0.493333 0.022472 0.32
24 0.191814 0.493333 0.017657 0.32
9 0.216693 0.373333 0.025682 0.613333
25 0.256822 0.493333 0.048154 0.32
3 0.300161 0.493333 0.032103 0.32
12 0.337079 0.613333 0.019262 0.613333
11 0.361958 0.493333 0.024077 0.32
10 0.392456 0.493333 0.030498 0.32
5 0.426164 0.493333 0.030498 0.32
17 0.464687 0.513333 0.040128 0.36
19 0.512039 0.493333 0.048154 0.32
5 0.564205 0.493333 0.033708 0.32
10 0.603531 0.493333 0.038523 0.32
5 0.642055 0.493333 0.032103 0.32
9 0.683788 0.373333 0.044944 0.613333
25 0.733547 0.493333 0.032103 0.32
11 0.76565 0.493333 0.025682 0.32
9 0.799358 0.38 0.035313 0.626667
2 0.845104 0.493333 0.033708 0.32
24 0.871589 0.506667 0.012841 0.346667
20 0.896469 0.493333 0.030498 0.32
7 0.924559 0.5 0.019262 0.333333
24 0.954254 0.493333 0.017657 0.32
13 0.977528 0.493333 0.022472 0.32
