10 0.016667 0.493333 0.033333 0.32
2 0.067647 0.493333 0.060784 0.32
26 0.108824 0.493333 0.013725 0.32
1 0.143137 0.493333 0.047059 0.32
6 0.2 0.506667 0.039216 0.346667
24 0.232353 0.493333 0.017647 0.32
17 0.263725 0.493333 0.037255 0.32
24 0.296078 0.526667 0.019608 0.386667
0 0.331373 0.52 0.043137 0.373333
10 0.388235 0.513333 0.043137 0.36
19 0.440196 0.533333 0.052941 0.4
10 0.49902 0.513333 0.037255 0.36
1 0.548039 0.493333 0.052941 0.32
25 0.608824 0.493333 0.041176 0.32
9 0.654902 0.38 0.043137 0.626667
0 0.707843 0.513333 0.035294 0.36
9 0.755882 0.4 0.052941 0.666667
24 0.797059 0.493333 0.021569 0.32
24 0.833333 0.486667 0.023529 0.306667
2 0.877451 0.506667 0.052941 0.346667
19 0.934314 0.5 0.052941 0.333333
24 0.97549 0.493333 0.021569 0.32
