24 0.008507 0.493333 0.017013 0.32
2 0.046314 0.493333 0.05104 0.32
9 0.103025 0.38 0.05482 0.626667
19 0.172968 0.506667 0.058601 0.346667
0 0.224008 0.52 0.035917 0.373333
9 0.276938 0.373333 0.043478 0.613333
0 0.325142 0.5 0.045369 0.333333
24 0.360113 0.493333 0.017013 0.32
9 0.396975 0.366667 0.049149 0.706667
0 0.44707 0.493333 0.043478 0.32
12 0.490548 0.606667 0.017013 0.626667
0 0.52552 0.493333 0.045369 0.32
4 0.586011 0.493333 0.049149 0.32
6 0.634216 0.513333 0.039698 0.36
16 0.693762 0.58 0.071834 0.68
2 0.754253 0.493333 0.041588 0.32
19 0.81758 0.493333 0.058601 0.32
3 0.87051 0.493333 0.039698 0.32
6 0.915879 0.493333 0.043478 0.32
5 0.964083 0.513333 0.045369 0.36
