9 0.0125 0.393333 0.025 0.653333
24 0.034375 0.493333 0.0125 0.32
7 0.058594 0.493333 0.029688 0.32
25 0.1 0.493333 0.046875 0.32
24 0.135938 0.486667 0.01875 0.306667
9 0.180469 0.38 0.060938 0.626667
5 0.240625 0.493333 0.0375 0.32
7 0.274219 0.493333 0.023438 0.32
17 0.315625 0.493333 0.0375 0.32
19 0.361719 0.493333 0.048438 0.32
0 0.40625 0.493333 0.034375 0.32
9 0.469531 0.38 0.070312 0.626667
24 0.514844 0.493333 0.014062 0.32
7 0.536719 0.493333 0.023438 0.32
11 0.570312 0.493333 0.0375 0.32
5 0.617969 0.493333 0.035938 0.32
11 0.654688 0.493333 0.03125 0.32
19 0.692188 0.493333 0.0375 0.32
0 0.734375 0.493333 0.040625 0.32
9 0.796094 0.373333 0.060938 0.64
7 0.841406 0.493333 0.023438 0.32
5 0.878906 0.493333 0.029688 0.32
24 0.905469 0.493333 0.017188 0.32
5 0.932812 0.5 0.03125 0.333333
25 0.970312 0.52 0.0375 0.373333
