10 0.008772 0.493333 0.017544 0.32
1 0.039136 0.493333 0.037787 0.32
1 0.082321 0.493333 0.02969 0.32
17 0.118758 0.493333 0.037787 0.32
5 0.156545 0.493333 0.032389 0.32
24 0.184211 0.493333 0.017544 0.32
9 0.209852 0.36 0.02834 0.666667
25 0.248313 0.526667 0.02969 0.386667
17 0.284076 0.493333 0.036437 0.32
2 0.317814 0.513333 0.025641 0.36
2 0.356275 0.493333 0.032389 0.32
20 0.390688 0.5 0.031039 0.333333
7 0.419703 0.493333 0.021592 0.32
13 0.444669 0.493333 0.022942 0.32
24 0.464912 0.493333 0.012146 0.32
5 0.493927 0.506667 0.026991 0.346667
9 0.531039 0.38 0.041835 0.626667
10 0.569501 0.5 0.02969 0.333333
3 0.60054 0.493333 0.026991 0.32
9 0.641026 0.366667 0.035088 0.626667
1 0.678812 0.493333 0.035088 0.32
2 0.726046 0.493333 0.040486 0.32
9 0.766532 0.38 0.035088 0.626667
9 0.815789 0.366667 0.044534 0.626667
0 0.853576 0.493333 0.025641 0.32
5 0.889339 0.506667 0.026991 0.346667
7 0.912955 0.493333 0.014845 0.32
17 0.94197 0.493333 0.037787 0.32
2 0.977058 0.493333 0.026991 0.32
