12 0.019403 0.606667 0.038806 0.626667
7 0.068657 0.493333 0.047761 0.32
8 0.162687 0.606667 0.098507 0.626667
18 0.255224 0.5 0.074627 0.333333
13 0.322388 0.493333 0.047761 0.32
12 0.389552 0.613333 0.044776 0.613333
25 0.450746 0.526667 0.065672 0.386667
17 0.51791 0.493333 0.056716 0.32
11 0.576119 0.493333 0.047761 0.32
9 0.644776 0.393333 0.047761 0.653333
1 0.713433 0.493333 0.077612 0.32
24 0.771642 0.52 0.026866 0.373333
13 0.81194 0.493333 0.041791 0.32
11 0.864179 0.493333 0.050746 0.32
1 0.937313 0.493333 0.083582 0.32
