9 0.020804 0.36 0.041609 0.64
0 0.058252 0.493333 0.027739 0.32
7 0.082524 0.493333 0.015257 0.32
25 0.10749 0.493333 0.029126 0.32
11 0.135922 0.493333 0.022191 0.32
2 0.17129 0.513333 0.029126 0.36
19 0.212205 0.493333 0.047157 0.32
24 0.244799 0.52 0.012483 0.373333
25 0.268377 0.493333 0.029126 0.32
20 0.308599 0.5 0.0319 0.333333
0 0.337725 0.493333 0.020804 0.32
25 0.373093 0.526667 0.030513 0.386667
2 0.409154 0.493333 0.036061 0.32
9 0.447989 0.373333 0.036061 0.613333
24 0.476422 0.493333 0.015257 0.32
7 0.495146 0.493333 0.016644 0.32
25 0.527739 0.493333 0.029126 0.32
1 0.5638 0.493333 0.037448 0.32
25 0.601942 0.493333 0.033287 0.32
2 0.635229 0.493333 0.027739 0.32
19 0.674064 0.493333 0.044383 0.32
5 0.714979 0.52 0.0319 0.373333
3 0.753814 0.493333 0.026352 0.32
25 0.790569 0.493333 0.041609 0.32
2 0.830791 0.526667 0.033287 0.386667
5 0.871706 0.493333 0.029126 0.32
9 0.904993 0.373333 0.0319 0.613333
5 0.945215 0.513333 0.029126 0.36
9 0.976422 0.373333 0.027739 0.613333
