20 0.016 0.493333 0.032 0.32
6 0.0504 0.526667 0.0304 0.386667
16 0.0984 0.606667 0.0592 0.626667
9 0.152 0.38 0.0416 0.626667
25 0.208 0.5 0.048 0.333333
19 0.26 0.5 0.0496 0.333333
13 0.2968 0.493333 0.0176 0.32
0 0.3264 0.506667 0.0352 0.346667
3 0.3608 0.493333 0.0272 0.32
1 0.3976 0.493333 0.04 0.32
0 0.4456 0.493333 0.0336 0.32
24 0.472 0.493333 0.0128 0.32
9 0.5016 0.366667 0.04 0.626667
25 0.552 0.493333 0.0384 0.32
7 0.5864 0.493333 0.024 0.32
12 0.62 0.613333 0.0208 0.64
0 0.6544 0.493333 0.0416 0.32
5 0.7008 0.513333 0.0288 0.36
7 0.7288 0.506667 0.0208 0.346667
9 0.76 0.373333 0.0352 0.613333
12 0.7992 0.593333 0.0208 0.653333
11 0.8264 0.493333 0.0272 0.32
20 0.8608 0.5 0.0352 0.333333
25 0.8984 0.493333 0.0336 0.32
17 0.9336 0.493333 0.0304 0.32
2 0.9704 0.526667 0.0368 0.386667
