5 0.020256 0.493333 0.040512 0.32
20 0.065032 0.5 0.040512 0.333333
0 0.110874 0.493333 0.042644 0.32
9 0.159915 0.373333 0.046908 0.613333
0 0.21322 0.493333 0.051173 0.32
3 0.267591 0.493333 0.027719 0.32
24 0.292111 0.493333 0.012793 0.32
18 0.324094 0.493333 0.042644 0.32
5 0.385928 0.493333 0.051173 0.32
26 0.422175 0.52 0.012793 0.373333
5 0.45629 0.493333 0.046908 0.32
25 0.526652 0.493333 0.063966 0.32
3 0.585288 0.493333 0.044776 0.32
20 0.643923 0.493333 0.042644 0.32
0 0.695096 0.493333 0.051173 0.32
9 0.763326 0.38 0.055437 0.626667
0 0.826226 0.493333 0.061834 0.32
24 0.872068 0.493333 0.021322 0.32
0 0.918977 0.493333 0.042644 0.32
9 0.964819 0.373333 0.040512 0.613333
