9 0.020499 0.386667 0.040998 0.64
1 0.065954 0.493333 0.042781 0.32
10 0.103387 0.493333 0.024955 0.32
25 0.14082 0.493333 0.042781 0.32
2 0.181818 0.493333 0.032086 0.32
17 0.219251 0.513333 0.035651 0.36
9 0.271836 0.373333 0.044563 0.613333
24 0.307487 0.493333 0.019608 0.32
7 0.336007 0.493333 0.030303 0.32
25 0.381462 0.493333 0.035651 0.32
7 0.418895 0.506667 0.032086 0.346667
17 0.458111 0.493333 0.039216 0.32
0 0.5 0.52 0.037433 0.373333
19 0.548128 0.513333 0.051693 0.36
20 0.605169 0.526667 0.037433 0.386667
0 0.646168 0.493333 0.037433 0.32
2 0.693405 0.493333 0.049911 0.32
0 0.738859 0.493333 0.033868 0.32
24 0.769162 0.493333 0.019608 0.32
2 0.807487 0.493333 0.049911 0.32
5 0.864528 0.5 0.039216 0.333333
2 0.904635 0.52 0.033868 0.373333
24 0.942959 0.493333 0.017825 0.32
9 0.97148 0.373333 0.032086 0.613333
