5 0.033426 0.493333 0.066852 0.32
3 0.114206 0.5 0.083565 0.333333
24 0.175487 0.493333 0.027855 0.32
1 0.233983 0.493333 0.077994 0.32
20 0.307799 0.493333 0.058496 0.32
12 0.377437 0.613333 0.041783 0.613333
25 0.437326 0.493333 0.066852 0.32
17 0.5 0.493333 0.047354 0.32
18 0.562674 0.493333 0.066852 0.32
1 0.637883 0.493333 0.072423 0.32
25 0.722841 0.493333 0.058496 0.32
14 0.781337 0.493333 0.047354 0.32
10 0.83844 0.493333 0.05571 0.32
25 0.901114 0.493333 0.058496 0.32
11 0.958217 0.493333 0.044568 0.32
