5 0.014793 0.493333 0.029586 0.32
9 0.057692 0.373333 0.050296 0.613333
10 0.096154 0.493333 0.02071 0.32
25 0.125 0.493333 0.031065 0.32
19 0.160503 0.493333 0.034024 0.32
20 0.194527 0.493333 0.028107 0.32
20 0.231509 0.493333 0.025148 0.32
0 0.260355 0.493333 0.026627 0.32
20 0.29068 0.493333 0.028107 0.32
11 0.318787 0.493333 0.022189 0.32
6 0.343935 0.493333 0.022189 0.32
12 0.37574 0.573333 0.02071 0.693333
11 0.403846 0.493333 0.029586 0.32
24 0.429734 0.493333 0.016272 0.32
2 0.45858 0.493333 0.035503 0.32
17 0.502959 0.493333 0.032544 0.32
19 0.54142 0.493333 0.038462 0.32
0 0.579882 0.493333 0.032544 0.32
10 0.622041 0.5 0.031065 0.333333
24 0.64571 0.493333 0.010355 0.32
25 0.671598 0.506667 0.035503 0.346667
0 0.705621 0.513333 0.026627 0.36
9 0.744083 0.393333 0.044379 0.653333
3 0.79216 0.493333 0.031065 0.32
25 0.826183 0.493333 0.031065 0.32
5 0.862426 0.493333 0.035503 0.32
7 0.892751 0.493333 0.019231 0.32
9 0.920118 0.373333 0.029586 0.613333
9 0.963757 0.373333 0.051775 0.64
