9 0.018293 0.38 0.036585 0.626667
7 0.046563 0.493333 0.015521 0.32
2 0.073725 0.493333 0.034368 0.32
10 0.104213 0.5 0.022173 0.333333
3 0.129157 0.493333 0.023282 0.32
0 0.155765 0.493333 0.025499 0.32
9 0.187361 0.373333 0.022173 0.613333
1 0.215632 0.493333 0.029933 0.32
5 0.24612 0.493333 0.026608 0.32
24 0.267184 0.493333 0.011086 0.32
25 0.292129 0.493333 0.023282 0.32
6 0.31929 0.493333 0.026608 0.32
0 0.347561 0.493333 0.025499 0.32
12 0.374169 0.613333 0.012195 0.613333
25 0.394678 0.493333 0.02439 0.32
17 0.420177 0.493333 0.022173 0.32
20 0.445122 0.493333 0.023282 0.32
2 0.473947 0.493333 0.029933 0.32
10 0.508869 0.493333 0.02439 0.32
2 0.533814 0.493333 0.021064 0.32
3 0.557095 0.506667 0.021064 0.346667
25 0.581486 0.493333 0.023282 0.32
11 0.604213 0.493333 0.017738 0.32
20 0.624723 0.493333 0.018847 0.32
25 0.655211 0.493333 0.026608 0.32
6 0.684035 0.526667 0.026608 0.386667
2 0.713969 0.506667 0.028825 0.346667
19 0.749446 0.493333 0.037694 0.32
0 0.791574 0.493333 0.031042 0.32
9 0.822616 0.38 0.026608 0.626667
10 0.848115 0.493333 0.019956 0.32
1 0.873614 0.513333 0.026608 0.36
20 0.898004 0.493333 0.017738 0.32
0 0.92184 0.493333 0.025499 0.32
25 0.955654 0.493333 0.026608 0.32
3 0.981707 0.493333 0.021064 0.32
