24 0.012346 0.493333 0.024691 0.32
3 0.060185 0.493333 0.058642 0.32
18 0.140432 0.493333 0.089506 0.32
24 0.205247 0.493333 0.027778 0.32
13 0.24537 0.493333 0.040123 0.32
3 0.310185 0.493333 0.046296 0.32
1 0.376543 0.493333 0.074074 0.32
10 0.439815 0.493333 0.040123 0.32
25 0.496914 0.493333 0.061728 0.32
24 0.54784 0.493333 0.027778 0.32
4 0.625 0.493333 0.114198 0.32
5 0.743827 0.513333 0.080247 0.36
20 0.82716 0.493333 0.074074 0.32
0 0.904321 0.493333 0.067901 0.32
24 0.96142 0.493333 0.033951 0.32
