24 0.014749 0.493333 0.029499 0.32
9 0.076696 0.373333 0.082596 0.613333
24 0.135693 0.493333 0.023599 0.32
13 0.178466 0.493333 0.050147 0.32
6 0.240413 0.493333 0.061947 0.32
24 0.294985 0.493333 0.035398 0.32
20 0.364307 0.493333 0.061947 0.32
0 0.433628 0.493333 0.064897 0.32
10 0.514749 0.493333 0.056047 0.32
1 0.589971 0.493333 0.082596 0.32
20 0.676991 0.493333 0.050147 0.32
0 0.730088 0.493333 0.044248 0.32
9 0.79941 0.373333 0.082596 0.613333
6 0.874631 0.493333 0.056047 0.32
25 0.943953 0.493333 0.070796 0.32
