25 0.020661 0.493333 0.041322 0.32
3 0.057851 0.493333 0.027548 0.32
3 0.082645 0.493333 0.016529 0.32
6 0.109504 0.493333 0.03168 0.32
25 0.143251 0.493333 0.030303 0.32
2 0.173554 0.52 0.024793 0.373333
3 0.206612 0.513333 0.022039 0.36
1 0.238292 0.493333 0.035813 0.32
9 0.285124 0.38 0.038567 0.626667
1 0.329201 0.493333 0.044077 0.32
20 0.373278 0.493333 0.024793 0.32
1 0.406336 0.493333 0.035813 0.32
3 0.438017 0.493333 0.022039 0.32
24 0.464187 0.493333 0.011019 0.32
13 0.482782 0.493333 0.020661 0.32
9 0.513085 0.38 0.034435 0.626667
3 0.55303 0.493333 0.026171 0.32
6 0.581267 0.493333 0.024793 0.32
25 0.612948 0.52 0.033058 0.373333
24 0.63843 0.493333 0.012397 0.32
9 0.674931 0.32 0.041322 0.506667
1 0.719008 0.493333 0.038567 0.32
9 0.766529 0.373333 0.03719 0.613333
0 0.802342 0.5 0.028926 0.333333
25 0.840909 0.493333 0.028926 0.32
13 0.869835 0.493333 0.023416 0.32
3 0.894628 0.493333 0.020661 0.32
2 0.920799 0.513333 0.026171 0.36
12 0.952479 0.606667 0.017906 0.626667
11 0.977273 0.493333 0.026171 0.32
