17 0.016779 0.493333 0.033557 0.32
19 0.064597 0.493333 0.055369 0.32
0 0.110738 0.493333 0.030201 0.32
24 0.150168 0.493333 0.025168 0.32
9 0.187081 0.373333 0.041946 0.613333
20 0.243289 0.493333 0.04698 0.32
1 0.285235 0.493333 0.030201 0.32
3 0.321309 0.493333 0.035235 0.32
9 0.357383 0.373333 0.030201 0.613333
0 0.401007 0.493333 0.033557 0.32
9 0.442953 0.373333 0.043624 0.613333
9 0.499161 0.38 0.045302 0.626667
7 0.540268 0.506667 0.030201 0.346667
0 0.57802 0.493333 0.038591 0.32
24 0.60906 0.493333 0.016779 0.32
9 0.645134 0.353333 0.045302 0.493333
12 0.687919 0.593333 0.016779 0.653333
11 0.714765 0.493333 0.030201 0.32
10 0.761745 0.493333 0.040268 0.32
1 0.805369 0.526667 0.040268 0.386667
5 0.854027 0.493333 0.033557 0.32
9 0.887584 0.366667 0.026846 0.626667
6 0.926174 0.493333 0.026846 0.32
24 0.949664 0.493333 0.013423 0.32
13 0.973993 0.493333 0.028523 0.32
