5 0.023543 0.506667 0.047085 0.32
20 0.079596 0.493333 0.056054 0.32
0 0.13565 0.493333 0.047085 0.32
0 0.199552 0.493333 0.049327 0.32
9 0.253363 0.373333 0.049327 0.613333
24 0.293722 0.506667 0.022422 0.346667
9 0.347534 0.373333 0.053812 0.613333
1 0.409193 0.493333 0.060538 0.32
9 0.473094 0.38 0.035874 0.626667
0 0.524664 0.493333 0.058296 0.32
5 0.585202 0.493333 0.053812 0.32
20 0.636771 0.493333 0.040359 0.32
0 0.680493 0.506667 0.038117 0.346667
25 0.738789 0.493333 0.047085 0.32
2 0.790359 0.493333 0.047085 0.32
9 0.852018 0.373333 0.067265 0.613333
24 0.902466 0.493333 0.024664 0.32
7 0.938341 0.493333 0.038117 0.32
24 0.973094 0.493333 0.022422 0.32
