5 0.028302 0.493333 0.056604 0.32
19 0.089099 0.493333 0.056604 0.32
1 0.150943 0.493333 0.0587 0.32
11 0.202306 0.493333 0.035639 0.32
12 0.247379 0.613333 0.025157 0.613333
7 0.280922 0.493333 0.033543 0.32
0 0.33543 0.493333 0.046122 0.32
5 0.387841 0.493333 0.050314 0.32
24 0.427673 0.506667 0.020964 0.346667
5 0.465409 0.493333 0.046122 0.32
1 0.524109 0.506667 0.062893 0.346667
17 0.589099 0.493333 0.0587 0.32
9 0.659329 0.38 0.052411 0.626667
1 0.719078 0.493333 0.0587 0.32
9 0.793501 0.373333 0.081761 0.64
0 0.861635 0.493333 0.046122 0.32
11 0.900419 0.493333 0.023061 0.32
19 0.950734 0.493333 0.069182 0.32
