5 0.018868 0.493333 0.037736 0.32
25 0.066895 0.493333 0.051458 0.32
5 0.114065 0.493333 0.036021 0.32
10 0.156947 0.493333 0.025729 0.32
1 0.197256 0.493333 0.048027 0.32
9 0.262436 0.386667 0.058319 0.64
1 0.313036 0.493333 0.036021 0.32
10 0.35506 0.493333 0.041166 0.32
5 0.40223 0.493333 0.046312 0.32
9 0.440823 0.373333 0.024014 0.613333
17 0.480274 0.493333 0.030875 0.32
19 0.524014 0.493333 0.049743 0.32
0 0.580617 0.493333 0.056604 0.32
25 0.638079 0.493333 0.034305 0.32
7 0.668954 0.5 0.020583 0.333333
10 0.699828 0.493333 0.034305 0.32
9 0.740995 0.373333 0.041166 0.613333
19 0.785592 0.493333 0.041166 0.32
9 0.825901 0.366667 0.03259 0.626667
25 0.879931 0.493333 0.051458 0.32
13 0.923671 0.493333 0.02916 0.32
19 0.964837 0.493333 0.046312 0.32
