17 0.026371 0.493333 0.052743 0.32
19 0.085443 0.493333 0.056962 0.32
0 0.14135 0.513333 0.046414 0.36
17 0.188819 0.493333 0.040084 0.32
19 0.245781 0.5 0.065401 0.333333
14 0.298523 0.486667 0.031646 0.333333
9 0.35443 0.38 0.050633 0.626667
7 0.412447 0.493333 0.056962 0.32
24 0.456751 0.493333 0.023207 0.32
0 0.505274 0.493333 0.044304 0.32
9 0.563291 0.373333 0.063291 0.613333
0 0.624473 0.493333 0.050633 0.32
25 0.677215 0.493333 0.046414 0.32
7 0.716245 0.493333 0.023207 0.32
24 0.75211 0.493333 0.018987 0.32
9 0.791139 0.373333 0.050633 0.613333
0 0.845992 0.493333 0.050633 0.32
5 0.900844 0.493333 0.050633 0.32
9 0.957806 0.38 0.054852 0.626667
