20 0.014225 0.506667 0.02845 0.346667
0 0.043385 0.493333 0.024182 0.32
10 0.071124 0.493333 0.025605 0.32
25 0.102418 0.493333 0.031294 0.32
13 0.129445 0.493333 0.01707 0.32
19 0.159317 0.493333 0.036984 0.32
20 0.198435 0.5 0.021337 0.333333
0 0.223329 0.493333 0.02276 0.32
20 0.253912 0.493333 0.018492 0.32
0 0.278805 0.5 0.025605 0.333333
25 0.3101 0.493333 0.031294 0.32
7 0.337127 0.493333 0.01707 0.32
5 0.369844 0.493333 0.02845 0.32
26 0.392603 0.493333 0.01138 0.32
5 0.416785 0.493333 0.031294 0.32
25 0.457326 0.493333 0.029872 0.32
11 0.485775 0.493333 0.021337 0.32
9 0.525605 0.38 0.038407 0.626667
1 0.5633 0.493333 0.031294 0.32
26 0.586771 0.493333 0.009957 0.32
24 0.598862 0.493333 0.008535 0.32
1 0.625178 0.526667 0.038407 0.386667
9 0.66643 0.4 0.038407 0.666667
24 0.703414 0.493333 0.015647 0.32
9 0.731863 0.386667 0.035562 0.64
17 0.763869 0.493333 0.02276 0.32
11 0.795164 0.493333 0.034139 0.32
6 0.827169 0.493333 0.024182 0.32
5 0.870555 0.493333 0.042674 0.32
9 0.913229 0.386667 0.036984 0.64
24 0.941679 0.493333 0.014225 0.32
2 0.970839 0.506667 0.038407 0.346667
