10 0.009819 0.493333 0.019637 0.32
1 0.043807 0.493333 0.042296 0.32
12 0.086103 0.613333 0.021148 0.613333
2 0.116314 0.493333 0.033233 0.32
9 0.156344 0.373333 0.040785 0.613333
10 0.199396 0.493333 0.024169 0.32
1 0.227341 0.493333 0.02568 0.32
25 0.268882 0.493333 0.036254 0.32
19 0.311934 0.493333 0.043807 0.32
24 0.345921 0.493333 0.018127 0.32
13 0.36858 0.493333 0.021148 0.32
0 0.398792 0.52 0.033233 0.373333
10 0.441843 0.513333 0.031722 0.36
0 0.476586 0.493333 0.031722 0.32
3 0.512085 0.513333 0.033233 0.36
24 0.53852 0.493333 0.013595 0.32
17 0.561178 0.493333 0.02568 0.32
21 0.593656 0.493333 0.033233 0.32
24 0.629909 0.493333 0.018127 0.32
25 0.657855 0.493333 0.031722 0.32
13 0.687311 0.493333 0.021148 0.32
14 0.713746 0.506667 0.02568 0.346667
9 0.755287 0.373333 0.05136 0.64
9 0.814955 0.38 0.046828 0.626667
0 0.861782 0.493333 0.040785 0.32
9 0.919184 0.38 0.05287 0.626667
24 0.955438 0.493333 0.013595 0.32
7 0.977341 0.493333 0.024169 0.32
