2 0.016408 0.513333 0.032815 0.36
9 0.056131 0.373333 0.039724 0.613333
25 0.106218 0.493333 0.036269 0.32
9 0.151123 0.373333 0.046632 0.613333
1 0.202073 0.486667 0.048359 0.333333
10 0.255613 0.493333 0.034542 0.32
1 0.29361 0.526667 0.034542 0.386667
17 0.331606 0.493333 0.034542 0.32
16 0.378238 0.586667 0.051813 0.666667
10 0.429188 0.493333 0.025907 0.32
24 0.455095 0.493333 0.018998 0.32
16 0.495682 0.613333 0.055268 0.613333
11 0.539724 0.493333 0.025907 0.32
17 0.581174 0.493333 0.032815 0.32
24 0.609672 0.526667 0.017271 0.386667
19 0.645078 0.493333 0.046632 0.32
5 0.692573 0.493333 0.041451 0.32
16 0.749568 0.606667 0.048359 0.626667
2 0.794473 0.493333 0.034542 0.32
20 0.841105 0.493333 0.034542 0.32
0 0.880829 0.52 0.037997 0.373333
9 0.935233 0.373333 0.046632 0.613333
7 0.974957 0.493333 0.025907 0.32
