0 0.013314 0.506667 0.026627 0.346667
9 0.048817 0.373333 0.038462 0.613333
9 0.088757 0.373333 0.035503 0.613333
1 0.128698 0.493333 0.038462 0.32
5 0.179734 0.493333 0.042899 0.32
9 0.222633 0.38 0.036982 0.626667
12 0.260355 0.613333 0.017751 0.613333
24 0.283284 0.493333 0.022189 0.32
5 0.313609 0.493333 0.032544 0.32
0 0.35429 0.493333 0.028107 0.32
24 0.380178 0.493333 0.017751 0.32
20 0.406065 0.5 0.028107 0.333333
24 0.431213 0.493333 0.016272 0.32
15 0.468935 0.62 0.038462 0.626667
16 0.510355 0.586667 0.038462 0.693333
20 0.544379 0.493333 0.023669 0.32
9 0.579882 0.38 0.026627 0.626667
0 0.608728 0.493333 0.025148 0.32
17 0.638314 0.5 0.028107 0.333333
19 0.673817 0.493333 0.036982 0.32
25 0.713018 0.506667 0.035503 0.346667
25 0.757396 0.493333 0.032544 0.32
3 0.79068 0.493333 0.028107 0.32
25 0.831361 0.493333 0.032544 0.32
24 0.859467 0.493333 0.017751 0.32
9 0.897189 0.373333 0.051775 0.64
20 0.947485 0.493333 0.028107 0.32
0 0.977071 0.506667 0.025148 0.346667
