0 0.018391 0.493333 0.036782 0.32
9 0.074713 0.36 0.066667 0.64
8 0.162069 0.606667 0.075862 0.626667
11 0.225287 0.493333 0.041379 0.32
11 0.268966 0.493333 0.036782 0.32
25 0.337931 0.493333 0.068966 0.32
13 0.394253 0.493333 0.034483 0.32
19 0.443678 0.513333 0.055172 0.36
16 0.535632 0.613333 0.096552 0.613333
24 0.601149 0.493333 0.025287 0.32
24 0.642529 0.493333 0.025287 0.32
0 0.688506 0.493333 0.057471 0.32
10 0.754023 0.493333 0.041379 0.32
25 0.806897 0.493333 0.055172 0.32
11 0.857471 0.506667 0.036782 0.346667
6 0.902299 0.52 0.043678 0.373333
17 0.956322 0.493333 0.055172 0.32
