9 0.012894 0.373333 0.025788 0.64
0 0.046562 0.493333 0.035817 0.32
0 0.084527 0.493333 0.034384 0.32
9 0.116046 0.366667 0.022923 0.626667
3 0.152579 0.493333 0.030086 0.32
1 0.187679 0.493333 0.034384 0.32
24 0.215616 0.493333 0.015759 0.32
12 0.243553 0.613333 0.020057 0.613333
11 0.267908 0.493333 0.022923 0.32
5 0.30659 0.493333 0.034384 0.32
9 0.351719 0.373333 0.050143 0.64
24 0.387536 0.493333 0.015759 0.32
3 0.412607 0.493333 0.028653 0.32
4 0.44341 0.493333 0.027221 0.32
17 0.480659 0.493333 0.027221 0.32
24 0.505731 0.493333 0.017192 0.32
5 0.537966 0.493333 0.041547 0.32
21 0.577364 0.52 0.031519 0.373333
0 0.616762 0.493333 0.027221 0.32
25 0.648997 0.493333 0.031519 0.32
7 0.679083 0.493333 0.022923 0.32
24 0.70702 0.493333 0.012894 0.32
2 0.729943 0.493333 0.027221 0.32
0 0.760745 0.493333 0.028653 0.32
24 0.784384 0.493333 0.012894 0.32
9 0.809456 0.373333 0.031519 0.613333
9 0.84957 0.38 0.028653 0.626667
0 0.885387 0.493333 0.037249 0.32
9 0.939112 0.373333 0.050143 0.64
1 0.97851 0.506667 0.022923 0.346667
