9 0.015704 0.373333 0.031407 0.613333
0 0.047739 0.506667 0.027638 0.346667
2 0.079146 0.526667 0.030151 0.386667
2 0.109296 0.493333 0.025126 0.32
9 0.142588 0.366667 0.036432 0.626667
24 0.170854 0.486667 0.015075 0.306667
20 0.199121 0.493333 0.021357 0.32
19 0.227387 0.493333 0.030151 0.32
12 0.260678 0.606667 0.018844 0.626667
25 0.285804 0.493333 0.026382 0.32
11 0.310302 0.493333 0.017588 0.32
0 0.334799 0.493333 0.026382 0.32
25 0.375628 0.493333 0.037688 0.32
3 0.410804 0.513333 0.027638 0.36
5 0.44598 0.493333 0.025126 0.32
13 0.471106 0.493333 0.020101 0.32
1 0.498116 0.493333 0.028894 0.32
9 0.540829 0.38 0.038945 0.626667
6 0.575377 0.513333 0.025126 0.36
25 0.604271 0.493333 0.027638 0.32
25 0.645729 0.5 0.037688 0.333333
9 0.684045 0.38 0.03392 0.626667
25 0.716709 0.493333 0.026382 0.32
7 0.741834 0.5 0.018844 0.333333
9 0.772613 0.373333 0.037688 0.613333
9 0.815327 0.373333 0.030151 0.613333
24 0.839824 0.493333 0.013819 0.32
7 0.863693 0.493333 0.028894 0.32
20 0.892588 0.493333 0.023869 0.32
0 0.921482 0.52 0.028894 0.373333
12 0.955402 0.613333 0.021357 0.613333
3 0.979899 0.493333 0.022613 0.32
