5 0.020609 0.493333 0.041219 0.32
9 0.067204 0.373333 0.044803 0.613333
9 0.12724 0.373333 0.050179 0.613333
24 0.163978 0.493333 0.016129 0.32
7 0.18638 0.493333 0.021505 0.32
10 0.222222 0.493333 0.02509 0.32
25 0.258065 0.493333 0.039427 0.32
19 0.310932 0.493333 0.05914 0.32
3 0.358423 0.493333 0.028674 0.32
24 0.385305 0.493333 0.017921 0.32
16 0.4319 0.58 0.0681 0.68
5 0.49552 0.493333 0.03405 0.32
7 0.530466 0.493333 0.028674 0.32
10 0.573477 0.493333 0.032258 0.32
5 0.612903 0.52 0.039427 0.373333
20 0.65681 0.52 0.041219 0.373333
0 0.704301 0.493333 0.046595 0.32
9 0.756272 0.373333 0.032258 0.613333
0 0.794803 0.493333 0.037634 0.32
3 0.837814 0.493333 0.023297 0.32
6 0.87276 0.493333 0.039427 0.32
9 0.923835 0.38 0.037634 0.626667
1 0.966846 0.493333 0.041219 0.32
