10 0.015995 0.493333 0.031991 0.32
1 0.053318 0.506667 0.037915 0.346667
20 0.085308 0.493333 0.021327 0.32
0 0.115521 0.493333 0.03436 0.32
24 0.141588 0.493333 0.013033 0.32
9 0.173578 0.353333 0.031991 0.493333
0 0.201422 0.5 0.018957 0.333333
9 0.23519 0.38 0.031991 0.626667
7 0.26481 0.493333 0.022512 0.32
24 0.28436 0.493333 0.011848 0.32
25 0.312796 0.493333 0.028436 0.32
7 0.337678 0.493333 0.016588 0.32
10 0.361374 0.493333 0.014218 0.32
25 0.385071 0.506667 0.028436 0.346667
13 0.410545 0.506667 0.017773 0.346667
19 0.437796 0.5 0.031991 0.333333
24 0.462085 0.513333 0.011848 0.36
25 0.489336 0.493333 0.026066 0.32
24 0.511848 0.493333 0.014218 0.32
4 0.537322 0.506667 0.031991 0.346667
10 0.574645 0.493333 0.026066 0.32
1 0.60782 0.493333 0.035545 0.32
5 0.646327 0.493333 0.024882 0.32
26 0.665284 0.52 0.008294 0.373333
9 0.688981 0.366667 0.03436 0.626667
1 0.726303 0.506667 0.035545 0.346667
17 0.762441 0.526667 0.020142 0.386667
19 0.796801 0.493333 0.043839 0.32
0 0.832346 0.493333 0.022512 0.32
25 0.86019 0.493333 0.028436 0.32
13 0.883886 0.493333 0.014218 0.32
14 0.904621 0.506667 0.022512 0.346667
9 0.942536 0.38 0.03673 0.626667
1 0.977488 0.493333 0.028436 0.32
