25 0.015068 0.493333 0.030137 0.32
3 0.045205 0.493333 0.024658 0.32
12 0.071918 0.613333 0.023288 0.613333
25 0.100685 0.493333 0.028767 0.32
11 0.128767 0.493333 0.021918 0.32
0 0.158219 0.493333 0.031507 0.32
9 0.19726 0.373333 0.027397 0.64
24 0.217123 0.493333 0.006849 0.32
7 0.234247 0.493333 0.021918 0.32
2 0.271233 0.5 0.032877 0.333333
17 0.303425 0.493333 0.026027 0.32
9 0.339041 0.38 0.026027 0.626667
0 0.368493 0.526667 0.027397 0.386667
24 0.397945 0.493333 0.012329 0.32
25 0.421233 0.493333 0.028767 0.32
9 0.456849 0.38 0.036986 0.626667
1 0.496575 0.493333 0.036986 0.32
19 0.54726 0.493333 0.045205 0.32
25 0.586301 0.493333 0.027397 0.32
0 0.618493 0.493333 0.031507 0.32
9 0.65411 0.38 0.034247 0.626667
0 0.685616 0.493333 0.023288 0.32
25 0.721918 0.493333 0.030137 0.32
11 0.752055 0.493333 0.024658 0.32
25 0.783562 0.506667 0.032877 0.346667
25 0.823973 0.493333 0.028767 0.32
19 0.858904 0.493333 0.035616 0.32
24 0.886301 0.493333 0.013699 0.32
0 0.909589 0.493333 0.027397 0.32
25 0.947945 0.493333 0.030137 0.32
14 0.978082 0.506667 0.024658 0.346667
