24 0.012329 0.493333 0.024658 0.32
25 0.071233 0.493333 0.082192 0.32
9 0.154795 0.373333 0.073973 0.613333
1 0.235616 0.493333 0.076712 0.32
2 0.313699 0.493333 0.068493 0.32
24 0.393151 0.493333 0.052055 0.32
2 0.458904 0.526667 0.068493 0.386667
17 0.528767 0.493333 0.060274 0.32
24 0.579452 0.493333 0.030137 0.32
6 0.626027 0.493333 0.052055 0.32
18 0.683562 0.533333 0.052055 0.4
8 0.769863 0.606667 0.082192 0.626667
17 0.842466 0.493333 0.052055 0.32
18 0.89863 0.493333 0.049315 0.32
2 0.954795 0.493333 0.052055 0.32
