24 0.009539 0.493333 0.019078 0.32
3 0.032591 0.493333 0.020668 0.32
24 0.054054 0.493333 0.015898 0.32
2 0.084261 0.5 0.038156 0.333333
7 0.120032 0.493333 0.027027 0.32
20 0.165342 0.493333 0.041335 0.32
19 0.214626 0.493333 0.050874 0.32
24 0.254372 0.493333 0.022258 0.32
6 0.294118 0.493333 0.034976 0.32
24 0.323529 0.493333 0.017488 0.32
17 0.350556 0.493333 0.030207 0.32
12 0.383943 0.593333 0.014308 0.653333
11 0.406995 0.5 0.025437 0.333333
9 0.45469 0.373333 0.063593 0.64
1 0.510334 0.513333 0.041335 0.36
9 0.571542 0.373333 0.058824 0.613333
1 0.620827 0.493333 0.033386 0.32
5 0.664547 0.493333 0.047695 0.32
2 0.708267 0.493333 0.033386 0.32
2 0.754372 0.493333 0.052464 0.32
9 0.804452 0.366667 0.041335 0.626667
17 0.851351 0.493333 0.030207 0.32
2 0.888712 0.493333 0.038156 0.32
3 0.930048 0.5 0.038156 0.333333
1 0.970588 0.493333 0.036566 0.32
