12 0.013308 0.606667 0.026616 0.626667
11 0.043726 0.5 0.026616 0.333333
25 0.089354 0.493333 0.038023 0.32
2 0.136882 0.513333 0.04943 0.36
9 0.186312 0.36 0.041825 0.64
25 0.249049 0.5 0.057034 0.333333
14 0.295627 0.493333 0.028517 0.32
9 0.343156 0.38 0.058935 0.626667
25 0.414449 0.493333 0.057034 0.32
7 0.462928 0.506667 0.032319 0.346667
25 0.513308 0.526667 0.041825 0.386667
5 0.558935 0.493333 0.041825 0.32
24 0.601711 0.493333 0.01711 0.32
13 0.630228 0.493333 0.032319 0.32
2 0.670152 0.5 0.039924 0.333333
9 0.724335 0.386667 0.053232 0.586667
12 0.776616 0.613333 0.024715 0.64
5 0.813688 0.493333 0.041825 0.32
2 0.855513 0.493333 0.034221 0.32
12 0.889734 0.62 0.026616 0.653333
25 0.925856 0.493333 0.038023 0.32
0 0.967681 0.52 0.038023 0.373333
