10 0.017167 0.493333 0.034335 0.32
1 0.067597 0.533333 0.05794 0.4
20 0.131974 0.493333 0.040773 0.32
0 0.182403 0.493333 0.051502 0.32
5 0.248927 0.493333 0.051502 0.32
7 0.298283 0.493333 0.038627 0.32
5 0.346567 0.493333 0.049356 0.32
3 0.398069 0.493333 0.045064 0.32
11 0.447425 0.493333 0.045064 0.32
20 0.503219 0.493333 0.036481 0.32
19 0.552575 0.493333 0.053648 0.32
0 0.607296 0.5 0.04721 0.333333
10 0.662017 0.52 0.032189 0.373333
9 0.713519 0.366667 0.062232 0.626667
7 0.767167 0.513333 0.036481 0.36
12 0.806867 0.613333 0.034335 0.613333
11 0.846567 0.52 0.036481 0.373333
3 0.902361 0.493333 0.045064 0.32
1 0.957082 0.493333 0.055794 0.32
