9 0.022532 0.36 0.045064 0.666667
0 0.066524 0.493333 0.034335 0.32
17 0.107296 0.493333 0.038627 0.32
19 0.162017 0.506667 0.062232 0.346667
0 0.223176 0.493333 0.051502 0.32
7 0.274678 0.493333 0.042918 0.32
3 0.337983 0.493333 0.053648 0.32
1 0.399142 0.493333 0.060086 0.32
1 0.473176 0.493333 0.05794 0.32
19 0.537554 0.493333 0.062232 0.32
20 0.590129 0.493333 0.034335 0.32
3 0.636266 0.493333 0.027897 0.32
1 0.672747 0.493333 0.036481 0.32
2 0.730687 0.493333 0.049356 0.32
19 0.788627 0.493333 0.05794 0.32
24 0.831545 0.493333 0.019313 0.32
20 0.875536 0.493333 0.060086 0.32
3 0.927039 0.493333 0.034335 0.32
13 0.966738 0.493333 0.036481 0.32
