5 0.01672 0.513333 0.033439 0.36
7 0.048567 0.493333 0.023885 0.32
3 0.075637 0.493333 0.023885 0.32
24 0.098726 0.493333 0.015924 0.32
0 0.125 0.493333 0.030255 0.32
3 0.160828 0.493333 0.019108 0.32
1 0.18949 0.493333 0.031847 0.32
9 0.230096 0.36 0.042994 0.666667
24 0.263535 0.493333 0.017516 0.32
7 0.289013 0.513333 0.02707 0.36
24 0.312102 0.493333 0.012739 0.32
19 0.351911 0.493333 0.044586 0.32
25 0.394904 0.526667 0.035032 0.386667
9 0.438694 0.353333 0.042994 0.493333
1 0.484076 0.493333 0.041401 0.32
5 0.526274 0.506667 0.020701 0.346667
19 0.563694 0.493333 0.047771 0.32
1 0.617834 0.5 0.05414 0.333333
11 0.659236 0.52 0.022293 0.373333
5 0.700637 0.493333 0.038217 0.32
1 0.736465 0.526667 0.02707 0.386667
17 0.769904 0.493333 0.033439 0.32
5 0.809713 0.493333 0.039809 0.32
24 0.841561 0.493333 0.017516 0.32
2 0.875 0.493333 0.042994 0.32
9 0.926752 0.38 0.038217 0.626667
24 0.957006 0.506667 0.015924 0.346667
7 0.978503 0.493333 0.020701 0.32
