5 0.018062 0.493333 0.036125 0.32
2 0.057471 0.506667 0.036125 0.346667
3 0.09688 0.513333 0.036125 0.36
6 0.131363 0.493333 0.026273 0.32
25 0.167488 0.493333 0.039409 0.32
5 0.206076 0.493333 0.031199 0.32
17 0.253695 0.513333 0.041051 0.36
19 0.299672 0.493333 0.044335 0.32
0 0.347291 0.493333 0.041051 0.32
0 0.39491 0.526667 0.031199 0.386667
9 0.433498 0.38 0.039409 0.626667
25 0.47619 0.506667 0.039409 0.346667
25 0.52381 0.5 0.049261 0.333333
6 0.568144 0.493333 0.032841 0.32
2 0.60509 0.493333 0.034483 0.32
2 0.656814 0.493333 0.045977 0.32
24 0.692118 0.493333 0.018062 0.32
17 0.719212 0.493333 0.029557 0.32
25 0.765189 0.493333 0.039409 0.32
13 0.802135 0.486667 0.021346 0.306667
19 0.844007 0.493333 0.052545 0.32
0 0.899015 0.493333 0.034483 0.32
2 0.935961 0.526667 0.032841 0.386667
17 0.972085 0.513333 0.032841 0.36
