20 0.014032 0.5 0.028065 0.333333
0 0.047267 0.493333 0.032496 0.32
10 0.076071 0.493333 0.019202 0.32
25 0.104874 0.493333 0.032496 0.32
5 0.138848 0.493333 0.029542 0.32
16 0.193501 0.613333 0.059084 0.613333
17 0.239291 0.493333 0.026588 0.32
5 0.28065 0.493333 0.035451 0.32
9 0.320532 0.373333 0.038405 0.613333
24 0.353767 0.493333 0.022157 0.32
7 0.378877 0.52 0.022157 0.373333
24 0.400295 0.493333 0.014771 0.32
25 0.432792 0.493333 0.029542 0.32
3 0.464549 0.493333 0.028065 0.32
9 0.501477 0.38 0.039882 0.626667
24 0.532496 0.493333 0.016248 0.32
7 0.554653 0.493333 0.022157 0.32
25 0.591581 0.493333 0.031019 0.32
3 0.624077 0.493333 0.028065 0.32
19 0.658789 0.493333 0.035451 0.32
14 0.694978 0.493333 0.031019 0.32
13 0.72452 0.493333 0.022157 0.32
5 0.755539 0.493333 0.033973 0.32
3 0.795421 0.493333 0.025111 0.32
1 0.828656 0.493333 0.035451 0.32
0 0.871492 0.493333 0.029542 0.32
24 0.897341 0.5 0.016248 0.333333
9 0.921713 0.373333 0.026588 0.64
24 0.949778 0.493333 0.023634 0.32
7 0.977105 0.513333 0.025111 0.36
