5 0.030137 0.493333 0.060274 0.32
11 0.087671 0.5 0.043836 0.333333
17 0.132877 0.506667 0.035616 0.346667
24 0.171233 0.493333 0.030137 0.32
17 0.224658 0.493333 0.065753 0.32
3 0.286301 0.493333 0.046575 0.32
9 0.371233 0.373333 0.084932 0.613333
7 0.442466 0.493333 0.046575 0.32
10 0.49863 0.493333 0.054795 0.32
1 0.550685 0.493333 0.038356 0.32
24 0.590411 0.493333 0.030137 0.32
12 0.641096 0.613333 0.032877 0.613333
3 0.679452 0.493333 0.032877 0.32
25 0.745205 0.493333 0.060274 0.32
20 0.806849 0.493333 0.052055 0.32
20 0.871233 0.493333 0.065753 0.32
13 0.928767 0.493333 0.038356 0.32
24 0.967123 0.493333 0.027397 0.32
