25 0.013854 0.493333 0.027708 0.32
13 0.037154 0.493333 0.013854 0.32
19 0.062343 0.493333 0.031486 0.32
5 0.099496 0.493333 0.037783 0.32
10 0.13728 0.506667 0.020151 0.346667
0 0.170025 0.493333 0.040302 0.32
5 0.211587 0.493333 0.025189 0.32
26 0.231738 0.493333 0.010076 0.32
5 0.255038 0.493333 0.031486 0.32
9 0.301637 0.373333 0.044081 0.613333
0 0.34194 0.493333 0.031486 0.32
20 0.380982 0.5 0.028967 0.333333
0 0.413728 0.493333 0.031486 0.32
25 0.452141 0.493333 0.027708 0.32
7 0.476071 0.493333 0.015113 0.32
20 0.496851 0.513333 0.021411 0.36
11 0.525189 0.493333 0.030227 0.32
26 0.547859 0.493333 0.010076 0.32
11 0.566751 0.493333 0.02267 0.32
9 0.602645 0.373333 0.031486 0.613333
0 0.632872 0.493333 0.023929 0.32
2 0.664987 0.52 0.02267 0.373333
25 0.693955 0.493333 0.030227 0.32
20 0.723552 0.493333 0.023929 0.32
7 0.748111 0.513333 0.020151 0.36
10 0.776448 0.493333 0.018892 0.32
1 0.804786 0.5 0.032746 0.333333
25 0.838791 0.506667 0.030227 0.346667
9 0.869018 0.373333 0.025189 0.64
24 0.890428 0.493333 0.012594 0.32
17 0.918136 0.493333 0.025189 0.32
0 0.944584 0.5 0.02267 0.333333
19 0.974811 0.493333 0.032746 0.32
