5 0.015949 0.493333 0.031898 0.32
11 0.048644 0.486667 0.027113 0.306667
5 0.086124 0.493333 0.038278 0.32
25 0.125199 0.493333 0.033493 0.32
9 0.162679 0.353333 0.035088 0.68
1 0.200957 0.493333 0.035088 0.32
12 0.241627 0.613333 0.023923 0.613333
5 0.279107 0.493333 0.044657 0.32
5 0.331738 0.493333 0.038278 0.32
19 0.375598 0.5 0.043062 0.333333
5 0.424242 0.493333 0.047847 0.32
13 0.468102 0.493333 0.033493 0.32
17 0.502392 0.493333 0.028708 0.32
20 0.54386 0.513333 0.031898 0.36
0 0.582137 0.493333 0.038278 0.32
25 0.629187 0.493333 0.033493 0.32
13 0.662679 0.493333 0.027113 0.32
2 0.694577 0.493333 0.030303 0.32
10 0.736045 0.493333 0.030303 0.32
20 0.777512 0.493333 0.046252 0.32
0 0.818979 0.513333 0.030303 0.36
11 0.850877 0.506667 0.027113 0.346667
21 0.889155 0.493333 0.043062 0.32
5 0.940191 0.493333 0.036683 0.32
7 0.975279 0.493333 0.027113 0.32
