20 0.01873 0.493333 0.037459 0.32
24 0.052117 0.493333 0.022801 0.32
13 0.079805 0.493333 0.026059 0.32
17 0.114821 0.52 0.037459 0.373333
2 0.156352 0.493333 0.039088 0.32
17 0.205212 0.493333 0.035831 0.32
19 0.249186 0.493333 0.045603 0.32
0 0.289902 0.493333 0.029316 0.32
5 0.335505 0.493333 0.039088 0.32
7 0.371336 0.493333 0.026059 0.32
13 0.40228 0.493333 0.029316 0.32
21 0.443811 0.5 0.047231 0.333333
2 0.491857 0.493333 0.042345 0.32
19 0.549674 0.5 0.050489 0.333333
0 0.595277 0.493333 0.034202 0.32
12 0.631107 0.613333 0.030945 0.613333
6 0.668567 0.493333 0.037459 0.32
2 0.707655 0.493333 0.034202 0.32
25 0.752443 0.493333 0.04886 0.32
25 0.805375 0.493333 0.034202 0.32
13 0.837134 0.493333 0.022801 0.32
2 0.868893 0.493333 0.034202 0.32
17 0.90798 0.506667 0.021173 0.346667
11 0.934853 0.493333 0.026059 0.32
0 0.96987 0.493333 0.037459 0.32
