25 0.029973 0.493333 0.059946 0.32
3 0.094005 0.493333 0.057221 0.32
12 0.160763 0.606667 0.038147 0.626667
14 0.208447 0.493333 0.046322 0.32
9 0.292916 0.38 0.084469 0.626667
0 0.362398 0.493333 0.043597 0.32
6 0.430518 0.493333 0.054496 0.32
19 0.502725 0.493333 0.079019 0.32
11 0.573569 0.493333 0.051771 0.32
25 0.651226 0.493333 0.065395 0.32
7 0.711172 0.493333 0.043597 0.32
10 0.768392 0.493333 0.059946 0.32
25 0.844687 0.493333 0.081744 0.32
11 0.914169 0.493333 0.046322 0.32
3 0.961853 0.506667 0.038147 0.346667
