9 0.031095 0.346667 0.062189 0.666667
24 0.087065 0.493333 0.039801 0.32
7 0.130597 0.493333 0.037313 0.32
24 0.166667 0.526667 0.024876 0.386667
25 0.226368 0.506667 0.059701 0.346667
9 0.298507 0.373333 0.074627 0.613333
2 0.376866 0.493333 0.072139 0.32
6 0.445274 0.5 0.054726 0.333333
24 0.496269 0.493333 0.037313 0.32
10 0.557214 0.493333 0.049751 0.32
25 0.624378 0.5 0.074627 0.333333
11 0.685323 0.493333 0.037313 0.32
9 0.743781 0.38 0.069652 0.626667
1 0.810945 0.493333 0.054726 0.32
20 0.876866 0.493333 0.042289 0.32
0 0.926617 0.493333 0.047264 0.32
24 0.968905 0.493333 0.027363 0.32
