9 0.030445 0.373333 0.06089 0.613333
1 0.083138 0.493333 0.035129 0.32
9 0.148712 0.38 0.063232 0.626667
1 0.206089 0.493333 0.042155 0.32
17 0.254098 0.493333 0.044496 0.32
19 0.320843 0.493333 0.079625 0.32
0 0.391101 0.513333 0.051522 0.36
12 0.447307 0.613333 0.028103 0.613333
11 0.484778 0.493333 0.037471 0.32
9 0.550351 0.373333 0.06089 0.64
0 0.604215 0.493333 0.037471 0.32
9 0.674473 0.38 0.070258 0.626667
14 0.73185 0.493333 0.035129 0.32
13 0.770492 0.493333 0.032787 0.32
2 0.826698 0.493333 0.046838 0.32
17 0.884075 0.493333 0.058548 0.32
1 0.95082 0.493333 0.065574 0.32
