20 0.026185 0.52 0.052369 0.373333
0 0.07606 0.493333 0.037406 0.32
25 0.125935 0.493333 0.052369 0.32
13 0.177057 0.493333 0.0399 0.32
2 0.224439 0.513333 0.044888 0.36
24 0.263092 0.493333 0.022444 0.32
25 0.319202 0.493333 0.054863 0.32
7 0.374065 0.493333 0.044888 0.32
25 0.44015 0.493333 0.052369 0.32
11 0.493766 0.493333 0.044888 0.32
10 0.558603 0.493333 0.049875 0.32
5 0.618454 0.493333 0.05985 0.32
24 0.684539 0.493333 0.037406 0.32
0 0.734414 0.526667 0.052369 0.386667
10 0.801746 0.52 0.047382 0.373333
1 0.856608 0.493333 0.052369 0.32
3 0.902743 0.493333 0.029925 0.32
1 0.952618 0.493333 0.05985 0.32
