0 0.024331 0.493333 0.048662 0.32
24 0.065693 0.493333 0.024331 0.32
5 0.109489 0.493333 0.053528 0.32
2 0.178832 0.5 0.051095 0.333333
24 0.221411 0.493333 0.024331 0.32
17 0.260341 0.493333 0.043796 0.32
16 0.322384 0.613333 0.07056 0.613333
9 0.403893 0.38 0.082725 0.626667
10 0.485401 0.513333 0.046229 0.36
1 0.542579 0.493333 0.058394 0.32
12 0.593674 0.606667 0.034063 0.626667
25 0.641119 0.493333 0.051095 0.32
25 0.69708 0.493333 0.051095 0.32
5 0.76764 0.493333 0.055961 0.32
7 0.811436 0.493333 0.021898 0.32
25 0.863747 0.5 0.072993 0.333333
26 0.919708 0.493333 0.029197 0.32
17 0.961071 0.493333 0.043796 0.32
