17 0.017298 0.493333 0.034596 0.32
5 0.057661 0.493333 0.039539 0.32
21 0.097199 0.493333 0.032949 0.32
20 0.133443 0.493333 0.032949 0.32
9 0.19028 0.38 0.057661 0.626667
24 0.228171 0.493333 0.011532 0.32
7 0.257002 0.493333 0.039539 0.32
24 0.286656 0.493333 0.01318 0.32
9 0.327842 0.38 0.046129 0.626667
7 0.364909 0.493333 0.021417 0.32
0 0.397858 0.493333 0.037891 0.32
1 0.439868 0.493333 0.039539 0.32
17 0.483526 0.493333 0.041186 0.32
0 0.523064 0.493333 0.031301 0.32
17 0.570016 0.506667 0.039539 0.346667
19 0.614498 0.493333 0.042834 0.32
0 0.655684 0.52 0.032949 0.373333
10 0.695222 0.493333 0.023064 0.32
25 0.734761 0.493333 0.049423 0.32
11 0.772652 0.493333 0.019769 0.32
2 0.807249 0.493333 0.042834 0.32
10 0.855848 0.526667 0.031301 0.386667
17 0.89374 0.493333 0.037891 0.32
2 0.934102 0.493333 0.036244 0.32
0 0.971993 0.493333 0.032949 0.32
