5 0.021515 0.513333 0.043029 0.36
11 0.060241 0.493333 0.027539 0.32
19 0.107573 0.493333 0.060241 0.32
17 0.168675 0.493333 0.037866 0.32
11 0.203959 0.493333 0.025818 0.32
0 0.236661 0.493333 0.032702 0.32
24 0.270224 0.493333 0.027539 0.32
9 0.314114 0.36 0.036145 0.666667
25 0.356282 0.493333 0.041308 0.32
0 0.401033 0.52 0.041308 0.373333
9 0.450086 0.386667 0.049914 0.64
12 0.498279 0.606667 0.022375 0.626667
3 0.528399 0.493333 0.030981 0.32
17 0.568847 0.493333 0.025818 0.32
1 0.606713 0.493333 0.043029 0.32
19 0.657487 0.506667 0.051635 0.32
5 0.70654 0.5 0.039587 0.333333
9 0.76506 0.38 0.053356 0.626667
0 0.816695 0.513333 0.043029 0.36
9 0.870912 0.373333 0.05852 0.64
24 0.919966 0.493333 0.032702 0.32
7 0.953528 0.493333 0.027539 0.32
24 0.979346 0.493333 0.017212 0.32
