12 0.016505 0.613333 0.03301 0.64
25 0.058252 0.493333 0.042718 0.32
0 0.102913 0.526667 0.038835 0.386667
2 0.157282 0.526667 0.042718 0.386667
0 0.201942 0.493333 0.038835 0.32
9 0.258252 0.373333 0.046602 0.613333
1 0.308738 0.493333 0.046602 0.32
25 0.357282 0.493333 0.042718 0.32
9 0.403883 0.373333 0.042718 0.613333
2 0.452427 0.493333 0.046602 0.32
24 0.490291 0.493333 0.021359 0.32
9 0.540777 0.36 0.052427 0.666667
17 0.58932 0.493333 0.036893 0.32
24 0.62233 0.493333 0.021359 0.32
4 0.667961 0.52 0.062136 0.373333
0 0.743689 0.493333 0.062136 0.32
9 0.809709 0.386667 0.054369 0.586667
9 0.872816 0.38 0.04466 0.626667
7 0.915534 0.506667 0.03301 0.346667
12 0.943689 0.613333 0.015534 0.613333
11 0.970874 0.493333 0.031068 0.32
