0 0.013657 0.493333 0.027314 0.32
13 0.04173 0.493333 0.022762 0.32
16 0.085736 0.62 0.059181 0.626667
25 0.144158 0.52 0.036419 0.373333
13 0.177542 0.52 0.024279 0.373333
19 0.217754 0.506667 0.050076 0.346667
24 0.261002 0.493333 0.015175 0.32
9 0.291351 0.38 0.039454 0.626667
10 0.330804 0.5 0.018209 0.333333
25 0.358877 0.493333 0.031866 0.32
13 0.387709 0.493333 0.019727 0.32
19 0.426404 0.506667 0.051593 0.32
5 0.471927 0.493333 0.033384 0.32
9 0.525038 0.373333 0.051593 0.64
1 0.568285 0.493333 0.028832 0.32
5 0.603945 0.493333 0.036419 0.32
7 0.640364 0.526667 0.030349 0.386667
24 0.672989 0.526667 0.013657 0.386667
2 0.700303 0.493333 0.034901 0.32
7 0.739757 0.506667 0.022762 0.346667
7 0.766313 0.493333 0.024279 0.32
25 0.798179 0.493333 0.033384 0.32
4 0.836115 0.493333 0.036419 0.32
2 0.873293 0.493333 0.031866 0.32
0 0.918816 0.493333 0.037936 0.32
24 0.947648 0.493333 0.013657 0.32
9 0.973445 0.36 0.031866 0.666667
