5 0.029491 0.5 0.058981 0.333333
25 0.096515 0.493333 0.064343 0.32
5 0.170241 0.493333 0.072386 0.32
20 0.235925 0.493333 0.048257 0.32
17 0.309651 0.52 0.061662 0.373333
19 0.379357 0.533333 0.067024 0.4
2 0.4437 0.493333 0.050938 0.32
9 0.52681 0.373333 0.077748 0.613333
0 0.597855 0.493333 0.053619 0.32
9 0.675603 0.393333 0.064343 0.653333
7 0.733244 0.493333 0.040214 0.32
24 0.770777 0.493333 0.024129 0.32
15 0.836461 0.62 0.069705 0.626667
18 0.906166 0.493333 0.058981 0.32
7 0.961126 0.493333 0.040214 0.32
