0 0.030303 0.493333 0.060606 0.32
24 0.075758 0.493333 0.021645 0.32
9 0.114719 0.373333 0.047619 0.613333
5 0.168831 0.493333 0.051948 0.32
13 0.215368 0.493333 0.032468 0.32
19 0.262987 0.493333 0.054113 0.32
5 0.331169 0.5 0.051948 0.333333
25 0.384199 0.493333 0.045455 0.32
5 0.437229 0.493333 0.051948 0.32
25 0.49026 0.493333 0.045455 0.32
9 0.546537 0.38 0.058442 0.626667
1 0.606061 0.493333 0.051948 0.32
5 0.666667 0.493333 0.038961 0.32
7 0.70671 0.493333 0.032468 0.32
9 0.775974 0.38 0.075758 0.626667
1 0.83658 0.526667 0.036797 0.386667
0 0.882035 0.493333 0.045455 0.32
25 0.931818 0.493333 0.045455 0.32
7 0.971861 0.493333 0.025974 0.32
