24 0.012563 0.493333 0.025126 0.32
2 0.05402 0.513333 0.047739 0.36
17 0.116834 0.526667 0.042714 0.386667
25 0.173367 0.52 0.060302 0.373333
26 0.218593 0.493333 0.020101 0.32
6 0.256281 0.513333 0.045226 0.36
20 0.325377 0.493333 0.057789 0.32
24 0.370603 0.526667 0.022613 0.386667
9 0.418342 0.373333 0.062814 0.613333
0 0.494975 0.493333 0.080402 0.32
2 0.570352 0.493333 0.060302 0.32
25 0.645729 0.526667 0.055276 0.386667
3 0.704774 0.493333 0.052764 0.32
9 0.792714 0.373333 0.08794 0.64
17 0.866834 0.493333 0.050251 0.32
24 0.917085 0.493333 0.040201 0.32
4 0.962312 0.506667 0.040201 0.346667
