17 0.024416 0.493333 0.048832 0.32
19 0.084926 0.493333 0.063694 0.32
25 0.142251 0.493333 0.042463 0.32
17 0.196391 0.493333 0.057325 0.32
19 0.262208 0.493333 0.065817 0.32
0 0.324841 0.493333 0.050955 0.32
17 0.390658 0.493333 0.050955 0.32
6 0.438429 0.513333 0.036093 0.36
2 0.481953 0.526667 0.042463 0.386667
0 0.527601 0.526667 0.04034 0.386667
10 0.582803 0.493333 0.04034 0.32
0 0.62845 0.493333 0.042463 0.32
18 0.677282 0.526667 0.046709 0.386667
13 0.721868 0.493333 0.03397 0.32
20 0.776008 0.493333 0.044586 0.32
9 0.830149 0.373333 0.055202 0.613333
2 0.887473 0.493333 0.050955 0.32
24 0.928875 0.493333 0.023355 0.32
0 0.964968 0.513333 0.04034 0.36
