25 0.013907 0.493333 0.027815 0.32
7 0.04106 0.52 0.021192 0.373333
5 0.068212 0.506667 0.027815 0.346667
7 0.094702 0.493333 0.019868 0.32
5 0.12649 0.493333 0.025166 0.32
2 0.153642 0.493333 0.023841 0.32
8 0.188079 0.606667 0.039735 0.626667
20 0.222517 0.513333 0.023841 0.36
11 0.24702 0.493333 0.019868 0.32
0 0.272848 0.493333 0.02649 0.32
20 0.308609 0.506667 0.02649 0.346667
0 0.337086 0.513333 0.025166 0.36
9 0.366887 0.373333 0.029139 0.613333
0 0.399338 0.493333 0.030464 0.32
5 0.443046 0.506667 0.038411 0.32
9 0.480132 0.373333 0.030464 0.613333
24 0.508609 0.493333 0.021192 0.32
24 0.536424 0.486667 0.015894 0.306667
7 0.559603 0.493333 0.022517 0.32
2 0.592053 0.493333 0.037086 0.32
0 0.633775 0.513333 0.027815 0.36
9 0.665563 0.38 0.030464 0.626667
9 0.715894 0.373333 0.051656 0.64
0 0.759603 0.493333 0.030464 0.32
3 0.797351 0.493333 0.02649 0.32
1 0.828477 0.493333 0.030464 0.32
5 0.862252 0.526667 0.031788 0.386667
7 0.890728 0.493333 0.019868 0.32
16 0.937748 0.613333 0.055629 0.613333
17 0.97947 0.493333 0.022517 0.32
