5 0.017802 0.493333 0.035604 0.32
25 0.06192 0.5 0.04644 0.333333
13 0.100619 0.493333 0.024768 0.32
7 0.127709 0.513333 0.02322 0.36
19 0.164861 0.493333 0.044892 0.32
12 0.208978 0.613333 0.021672 0.613333
1 0.239164 0.52 0.032508 0.373333
11 0.272446 0.493333 0.027864 0.32
9 0.315789 0.386667 0.052632 0.64
9 0.364551 0.38 0.0387 0.626667
0 0.403251 0.493333 0.032508 0.32
12 0.445046 0.613333 0.029412 0.613333
11 0.479876 0.493333 0.034056 0.32
5 0.518576 0.493333 0.037152 0.32
17 0.554954 0.493333 0.029412 0.32
19 0.591331 0.493333 0.037152 0.32
1 0.633901 0.493333 0.041796 0.32
25 0.682663 0.493333 0.034056 0.32
14 0.71517 0.493333 0.024768 0.32
5 0.754644 0.513333 0.032508 0.36
2 0.791022 0.52 0.034056 0.373333
5 0.833591 0.513333 0.029412 0.36
17 0.869195 0.493333 0.035604 0.32
24 0.897833 0.493333 0.01548 0.32
20 0.928793 0.506667 0.040248 0.346667
2 0.970588 0.493333 0.037152 0.32
