10 0.01669 0.493333 0.03338 0.32
9 0.054937 0.373333 0.037552 0.613333
6 0.091794 0.493333 0.030598 0.32
25 0.132128 0.493333 0.030598 0.32
7 0.162031 0.506667 0.023644 0.346667
10 0.19541 0.506667 0.023644 0.346667
25 0.224618 0.493333 0.029207 0.32
19 0.267733 0.493333 0.05146 0.32
24 0.303199 0.493333 0.013908 0.32
1 0.329624 0.493333 0.03338 0.32
10 0.369263 0.493333 0.026426 0.32
0 0.401252 0.493333 0.031989 0.32
10 0.438108 0.493333 0.022253 0.32
0 0.470097 0.493333 0.036161 0.32
9 0.513908 0.373333 0.031989 0.613333
0 0.555633 0.493333 0.045897 0.32
10 0.598053 0.493333 0.019471 0.32
3 0.620306 0.493333 0.019471 0.32
0 0.646732 0.493333 0.027816 0.32
5 0.684284 0.493333 0.027816 0.32
13 0.710709 0.493333 0.019471 0.32
17 0.738526 0.493333 0.030598 0.32
16 0.771905 0.613333 0.030598 0.613333
24 0.797636 0.493333 0.015299 0.32
25 0.83032 0.493333 0.030598 0.32
3 0.858832 0.493333 0.020862 0.32
9 0.892907 0.38 0.041725 0.626667
0 0.930459 0.493333 0.027816 0.32
12 0.956885 0.613333 0.019471 0.613333
11 0.979833 0.5 0.020862 0.333333
