0 0.018182 0.493333 0.036364 0.32
24 0.052273 0.493333 0.022727 0.32
9 0.097727 0.373333 0.059091 0.613333
25 0.168182 0.493333 0.05 0.32
7 0.213636 0.493333 0.031818 0.32
24 0.244318 0.493333 0.020455 0.32
13 0.279545 0.493333 0.040909 0.32
0 0.329545 0.52 0.05 0.373333
24 0.377273 0.493333 0.036364 0.32
25 0.438636 0.493333 0.054545 0.32
17 0.490909 0.493333 0.040909 0.32
11 0.529545 0.493333 0.027273 0.32
0 0.571591 0.493333 0.047727 0.32
9 0.618182 0.393333 0.036364 0.653333
24 0.652273 0.493333 0.022727 0.32
5 0.706818 0.493333 0.054545 0.32
7 0.757955 0.493333 0.038636 0.32
2 0.830682 0.493333 0.075 0.32
17 0.9 0.493333 0.054545 0.32
6 0.957955 0.493333 0.052273 0.32
