9 0.017905 0.38 0.035809 0.626667
2 0.051724 0.52 0.026525 0.373333
5 0.083554 0.493333 0.03183 0.32
9 0.124005 0.38 0.030504 0.626667
24 0.149204 0.5 0.014589 0.333333
7 0.170424 0.493333 0.022546 0.32
0 0.19695 0.493333 0.025199 0.32
25 0.238727 0.493333 0.039788 0.32
7 0.27122 0.493333 0.019894 0.32
3 0.301724 0.493333 0.022546 0.32
25 0.329576 0.493333 0.027851 0.32
9 0.37069 0.373333 0.049072 0.613333
5 0.420424 0.493333 0.03183 0.32
11 0.448939 0.493333 0.019894 0.32
2 0.477454 0.493333 0.03183 0.32
24 0.500663 0.493333 0.009284 0.32
21 0.52321 0.493333 0.030504 0.32
9 0.562334 0.38 0.029178 0.626667
0 0.593501 0.493333 0.027851 0.32
0 0.624668 0.506667 0.029178 0.346667
24 0.647215 0.493333 0.01061 0.32
2 0.669098 0.52 0.027851 0.373333
20 0.696286 0.5 0.02122 0.333333
21 0.729443 0.493333 0.026525 0.32
14 0.753979 0.52 0.017241 0.373333
19 0.787798 0.506667 0.045093 0.32
11 0.825597 0.493333 0.025199 0.32
2 0.856764 0.493333 0.03183 0.32
12 0.896552 0.613333 0.029178 0.613333
14 0.926393 0.506667 0.025199 0.346667
26 0.954244 0.493333 0.011936 0.32
17 0.97679 0.493333 0.027851 0.32
