19 0.0288 0.493333 0.0576 0.32
14 0.0728 0.493333 0.024 0.32
13 0.1 0.493333 0.024 0.32
2 0.132 0.5 0.0336 0.333333
5 0.1792 0.493333 0.0384 0.32
11 0.216 0.493333 0.0288 0.32
6 0.2536 0.493333 0.04 0.32
24 0.2824 0.493333 0.0112 0.32
20 0.3104 0.506667 0.0384 0.346667
0 0.352 0.493333 0.0384 0.32
13 0.3912 0.493333 0.0176 0.32
25 0.42 0.493333 0.0336 0.32
3 0.4568 0.493333 0.0336 0.32
0 0.492 0.493333 0.0304 0.32
2 0.5296 0.493333 0.0384 0.32
24 0.5568 0.526667 0.0096 0.386667
20 0.592 0.493333 0.0384 0.32
0 0.6328 0.493333 0.0368 0.32
20 0.6776 0.493333 0.0304 0.32
24 0.7048 0.493333 0.0176 0.32
25 0.7408 0.5 0.048 0.333333
5 0.7896 0.493333 0.0432 0.32
9 0.836 0.36 0.0432 0.666667
24 0.8696 0.493333 0.0176 0.32
17 0.9048 0.493333 0.0304 0.32
6 0.936 0.493333 0.0256 0.32
0 0.9704 0.493333 0.0368 0.32
