19 0.030876 0.493333 0.061753 0.32
0 0.09761 0.493333 0.063745 0.32
24 0.14243 0.493333 0.017928 0.32
17 0.171315 0.493333 0.031873 0.32
24 0.200199 0.493333 0.017928 0.32
2 0.243028 0.493333 0.059761 0.32
20 0.317729 0.493333 0.061753 0.32
0 0.374502 0.506667 0.043825 0.346667
20 0.429283 0.493333 0.037849 0.32
1 0.476096 0.493333 0.047809 0.32
11 0.51992 0.493333 0.031873 0.32
19 0.567729 0.493333 0.055777 0.32
9 0.638446 0.366667 0.057769 0.626667
24 0.684263 0.493333 0.025896 0.32
7 0.721116 0.526667 0.039841 0.386667
24 0.755976 0.493333 0.021912 0.32
20 0.797809 0.493333 0.033865 0.32
0 0.841633 0.493333 0.045817 0.32
19 0.899402 0.493333 0.061753 0.32
9 0.960159 0.373333 0.051793 0.613333
