10 0.014726 0.493333 0.029451 0.32
1 0.045515 0.493333 0.026774 0.32
1 0.082999 0.493333 0.042838 0.32
2 0.120482 0.493333 0.026774 0.32
17 0.15328 0.513333 0.033467 0.36
0 0.190094 0.493333 0.034806 0.32
0 0.230924 0.493333 0.028112 0.32
11 0.258367 0.493333 0.021419 0.32
17 0.287818 0.493333 0.032129 0.32
24 0.312584 0.493333 0.012048 0.32
3 0.329987 0.493333 0.017403 0.32
2 0.355422 0.493333 0.028112 0.32
5 0.392905 0.493333 0.028112 0.32
9 0.420348 0.373333 0.021419 0.613333
24 0.442436 0.493333 0.017403 0.32
0 0.473226 0.493333 0.025435 0.32
9 0.506024 0.373333 0.034806 0.64
12 0.542169 0.606667 0.018742 0.626667
3 0.563588 0.493333 0.018742 0.32
20 0.591031 0.506667 0.03079 0.346667
0 0.633199 0.513333 0.048193 0.36
24 0.665997 0.493333 0.012048 0.32
9 0.690763 0.373333 0.032129 0.613333
5 0.730254 0.52 0.028112 0.373333
24 0.757028 0.493333 0.02008 0.32
5 0.782463 0.52 0.025435 0.373333
25 0.813922 0.52 0.032129 0.373333
25 0.854083 0.493333 0.029451 0.32
7 0.882865 0.513333 0.022758 0.36
9 0.927041 0.38 0.046854 0.626667
24 0.959839 0.493333 0.013387 0.32
7 0.97992 0.493333 0.021419 0.32
