20 0.01455 0.493333 0.029101 0.32
1 0.047619 0.493333 0.031746 0.32
3 0.07672 0.493333 0.021164 0.32
1 0.103836 0.493333 0.027778 0.32
19 0.14418 0.493333 0.034392 0.32
25 0.179894 0.493333 0.031746 0.32
3 0.215608 0.493333 0.021164 0.32
1 0.242725 0.493333 0.027778 0.32
12 0.274471 0.613333 0.017196 0.613333
11 0.294974 0.493333 0.018519 0.32
17 0.322751 0.506667 0.031746 0.346667
24 0.347884 0.493333 0.013228 0.32
2 0.371032 0.493333 0.027778 0.32
4 0.406085 0.493333 0.037037 0.32
10 0.449735 0.493333 0.031746 0.32
5 0.48082 0.506667 0.025132 0.346667
5 0.522487 0.493333 0.039683 0.32
9 0.560847 0.373333 0.031746 0.613333
4 0.597222 0.493333 0.035714 0.32
25 0.640212 0.506667 0.031746 0.346667
13 0.668651 0.493333 0.019841 0.32
3 0.693122 0.493333 0.02381 0.32
0 0.723545 0.493333 0.031746 0.32
20 0.761243 0.5 0.025132 0.333333
0 0.792328 0.493333 0.031746 0.32
25 0.825397 0.493333 0.029101 0.32
13 0.852513 0.493333 0.019841 0.32
14 0.878968 0.493333 0.027778 0.32
9 0.923942 0.366667 0.043651 0.626667
0 0.969577 0.493333 0.042328 0.32
