9 0.044974 0.373333 0.089947 0.613333
0 0.121693 0.493333 0.05291 0.32
25 0.18254 0.526667 0.058201 0.386667
13 0.242063 0.493333 0.050265 0.32
11 0.289683 0.493333 0.034392 0.32
9 0.357143 0.373333 0.063492 0.613333
24 0.407407 0.493333 0.026455 0.32
7 0.44709 0.493333 0.042328 0.32
8 0.530423 0.606667 0.087302 0.626667
9 0.615079 0.38 0.071429 0.626667
9 0.701058 0.373333 0.063492 0.613333
7 0.756614 0.493333 0.037037 0.32
0 0.800265 0.493333 0.039683 0.32
2 0.857143 0.506667 0.063492 0.346667
12 0.921958 0.613333 0.029101 0.613333
11 0.96164 0.493333 0.039683 0.32
