12 0.013308 0.606667 0.026616 0.626667
2 0.051331 0.493333 0.041825 0.32
17 0.092205 0.493333 0.032319 0.32
19 0.143536 0.493333 0.062738 0.32
0 0.201521 0.526667 0.045627 0.386667
5 0.256654 0.506667 0.038023 0.346667
9 0.303232 0.38 0.047529 0.626667
4 0.360266 0.52 0.058935 0.373333
0 0.412548 0.493333 0.038023 0.32
24 0.444867 0.493333 0.019011 0.32
17 0.484791 0.493333 0.034221 0.32
19 0.531369 0.493333 0.051331 0.32
0 0.578897 0.493333 0.036122 0.32
5 0.623574 0.5 0.045627 0.333333
25 0.671103 0.493333 0.041825 0.32
5 0.724335 0.5 0.057034 0.333333
16 0.792776 0.613333 0.053232 0.613333
14 0.840304 0.506667 0.034221 0.346667
13 0.877376 0.493333 0.032319 0.32
20 0.924905 0.493333 0.036122 0.32
0 0.96673 0.493333 0.039924 0.32
