24 0.006158 0.493333 0.012315 0.32
0 0.027094 0.493333 0.024631 0.32
24 0.04803 0.5 0.012315 0.333333
9 0.07266 0.38 0.03202 0.626667
1 0.107143 0.493333 0.03202 0.32
24 0.131773 0.493333 0.012315 0.32
17 0.15702 0.493333 0.020936 0.32
2 0.184113 0.493333 0.028325 0.32
4 0.216749 0.493333 0.03202 0.32
10 0.252463 0.493333 0.022167 0.32
2 0.279557 0.5 0.027094 0.333333
3 0.314655 0.493333 0.025862 0.32
6 0.343596 0.493333 0.027094 0.32
0 0.379926 0.493333 0.04064 0.32
24 0.412562 0.493333 0.019704 0.32
9 0.44335 0.38 0.036946 0.626667
8 0.490764 0.606667 0.04064 0.626667
24 0.518473 0.493333 0.009852 0.32
20 0.540025 0.493333 0.028325 0.32
2 0.570813 0.526667 0.028325 0.386667
17 0.60899 0.493333 0.030788 0.32
19 0.645936 0.5 0.038177 0.333333
0 0.679803 0.506667 0.024631 0.346667
7 0.703202 0.506667 0.017241 0.346667
3 0.732759 0.493333 0.024631 0.32
1 0.76601 0.526667 0.036946 0.386667
9 0.804187 0.373333 0.034483 0.613333
0 0.837438 0.506667 0.027094 0.346667
5 0.867611 0.5 0.028325 0.333333
19 0.910099 0.493333 0.039409 0.32
25 0.944581 0.493333 0.024631 0.32
0 0.975369 0.493333 0.03202 0.32
