0 0.018145 0.493333 0.03629 0.32
24 0.051411 0.493333 0.022177 0.32
9 0.103831 0.38 0.074597 0.626667
9 0.179435 0.373333 0.048387 0.613333
0 0.228831 0.493333 0.042339 0.32
10 0.288306 0.493333 0.048387 0.32
1 0.34375 0.493333 0.054435 0.32
3 0.393145 0.493333 0.03629 0.32
25 0.439516 0.506667 0.048387 0.346667
5 0.503024 0.513333 0.050403 0.36
11 0.548387 0.493333 0.032258 0.32
9 0.592742 0.38 0.048387 0.626667
12 0.644153 0.613333 0.02621 0.613333
11 0.676411 0.493333 0.030242 0.32
5 0.717742 0.526667 0.044355 0.386667
13 0.760081 0.493333 0.032258 0.32
11 0.798387 0.493333 0.03629 0.32
18 0.852823 0.493333 0.044355 0.32
24 0.888105 0.526667 0.018145 0.386667
13 0.921371 0.493333 0.040323 0.32
11 0.965726 0.493333 0.040323 0.32
