5 0.024892 0.493333 0.049784 0.32
25 0.080087 0.493333 0.051948 0.32
5 0.130952 0.513333 0.041126 0.36
20 0.178571 0.513333 0.045455 0.36
25 0.239177 0.493333 0.045455 0.32
7 0.282468 0.493333 0.032468 0.32
10 0.331169 0.5 0.034632 0.333333
19 0.378788 0.493333 0.051948 0.32
3 0.431818 0.493333 0.045455 0.32
24 0.470779 0.5 0.02381 0.333333
2 0.50974 0.493333 0.045455 0.32
7 0.55303 0.493333 0.032468 0.32
12 0.603896 0.6 0.038961 0.64
25 0.650433 0.493333 0.045455 0.32
3 0.694805 0.493333 0.034632 0.32
9 0.751082 0.373333 0.047619 0.613333
0 0.805195 0.493333 0.051948 0.32
3 0.852814 0.493333 0.034632 0.32
25 0.906926 0.493333 0.064935 0.32
2 0.964286 0.52 0.041126 0.373333
