17 0.013808 0.493333 0.027616 0.32
19 0.053052 0.493333 0.045058 0.32
0 0.09375 0.493333 0.030523 0.32
0 0.135901 0.493333 0.03343 0.32
5 0.170058 0.493333 0.02907 0.32
9 0.204942 0.373333 0.034884 0.613333
24 0.231105 0.493333 0.011628 0.32
7 0.251453 0.493333 0.023256 0.32
5 0.288517 0.52 0.030523 0.373333
2 0.333576 0.493333 0.053779 0.32
3 0.375727 0.493333 0.024709 0.32
13 0.405523 0.5 0.02907 0.333333
0 0.447674 0.493333 0.034884 0.32
25 0.483285 0.493333 0.030523 0.32
7 0.515262 0.5 0.027616 0.333333
20 0.550872 0.493333 0.023256 0.32
0 0.579215 0.493333 0.027616 0.32
10 0.617733 0.493333 0.02907 0.32
5 0.651163 0.526667 0.031977 0.386667
25 0.686047 0.526667 0.031977 0.386667
13 0.713663 0.493333 0.017442 0.32
14 0.736919 0.493333 0.023256 0.32
24 0.758721 0.493333 0.014535 0.32
5 0.789971 0.493333 0.027616 0.32
11 0.820494 0.493333 0.027616 0.32
24 0.845203 0.493333 0.015988 0.32
5 0.882267 0.493333 0.037791 0.32
19 0.927326 0.493333 0.046512 0.32
1 0.971657 0.493333 0.036337 0.32
