9 0.030364 0.36 0.060729 0.64
24 0.074899 0.493333 0.020243 0.32
1 0.11336 0.493333 0.048583 0.32
9 0.178138 0.373333 0.052632 0.613333
7 0.223684 0.493333 0.030364 0.32
5 0.275304 0.493333 0.044534 0.32
7 0.313765 0.493333 0.024291 0.32
0 0.364372 0.493333 0.048583 0.32
17 0.412955 0.513333 0.040486 0.36
24 0.447368 0.493333 0.020243 0.32
13 0.474696 0.5 0.026316 0.333333
5 0.524291 0.493333 0.044534 0.32
7 0.562753 0.5 0.024291 0.333333
5 0.611336 0.526667 0.044534 0.386667
3 0.652834 0.493333 0.030364 0.32
13 0.688259 0.493333 0.032389 0.32
3 0.733806 0.493333 0.030364 0.32
1 0.777328 0.493333 0.048583 0.32
10 0.826923 0.513333 0.04251 0.36
25 0.876518 0.493333 0.048583 0.32
13 0.92004 0.493333 0.030364 0.32
19 0.962551 0.493333 0.046559 0.32
