24 0.012061 0.493333 0.024123 0.32
7 0.047149 0.493333 0.037281 0.32
17 0.091009 0.5 0.041667 0.333333
2 0.14364 0.493333 0.054825 0.32
24 0.196272 0.493333 0.041667 0.32
25 0.256579 0.493333 0.048246 0.32
9 0.317982 0.353333 0.065789 0.653333
25 0.390351 0.526667 0.048246 0.386667
9 0.447368 0.373333 0.057018 0.613333
9 0.524123 0.373333 0.065789 0.613333
0 0.587719 0.493333 0.052632 0.32
0 0.653509 0.506667 0.048246 0.346667
2 0.702851 0.493333 0.041667 0.32
10 0.755482 0.493333 0.032895 0.32
0 0.808114 0.493333 0.063596 0.32
10 0.862939 0.493333 0.037281 0.32
25 0.908991 0.493333 0.046053 0.32
2 0.960526 0.5 0.048246 0.333333
