3 0.008621 0.493333 0.017241 0.32
1 0.038075 0.493333 0.03592 0.32
17 0.079741 0.493333 0.027299 0.32
1 0.114224 0.493333 0.03592 0.32
19 0.161638 0.493333 0.053161 0.32
25 0.215517 0.493333 0.034483 0.32
9 0.253592 0.366667 0.03592 0.626667
12 0.283046 0.613333 0.017241 0.613333
0 0.30819 0.493333 0.027299 0.32
15 0.351293 0.606667 0.038793 0.626667
18 0.383621 0.493333 0.020115 0.32
7 0.407328 0.493333 0.021552 0.32
2 0.435345 0.493333 0.028736 0.32
9 0.47773 0.373333 0.03592 0.613333
0 0.512213 0.493333 0.027299 0.32
5 0.553161 0.493333 0.034483 0.32
0 0.587644 0.493333 0.028736 0.32
2 0.619253 0.493333 0.028736 0.32
12 0.646552 0.613333 0.020115 0.64
25 0.673851 0.493333 0.028736 0.32
2 0.706178 0.493333 0.030172 0.32
9 0.75 0.38 0.037356 0.626667
0 0.785201 0.526667 0.027299 0.386667
25 0.817529 0.493333 0.031609 0.32
9 0.857759 0.373333 0.04023 0.613333
25 0.905172 0.493333 0.031609 0.32
11 0.936782 0.493333 0.025862 0.32
19 0.971264 0.493333 0.037356 0.32
