24 0.006061 0.493333 0.012121 0.32
13 0.024242 0.493333 0.018182 0.32
9 0.063636 0.366667 0.054545 0.626667
0 0.119697 0.506667 0.036364 0.346667
13 0.150758 0.493333 0.019697 0.32
5 0.177273 0.513333 0.027273 0.36
0 0.215909 0.493333 0.028788 0.32
9 0.250758 0.373333 0.034848 0.613333
1 0.287121 0.493333 0.031818 0.32
25 0.331818 0.52 0.036364 0.373333
3 0.365152 0.493333 0.024242 0.32
2 0.413636 0.493333 0.051515 0.32
9 0.466667 0.38 0.048485 0.626667
25 0.517424 0.493333 0.031818 0.32
7 0.547727 0.493333 0.022727 0.32
9 0.580303 0.38 0.036364 0.626667
11 0.617424 0.493333 0.031818 0.32
25 0.666667 0.493333 0.045455 0.32
7 0.707576 0.493333 0.030303 0.32
25 0.743939 0.52 0.036364 0.373333
3 0.778788 0.493333 0.027273 0.32
9 0.822727 0.38 0.039394 0.626667
1 0.861364 0.493333 0.031818 0.32
25 0.904545 0.493333 0.033333 0.32
11 0.939394 0.493333 0.030303 0.32
25 0.973485 0.493333 0.031818 0.32
