17 0.008717 0.493333 0.017435 0.32
1 0.033001 0.493333 0.026152 0.32
19 0.06538 0.493333 0.033624 0.32
3 0.09589 0.493333 0.022416 0.32
1 0.124533 0.493333 0.029888 0.32
20 0.162516 0.5 0.028643 0.333333
1 0.198007 0.526667 0.03736 0.386667
3 0.232877 0.513333 0.027397 0.36
9 0.272727 0.373333 0.034869 0.613333
1 0.301993 0.493333 0.01868 0.32
9 0.336862 0.373333 0.033624 0.613333
1 0.368618 0.493333 0.024907 0.32
9 0.411582 0.38 0.043587 0.626667
0 0.449564 0.493333 0.027397 0.32
9 0.487547 0.38 0.031133 0.626667
0 0.519925 0.493333 0.028643 0.32
5 0.555417 0.493333 0.024907 0.32
19 0.588418 0.493333 0.036115 0.32
1 0.62142 0.493333 0.024907 0.32
11 0.644458 0.513333 0.016189 0.36
5 0.669988 0.5 0.029888 0.333333
17 0.707347 0.493333 0.027397 0.32
0 0.736613 0.493333 0.026152 0.32
25 0.765255 0.493333 0.026152 0.32
7 0.790785 0.493333 0.019925 0.32
17 0.82005 0.493333 0.021171 0.32
0 0.846202 0.493333 0.026152 0.32
11 0.870486 0.493333 0.017435 0.32
20 0.899128 0.493333 0.022416 0.32
24 0.919676 0.493333 0.013699 0.32
11 0.941469 0.493333 0.024907 0.32
9 0.973848 0.373333 0.034869 0.613333
