17 0.031017 0.493333 0.062035 0.32
19 0.101737 0.493333 0.069479 0.32
1 0.166253 0.493333 0.049628 0.32
0 0.21464 0.493333 0.037221 0.32
9 0.276675 0.38 0.076923 0.626667
25 0.359801 0.526667 0.054591 0.386667
24 0.401985 0.5 0.019851 0.333333
9 0.449132 0.373333 0.064516 0.613333
9 0.521092 0.38 0.069479 0.626667
25 0.599256 0.493333 0.052109 0.32
9 0.66005 0.38 0.059553 0.626667
7 0.7134 0.493333 0.037221 0.32
25 0.763027 0.493333 0.052109 0.32
9 0.823821 0.393333 0.059553 0.653333
20 0.894541 0.493333 0.047146 0.32
24 0.933002 0.493333 0.019851 0.32
11 0.965261 0.493333 0.034739 0.32
