25 0.02994 0.493333 0.05988 0.32
3 0.082834 0.493333 0.037924 0.32
0 0.134731 0.493333 0.037924 0.32
9 0.183633 0.38 0.051896 0.626667
11 0.229541 0.493333 0.031936 0.32
17 0.276447 0.493333 0.033932 0.32
24 0.306387 0.493333 0.017964 0.32
3 0.346307 0.493333 0.033932 0.32
6 0.383234 0.493333 0.031936 0.32
24 0.421158 0.493333 0.015968 0.32
2 0.457086 0.52 0.047904 0.373333
5 0.511976 0.493333 0.053892 0.32
10 0.571856 0.493333 0.037924 0.32
2 0.617764 0.493333 0.045908 0.32
17 0.677645 0.513333 0.045908 0.36
24 0.720559 0.493333 0.031936 0.32
2 0.758483 0.513333 0.035928 0.36
2 0.801397 0.493333 0.041916 0.32
10 0.849301 0.493333 0.025948 0.32
0 0.887226 0.526667 0.041916 0.386667
3 0.937126 0.493333 0.02994 0.32
1 0.971058 0.493333 0.02994 0.32
