12 0.010901 0.613333 0.021802 0.613333
4 0.039971 0.493333 0.027616 0.293333
19 0.079942 0.493333 0.043605 0.32
17 0.117733 0.493333 0.026163 0.32
14 0.146076 0.506667 0.024709 0.346667
20 0.181686 0.493333 0.026163 0.32
24 0.205669 0.493333 0.015988 0.32
1 0.231831 0.493333 0.030523 0.32
3 0.264535 0.493333 0.02907 0.32
3 0.303052 0.493333 0.027616 0.32
1 0.338663 0.506667 0.037791 0.346667
25 0.376453 0.493333 0.031977 0.32
7 0.407703 0.52 0.024709 0.373333
3 0.445494 0.493333 0.030523 0.32
24 0.469477 0.5 0.011628 0.333333
1 0.490552 0.493333 0.024709 0.32
19 0.532703 0.493333 0.039244 0.32
13 0.568314 0.493333 0.026163 0.32
0 0.601744 0.493333 0.034884 0.32
9 0.639535 0.38 0.034884 0.626667
0 0.677326 0.5 0.034884 0.333333
24 0.71439 0.493333 0.018895 0.32
2 0.739826 0.52 0.026163 0.373333
24 0.771076 0.493333 0.015988 0.32
2 0.795785 0.493333 0.027616 0.32
9 0.838663 0.373333 0.037791 0.613333
0 0.874273 0.493333 0.027616 0.32
12 0.900436 0.606667 0.018895 0.626667
1 0.925872 0.493333 0.026163 0.32
13 0.952762 0.493333 0.021802 0.32
7 0.978198 0.493333 0.023256 0.32
