24 0.00817 0.493333 0.01634 0.32
2 0.037582 0.493333 0.035948 0.32
0 0.073529 0.5 0.029412 0.333333
1 0.107026 0.493333 0.031046 0.32
17 0.148693 0.493333 0.045752 0.32
0 0.196078 0.513333 0.042484 0.36
12 0.242647 0.613333 0.027778 0.613333
4 0.284314 0.506667 0.04902 0.346667
11 0.326797 0.493333 0.029412 0.32
17 0.367647 0.493333 0.029412 0.32
19 0.40768 0.5 0.044118 0.333333
0 0.45098 0.493333 0.035948 0.32
12 0.48366 0.613333 0.022876 0.613333
3 0.508987 0.493333 0.021242 0.32
25 0.548203 0.493333 0.034314 0.32
7 0.579248 0.493333 0.021242 0.32
10 0.614379 0.493333 0.026144 0.32
0 0.64951 0.493333 0.037582 0.32
9 0.691176 0.38 0.039216 0.626667
1 0.727124 0.493333 0.026144 0.32
11 0.759804 0.513333 0.03268 0.36
24 0.787582 0.526667 0.01634 0.386667
25 0.826797 0.493333 0.039216 0.32
1 0.869281 0.493333 0.039216 0.32
24 0.900327 0.493333 0.01634 0.32
4 0.933007 0.5 0.042484 0.333333
13 0.973039 0.493333 0.031046 0.32
