21 0.031915 0.493333 0.06383 0.32
24 0.08156 0.493333 0.026005 0.32
6 0.125296 0.526667 0.052009 0.386667
17 0.195035 0.493333 0.054374 0.32
19 0.264775 0.493333 0.07565 0.32
2 0.339243 0.493333 0.06383 0.32
20 0.41253 0.493333 0.049645 0.32
0 0.468085 0.513333 0.052009 0.36
17 0.530733 0.493333 0.040189 0.32
19 0.588652 0.493333 0.066194 0.32
0 0.650118 0.493333 0.047281 0.32
20 0.70922 0.493333 0.037825 0.32
19 0.765957 0.493333 0.066194 0.32
0 0.830969 0.493333 0.054374 0.32
0 0.903073 0.493333 0.056738 0.32
3 0.959811 0.493333 0.047281 0.32
