9 0.019206 0.373333 0.038412 0.613333
9 0.056338 0.373333 0.03073 0.613333
1 0.085787 0.506667 0.023047 0.346667
24 0.112676 0.493333 0.012804 0.32
20 0.135723 0.493333 0.028169 0.32
11 0.161332 0.52 0.017926 0.373333
17 0.185019 0.493333 0.024328 0.32
1 0.211908 0.493333 0.024328 0.32
10 0.242638 0.52 0.019206 0.373333
3 0.268246 0.493333 0.026889 0.32
0 0.299616 0.493333 0.03073 0.32
25 0.332907 0.506667 0.03073 0.346667
9 0.367478 0.36 0.033291 0.666667
17 0.409091 0.493333 0.03201 0.32
19 0.449424 0.493333 0.043534 0.32
1 0.484635 0.493333 0.021767 0.32
6 0.517926 0.513333 0.026889 0.36
19 0.551857 0.493333 0.035851 0.32
11 0.583867 0.5 0.023047 0.333333
5 0.620999 0.493333 0.033291 0.32
11 0.648528 0.513333 0.016645 0.36
25 0.672215 0.493333 0.025608 0.32
26 0.692702 0.493333 0.010243 0.32
17 0.713828 0.493333 0.026889 0.32
2 0.740717 0.493333 0.021767 0.32
9 0.772087 0.373333 0.023047 0.613333
7 0.797055 0.493333 0.021767 0.32
24 0.819462 0.493333 0.017926 0.32
0 0.847631 0.52 0.033291 0.373333
25 0.880282 0.493333 0.026889 0.32
7 0.90653 0.493333 0.020487 0.32
3 0.941741 0.493333 0.03201 0.32
1 0.975672 0.493333 0.03073 0.32
