17 0.012723 0.493333 0.025445 0.32
14 0.041349 0.493333 0.026718 0.32
18 0.072519 0.493333 0.030534 0.32
2 0.105598 0.493333 0.030534 0.32
25 0.145038 0.506667 0.030534 0.346667
13 0.172392 0.493333 0.019084 0.32
2 0.197837 0.493333 0.026718 0.32
8 0.236641 0.613333 0.033079 0.586667
24 0.262087 0.493333 0.012723 0.32
20 0.282443 0.493333 0.022901 0.32
25 0.316794 0.493333 0.02799 0.32
9 0.353053 0.373333 0.03944 0.64
0 0.385496 0.526667 0.020356 0.386667
5 0.419211 0.493333 0.029262 0.32
13 0.440204 0.493333 0.007634 0.32
3 0.458015 0.493333 0.022901 0.32
2 0.489186 0.493333 0.021628 0.32
17 0.518448 0.493333 0.031807 0.32
17 0.54771 0.493333 0.021628 0.32
19 0.580789 0.493333 0.03944 0.32
0 0.618321 0.493333 0.030534 0.32
9 0.666031 0.38 0.047074 0.626667
19 0.708015 0.493333 0.031807 0.32
0 0.739822 0.506667 0.026718 0.346667
24 0.763359 0.493333 0.015267 0.32
9 0.787532 0.373333 0.02799 0.613333
24 0.810433 0.493333 0.012723 0.32
25 0.840967 0.52 0.030534 0.373333
9 0.872774 0.373333 0.02799 0.613333
20 0.910305 0.493333 0.029262 0.32
0 0.94084 0.493333 0.026718 0.32
9 0.973919 0.346667 0.034351 0.666667
