9 0.018895 0.38 0.037791 0.626667
24 0.047238 0.493333 0.013081 0.32
7 0.071221 0.526667 0.02907 0.386667
9 0.104651 0.373333 0.031977 0.613333
12 0.140988 0.613333 0.020349 0.613333
2 0.170785 0.493333 0.03343 0.32
11 0.199855 0.493333 0.018895 0.32
0 0.235465 0.493333 0.046512 0.32
9 0.282703 0.386667 0.042151 0.64
0 0.330669 0.52 0.03343 0.373333
24 0.357558 0.526667 0.014535 0.386667
0 0.385174 0.493333 0.034884 0.32
24 0.412791 0.493333 0.014535 0.32
9 0.44186 0.373333 0.037791 0.613333
25 0.486192 0.493333 0.030523 0.32
6 0.518895 0.493333 0.02907 0.32
5 0.554506 0.493333 0.036337 0.32
24 0.582849 0.526667 0.014535 0.386667
24 0.600291 0.493333 0.014535 0.32
5 0.625 0.493333 0.02907 0.32
9 0.667151 0.38 0.034884 0.626667
24 0.694041 0.493333 0.013081 0.32
7 0.71439 0.5 0.021802 0.333333
24 0.736919 0.493333 0.017442 0.32
9 0.777616 0.373333 0.043605 0.613333
0 0.819767 0.493333 0.034884 0.32
5 0.863372 0.493333 0.031977 0.32
9 0.90189 0.373333 0.039244 0.613333
0 0.93968 0.506667 0.030523 0.346667
5 0.973837 0.526667 0.031977 0.386667
