9 0.019643 0.38 0.039286 0.626667
0 0.063393 0.493333 0.041071 0.32
24 0.107143 0.493333 0.021429 0.32
1 0.147321 0.493333 0.051786 0.32
16 0.208036 0.62 0.0625 0.626667
20 0.260714 0.493333 0.035714 0.32
25 0.300893 0.493333 0.0375 0.32
0 0.360714 0.493333 0.057143 0.32
9 0.4125 0.36 0.039286 0.64
14 0.45 0.493333 0.028571 0.32
24 0.482143 0.493333 0.028571 0.32
24 0.516964 0.493333 0.016071 0.32
3 0.545536 0.493333 0.033929 0.32
17 0.583036 0.493333 0.033929 0.32
11 0.617857 0.493333 0.028571 0.32
25 0.666071 0.506667 0.042857 0.346667
6 0.70625 0.493333 0.030357 0.32
24 0.733929 0.493333 0.017857 0.32
17 0.763393 0.493333 0.033929 0.32
9 0.81875 0.38 0.066071 0.546667
24 0.876786 0.493333 0.017857 0.32
11 0.905357 0.493333 0.032143 0.32
19 0.95625 0.493333 0.0625 0.32
