3 0.026316 0.486667 0.052632 0.333333
1 0.100329 0.493333 0.082237 0.32
5 0.1875 0.493333 0.078947 0.32
11 0.259868 0.493333 0.052632 0.32
19 0.342105 0.493333 0.098684 0.32
12 0.435855 0.613333 0.042763 0.613333
11 0.490132 0.493333 0.052632 0.32
25 0.555921 0.493333 0.065789 0.32
2 0.628289 0.506667 0.065789 0.346667
17 0.699013 0.493333 0.0625 0.32
12 0.768092 0.613333 0.029605 0.613333
11 0.819079 0.493333 0.059211 0.32
24 0.886513 0.52 0.029605 0.373333
2 0.942434 0.486667 0.069079 0.333333
