5 0.015447 0.506667 0.030894 0.346667
7 0.044715 0.493333 0.021138 0.32
9 0.078862 0.38 0.04065 0.626667
17 0.121951 0.493333 0.039024 0.32
2 0.164228 0.493333 0.039024 0.32
9 0.211382 0.373333 0.03252 0.64
24 0.237398 0.493333 0.013008 0.32
7 0.258537 0.493333 0.022764 0.32
0 0.299187 0.506667 0.035772 0.346667
9 0.349593 0.366667 0.058537 0.626667
3 0.402439 0.493333 0.02439 0.32
24 0.428455 0.493333 0.021138 0.32
5 0.457724 0.493333 0.030894 0.32
9 0.499187 0.373333 0.045528 0.613333
24 0.534959 0.493333 0.019512 0.32
7 0.558537 0.493333 0.021138 0.32
12 0.590244 0.613333 0.019512 0.613333
11 0.61626 0.493333 0.026016 0.32
25 0.657724 0.493333 0.034146 0.32
17 0.693496 0.493333 0.030894 0.32
14 0.726829 0.493333 0.029268 0.32
24 0.752846 0.493333 0.01626 0.32
2 0.78374 0.526667 0.039024 0.386667
0 0.831707 0.513333 0.034146 0.36
5 0.869106 0.493333 0.034146 0.32
0 0.906504 0.5 0.034146 0.333333
25 0.946341 0.493333 0.039024 0.32
7 0.978862 0.493333 0.019512 0.32
