20 0.011229 0.506667 0.022459 0.346667
0 0.037234 0.493333 0.024823 0.32
5 0.078605 0.52 0.041371 0.373333
13 0.11052 0.493333 0.01773 0.32
19 0.132979 0.493333 0.022459 0.32
9 0.173168 0.38 0.041371 0.626667
1 0.213948 0.5 0.035461 0.333333
5 0.247636 0.493333 0.027187 0.32
19 0.281915 0.5 0.036643 0.333333
19 0.320331 0.493333 0.035461 0.32
5 0.36052 0.5 0.028369 0.333333
7 0.38357 0.493333 0.013002 0.32
17 0.402482 0.493333 0.020095 0.32
19 0.435579 0.493333 0.041371 0.32
0 0.471631 0.493333 0.026005 0.32
20 0.502955 0.493333 0.020095 0.32
0 0.52896 0.52 0.027187 0.373333
25 0.556738 0.493333 0.023641 0.32
6 0.584515 0.493333 0.027187 0.32
7 0.615839 0.493333 0.018913 0.32
7 0.637116 0.513333 0.018913 0.36
19 0.672577 0.493333 0.035461 0.32
14 0.702719 0.493333 0.020095 0.32
13 0.726359 0.506667 0.022459 0.346667
20 0.758274 0.493333 0.024823 0.32
3 0.786052 0.513333 0.026005 0.36
1 0.817376 0.493333 0.031915 0.32
2 0.849882 0.493333 0.028369 0.32
5 0.884752 0.493333 0.024823 0.32
7 0.908983 0.493333 0.018913 0.32
9 0.945035 0.38 0.036643 0.626667
1 0.978723 0.493333 0.026005 0.32
