18 0.011806 0.52 0.023611 0.373333
9 0.046528 0.366667 0.040278 0.626667
16 0.091667 0.606667 0.044444 0.626667
24 0.123611 0.506667 0.013889 0.346667
25 0.155556 0.493333 0.030556 0.32
1 0.186111 0.493333 0.025 0.32
25 0.215972 0.493333 0.029167 0.32
19 0.254167 0.493333 0.041667 0.32
20 0.289583 0.513333 0.023611 0.36
2 0.325 0.493333 0.041667 0.32
5 0.370833 0.493333 0.030556 0.32
19 0.413889 0.493333 0.05 0.32
24 0.451389 0.493333 0.019444 0.32
9 0.484722 0.373333 0.041667 0.613333
19 0.528472 0.493333 0.040278 0.32
17 0.572917 0.493333 0.029167 0.32
6 0.604167 0.493333 0.027778 0.32
0 0.638194 0.513333 0.034722 0.36
24 0.672222 0.493333 0.013889 0.32
5 0.697222 0.5 0.030556 0.333333
25 0.730556 0.493333 0.030556 0.32
14 0.759722 0.493333 0.022222 0.32
2 0.788889 0.506667 0.030556 0.346667
9 0.838194 0.38 0.048611 0.626667
1 0.883333 0.5 0.036111 0.333333
17 0.915972 0.526667 0.023611 0.386667
11 0.942361 0.493333 0.023611 0.32
0 0.973611 0.493333 0.033333 0.32
