9 0.03504 0.38 0.070081 0.626667
1 0.114555 0.493333 0.078167 0.32
5 0.188679 0.493333 0.059299 0.32
14 0.245283 0.493333 0.043127 0.32
17 0.30593 0.493333 0.067385 0.32
6 0.377358 0.526667 0.06469 0.386667
8 0.454178 0.606667 0.051213 0.626667
17 0.510782 0.493333 0.051213 0.32
18 0.561995 0.473333 0.040431 0.28
2 0.619946 0.526667 0.06469 0.386667
25 0.699461 0.493333 0.056604 0.32
3 0.760108 0.493333 0.053908 0.32
24 0.807278 0.493333 0.02965 0.32
6 0.855795 0.52 0.056604 0.373333
24 0.902965 0.493333 0.026954 0.32
17 0.951482 0.493333 0.059299 0.32
