5 0.016194 0.493333 0.032389 0.32
21 0.052632 0.493333 0.035088 0.32
11 0.082996 0.493333 0.020243 0.32
19 0.118084 0.493333 0.044534 0.32
2 0.15587 0.52 0.025641 0.373333
20 0.190958 0.493333 0.025641 0.32
11 0.217949 0.526667 0.022942 0.386667
0 0.242915 0.493333 0.021592 0.32
5 0.273279 0.493333 0.033738 0.32
5 0.31309 0.493333 0.026991 0.32
11 0.340081 0.493333 0.021592 0.32
9 0.367072 0.373333 0.026991 0.613333
19 0.401484 0.493333 0.036437 0.32
12 0.435897 0.613333 0.013495 0.613333
11 0.458165 0.493333 0.025641 0.32
15 0.500675 0.613333 0.040486 0.613333
9 0.54386 0.373333 0.040486 0.613333
0 0.581646 0.493333 0.02969 0.32
11 0.608637 0.493333 0.018893 0.32
10 0.636977 0.493333 0.018893 0.32
0 0.664642 0.493333 0.031039 0.32
5 0.698381 0.493333 0.031039 0.32
9 0.737517 0.373333 0.041835 0.613333
0 0.777328 0.493333 0.032389 0.32
5 0.811066 0.493333 0.02969 0.32
0 0.848853 0.493333 0.026991 0.32
24 0.873144 0.493333 0.016194 0.32
9 0.90081 0.38 0.033738 0.626667
10 0.94332 0.493333 0.032389 0.32
1 0.976383 0.493333 0.02834 0.32
