10 0.009629 0.493333 0.019257 0.32
25 0.037139 0.493333 0.030261 0.32
11 0.065337 0.493333 0.020633 0.32
25 0.09216 0.493333 0.02751 0.32
2 0.127235 0.506667 0.037139 0.346667
12 0.162999 0.606667 0.015131 0.626667
2 0.183631 0.493333 0.020633 0.32
9 0.218707 0.38 0.044017 0.626667
0 0.257221 0.52 0.02751 0.373333
10 0.296424 0.493333 0.031637 0.32
3 0.332875 0.493333 0.035763 0.32
0 0.366575 0.493333 0.026135 0.32
10 0.397524 0.5 0.016506 0.333333
5 0.42641 0.493333 0.035763 0.32
9 0.464924 0.4 0.035763 0.666667
0 0.502751 0.493333 0.034388 0.32
9 0.544704 0.353333 0.030261 0.68
1 0.579092 0.493333 0.033012 0.32
25 0.620358 0.526667 0.030261 0.386667
3 0.649931 0.493333 0.023384 0.32
3 0.688446 0.493333 0.034388 0.32
1 0.725585 0.493333 0.034388 0.32
25 0.76066 0.493333 0.030261 0.32
3 0.792297 0.493333 0.02751 0.32
25 0.832187 0.506667 0.033012 0.346667
13 0.861073 0.493333 0.019257 0.32
14 0.884457 0.493333 0.022008 0.32
9 0.914718 0.373333 0.033012 0.613333
25 0.954608 0.493333 0.02751 0.32
7 0.980743 0.493333 0.019257 0.32
