12 0.013921 0.613333 0.027842 0.613333
24 0.051044 0.493333 0.037123 0.32
19 0.111369 0.493333 0.074246 0.32
9 0.189095 0.38 0.071926 0.626667
1 0.272622 0.486667 0.058005 0.306667
13 0.320186 0.493333 0.027842 0.32
5 0.364269 0.493333 0.051044 0.32
24 0.403712 0.493333 0.018561 0.32
25 0.452436 0.493333 0.046404 0.32
7 0.5 0.493333 0.039443 0.32
25 0.563805 0.52 0.055684 0.373333
5 0.62181 0.493333 0.051044 0.32
24 0.668213 0.493333 0.032483 0.32
3 0.709977 0.5 0.041763 0.333333
2 0.757541 0.493333 0.044084 0.32
1 0.805104 0.493333 0.041763 0.32
20 0.861949 0.513333 0.039443 0.36
11 0.907193 0.493333 0.041763 0.32
0 0.958237 0.493333 0.051044 0.32
