9 0.032839 0.386667 0.065678 0.64
24 0.080508 0.513333 0.021186 0.36
7 0.106992 0.493333 0.023305 0.32
10 0.153602 0.493333 0.040254 0.32
5 0.202331 0.493333 0.048729 0.32
9 0.278602 0.38 0.074153 0.626667
1 0.346398 0.493333 0.052966 0.32
3 0.399364 0.493333 0.044492 0.32
1 0.455508 0.486667 0.059322 0.333333
8 0.534958 0.606667 0.069915 0.626667
24 0.584746 0.493333 0.021186 0.32
0 0.630297 0.493333 0.040254 0.32
9 0.681144 0.38 0.052966 0.626667
2 0.748941 0.493333 0.052966 0.32
17 0.798729 0.493333 0.038136 0.32
20 0.851695 0.506667 0.059322 0.346667
25 0.908898 0.526667 0.04661 0.386667
2 0.960805 0.526667 0.048729 0.386667
