5 0.022947 0.493333 0.045894 0.32
2 0.076087 0.493333 0.050725 0.32
25 0.147343 0.493333 0.057971 0.32
14 0.201691 0.493333 0.041063 0.32
2 0.259662 0.506667 0.065217 0.346667
24 0.328502 0.493333 0.038647 0.32
7 0.36715 0.493333 0.028986 0.32
9 0.425121 0.386667 0.072464 0.56
25 0.492754 0.493333 0.05314 0.32
9 0.551932 0.393333 0.055556 0.653333
0 0.611111 0.493333 0.05314 0.32
10 0.673913 0.493333 0.038647 0.32
19 0.730676 0.493333 0.065217 0.32
5 0.791063 0.526667 0.045894 0.386667
12 0.845411 0.613333 0.028986 0.64
14 0.88285 0.493333 0.036232 0.32
26 0.926329 0.52 0.016908 0.373333
0 0.961353 0.513333 0.043478 0.36
