12 0.01105 0.613333 0.022099 0.613333
11 0.039595 0.493333 0.027624 0.32
17 0.07919 0.493333 0.044199 0.32
6 0.122468 0.493333 0.034991 0.32
19 0.169429 0.493333 0.051565 0.32
10 0.222836 0.493333 0.029466 0.32
24 0.251381 0.493333 0.020258 0.32
9 0.287293 0.373333 0.044199 0.613333
0 0.333333 0.493333 0.040516 0.32
12 0.375691 0.606667 0.018416 0.626667
11 0.403315 0.493333 0.029466 0.32
17 0.439227 0.493333 0.034991 0.32
6 0.478821 0.493333 0.036832 0.32
0 0.518416 0.526667 0.034991 0.386667
24 0.550645 0.493333 0.022099 0.32
12 0.586556 0.606667 0.023941 0.626667
11 0.616943 0.493333 0.029466 0.32
6 0.654696 0.493333 0.038674 0.32
17 0.695212 0.493333 0.034991 0.32
24 0.726519 0.493333 0.020258 0.32
5 0.767035 0.493333 0.034991 0.32
9 0.813996 0.373333 0.051565 0.613333
12 0.856354 0.613333 0.025783 0.613333
25 0.891344 0.493333 0.036832 0.32
11 0.928177 0.493333 0.029466 0.32
25 0.966851 0.526667 0.040516 0.386667
