20 0.019048 0.493333 0.038095 0.32
1 0.057143 0.493333 0.030476 0.32
10 0.1 0.493333 0.028571 0.32
2 0.13619 0.52 0.03619 0.373333
10 0.174286 0.493333 0.032381 0.32
6 0.21619 0.493333 0.04381 0.32
9 0.264762 0.373333 0.045714 0.613333
9 0.311429 0.38 0.04 0.626667
9 0.367619 0.38 0.045714 0.626667
1 0.418095 0.493333 0.047619 0.32
12 0.465714 0.606667 0.020952 0.626667
7 0.494286 0.493333 0.028571 0.32
3 0.535238 0.493333 0.026667 0.32
24 0.561905 0.493333 0.019048 0.32
18 0.601905 0.493333 0.053333 0.32
2 0.652381 0.5 0.04 0.333333
24 0.686667 0.493333 0.020952 0.32
12 0.721905 0.613333 0.022857 0.613333
11 0.754286 0.493333 0.034286 0.32
9 0.8 0.373333 0.049524 0.613333
0 0.852381 0.493333 0.047619 0.32
9 0.917143 0.386667 0.055238 0.64
0 0.967619 0.493333 0.038095 0.32
