20 0.026196 0.5 0.052392 0.333333
11 0.074032 0.493333 0.034169 0.32
0 0.116173 0.493333 0.041002 0.32
9 0.166287 0.373333 0.050114 0.613333
1 0.223235 0.493333 0.05467 0.32
20 0.287016 0.493333 0.041002 0.32
0 0.33713 0.493333 0.050114 0.32
5 0.407745 0.493333 0.059226 0.32
3 0.460137 0.493333 0.036446 0.32
24 0.497722 0.493333 0.029613 0.32
5 0.546697 0.493333 0.059226 0.32
25 0.605923 0.493333 0.050114 0.32
9 0.679954 0.386667 0.066059 0.64
7 0.734624 0.493333 0.034169 0.32
9 0.774487 0.393333 0.036446 0.653333
1 0.824601 0.493333 0.05467 0.32
5 0.899772 0.493333 0.063781 0.32
3 0.960137 0.493333 0.047836 0.32
