18 0.031603 0.493333 0.063205 0.32
2 0.092551 0.5 0.049661 0.333333
7 0.138826 0.506667 0.03386 0.346667
24 0.170429 0.493333 0.020316 0.32
21 0.22912 0.493333 0.065463 0.32
14 0.283296 0.493333 0.03386 0.32
19 0.337472 0.493333 0.065463 0.32
11 0.391648 0.493333 0.03386 0.32
2 0.433409 0.493333 0.040632 0.32
26 0.477427 0.493333 0.015801 0.32
0 0.51693 0.493333 0.054176 0.32
3 0.581264 0.5 0.042889 0.333333
25 0.634312 0.506667 0.054176 0.346667
2 0.69526 0.493333 0.058691 0.32
17 0.759594 0.493333 0.038375 0.32
16 0.81377 0.613333 0.060948 0.613333
2 0.867946 0.493333 0.038375 0.32
11 0.914221 0.493333 0.045147 0.32
5 0.962754 0.506667 0.042889 0.346667
