17 0.036145 0.506667 0.072289 0.32
18 0.091222 0.493333 0.030981 0.32
0 0.129948 0.493333 0.039587 0.32
24 0.169535 0.493333 0.015491 0.32
25 0.198795 0.493333 0.036145 0.32
5 0.240964 0.493333 0.041308 0.32
25 0.285714 0.493333 0.041308 0.32
25 0.336489 0.493333 0.036145 0.32
7 0.371773 0.493333 0.027539 0.32
17 0.433735 0.506667 0.072289 0.32
19 0.5 0.5 0.053356 0.333333
0 0.54475 0.493333 0.02926 0.32
0 0.591222 0.493333 0.039587 0.32
25 0.63253 0.493333 0.036145 0.32
7 0.667814 0.493333 0.027539 0.32
9 0.710843 0.373333 0.051635 0.613333
24 0.748709 0.493333 0.017212 0.32
7 0.774527 0.493333 0.027539 0.32
10 0.812392 0.493333 0.024096 0.32
2 0.849398 0.493333 0.043029 0.32
10 0.903614 0.493333 0.041308 0.32
0 0.948365 0.493333 0.041308 0.32
24 0.980207 0.493333 0.015491 0.32
