25 0.017413 0.493333 0.034826 0.32
14 0.053068 0.506667 0.029851 0.346667
2 0.087065 0.493333 0.031509 0.32
5 0.134328 0.493333 0.039801 0.32
7 0.170813 0.493333 0.026534 0.32
13 0.198176 0.493333 0.021559 0.32
25 0.229685 0.493333 0.034826 0.32
1 0.271144 0.493333 0.041459 0.32
10 0.320896 0.506667 0.031509 0.346667
11 0.353234 0.5 0.026534 0.333333
24 0.378939 0.493333 0.018242 0.32
25 0.416252 0.5 0.049751 0.333333
12 0.457711 0.613333 0.026534 0.613333
3 0.49005 0.493333 0.031509 0.32
6 0.531509 0.493333 0.028192 0.32
24 0.557214 0.493333 0.016584 0.32
17 0.585406 0.493333 0.033167 0.32
5 0.631841 0.493333 0.036484 0.32
25 0.671642 0.493333 0.036484 0.32
16 0.726368 0.613333 0.049751 0.613333
3 0.771144 0.493333 0.033167 0.32
25 0.81675 0.493333 0.034826 0.32
13 0.853234 0.493333 0.031509 0.32
2 0.892206 0.526667 0.039801 0.386667
3 0.936982 0.493333 0.026534 0.32
1 0.970978 0.493333 0.034826 0.32
