20 0.014493 0.493333 0.028986 0.32
0 0.044082 0.493333 0.025362 0.32
24 0.064614 0.52 0.01087 0.373333
9 0.081522 0.373333 0.018116 0.613333
9 0.111111 0.373333 0.033816 0.613333
0 0.140097 0.493333 0.016908 0.32
25 0.17029 0.493333 0.02657 0.32
17 0.196256 0.493333 0.020531 0.32
1 0.221618 0.493333 0.025362 0.32
11 0.248188 0.493333 0.022947 0.32
9 0.285024 0.373333 0.033816 0.613333
1 0.316425 0.52 0.024155 0.373333
10 0.346014 0.493333 0.018116 0.32
25 0.371981 0.52 0.028986 0.373333
17 0.403986 0.493333 0.030193 0.32
5 0.43599 0.493333 0.028986 0.32
9 0.467391 0.373333 0.028986 0.613333
10 0.498188 0.493333 0.0157 0.32
4 0.525966 0.493333 0.035024 0.32
17 0.554952 0.493333 0.018116 0.32
11 0.574879 0.493333 0.016908 0.32
0 0.599638 0.493333 0.027778 0.32
0 0.63587 0.493333 0.027778 0.32
25 0.666667 0.52 0.028986 0.373333
7 0.693237 0.493333 0.019324 0.32
3 0.72343 0.493333 0.024155 0.32
1 0.75 0.493333 0.024155 0.32
0 0.783816 0.493333 0.02657 0.32
11 0.809783 0.493333 0.020531 0.32
0 0.838164 0.493333 0.031401 0.32
2 0.870773 0.493333 0.028986 0.32
25 0.907005 0.493333 0.02657 0.32
7 0.930556 0.493333 0.0157 0.32
9 0.957126 0.38 0.032609 0.626667
7 0.983696 0.493333 0.0157 0.32
