19 0.016064 0.493333 0.032129 0.32
0 0.05087 0.52 0.032129 0.373333
17 0.082329 0.493333 0.025435 0.32
19 0.116466 0.493333 0.037483 0.32
0 0.153949 0.526667 0.032129 0.386667
20 0.195448 0.493333 0.032129 0.32
24 0.226908 0.493333 0.025435 0.32
2 0.25502 0.526667 0.025435 0.386667
0 0.287818 0.493333 0.034806 0.32
17 0.328648 0.493333 0.028112 0.32
6 0.356091 0.493333 0.021419 0.32
2 0.388889 0.493333 0.038822 0.32
25 0.433735 0.506667 0.032129 0.346667
14 0.463186 0.52 0.021419 0.4
24 0.483936 0.493333 0.014726 0.32
0 0.512718 0.493333 0.037483 0.32
9 0.558902 0.38 0.036145 0.626667
24 0.585676 0.493333 0.012048 0.32
7 0.605756 0.493333 0.022758 0.32
24 0.626506 0.526667 0.013387 0.386667
20 0.65261 0.493333 0.02008 0.32
24 0.672021 0.526667 0.013387 0.386667
9 0.697456 0.393333 0.032129 0.653333
25 0.730254 0.493333 0.028112 0.32
4 0.755689 0.493333 0.017403 0.32
24 0.781794 0.486667 0.016064 0.306667
2 0.812584 0.513333 0.037483 0.36
2 0.846051 0.493333 0.024096 0.32
24 0.874163 0.506667 0.013387 0.346667
13 0.895582 0.506667 0.024096 0.346667
3 0.923695 0.493333 0.026774 0.32
1 0.965194 0.493333 0.05087 0.32
