25 0.021858 0.506667 0.043716 0.346667
11 0.067395 0.493333 0.040073 0.32
3 0.115665 0.493333 0.030965 0.32
25 0.156648 0.506667 0.043716 0.346667
17 0.198543 0.493333 0.032787 0.32
26 0.224044 0.52 0.010929 0.373333
10 0.260474 0.493333 0.03643 0.32
4 0.3051 0.493333 0.045537 0.32
25 0.360656 0.493333 0.040073 0.32
7 0.398907 0.493333 0.029144 0.32
24 0.425319 0.493333 0.016393 0.32
17 0.459927 0.493333 0.045537 0.32
19 0.51275 0.493333 0.052823 0.32
0 0.56102 0.506667 0.03643 0.346667
24 0.604736 0.493333 0.025501 0.32
25 0.648452 0.5 0.054645 0.333333
9 0.70765 0.38 0.056466 0.626667
7 0.755009 0.493333 0.030965 0.32
20 0.8051 0.493333 0.043716 0.32
1 0.857923 0.526667 0.054645 0.386667
3 0.905282 0.493333 0.032787 0.32
9 0.956284 0.373333 0.061931 0.613333
