24 0.008716 0.493333 0.017433 0.32
3 0.03645 0.493333 0.031696 0.32
25 0.0729 0.526667 0.034865 0.386667
25 0.117274 0.5 0.047544 0.333333
9 0.164818 0.373333 0.041204 0.613333
24 0.203645 0.493333 0.014263 0.32
24 0.22187 0.493333 0.015848 0.32
0 0.249604 0.493333 0.033281 0.32
24 0.276545 0.493333 0.014263 0.32
9 0.302694 0.373333 0.031696 0.613333
9 0.353407 0.373333 0.047544 0.613333
24 0.388273 0.493333 0.015848 0.32
1 0.420761 0.513333 0.042789 0.36
24 0.459588 0.493333 0.012678 0.32
20 0.486529 0.5 0.034865 0.333333
6 0.51981 0.493333 0.025357 0.32
20 0.551506 0.493333 0.031696 0.32
25 0.595087 0.493333 0.033281 0.32
9 0.6458 0.38 0.058637 0.546667
10 0.704437 0.513333 0.030111 0.36
24 0.727417 0.493333 0.009509 0.32
16 0.76149 0.613333 0.052298 0.613333
25 0.807448 0.493333 0.033281 0.32
20 0.847861 0.493333 0.025357 0.32
0 0.877971 0.493333 0.028526 0.32
9 0.915214 0.346667 0.03962 0.666667
1 0.954041 0.52 0.031696 0.373333
24 0.980983 0.506667 0.015848 0.346667
