9 0.02572 0.38 0.05144 0.626667
0 0.075103 0.493333 0.039095 0.32
9 0.135802 0.366667 0.074074 0.626667
1 0.203704 0.493333 0.053498 0.32
5 0.265432 0.506667 0.041152 0.346667
20 0.306584 0.493333 0.032922 0.32
0 0.346708 0.493333 0.039095 0.32
0 0.397119 0.526667 0.032922 0.386667
1 0.442387 0.493333 0.049383 0.32
17 0.49177 0.493333 0.041152 0.32
0 0.534979 0.493333 0.037037 0.32
10 0.59465 0.493333 0.053498 0.32
24 0.635802 0.513333 0.020576 0.36
5 0.673868 0.493333 0.047325 0.32
19 0.728395 0.493333 0.053498 0.32
11 0.771605 0.493333 0.024691 0.32
3 0.81893 0.493333 0.041152 0.32
1 0.866255 0.493333 0.045267 0.32
20 0.915638 0.493333 0.045267 0.32
0 0.963992 0.493333 0.04321 0.32
