5 0.017213 0.493333 0.034426 0.32
11 0.052459 0.493333 0.029508 0.32
6 0.085246 0.493333 0.029508 0.32
9 0.121311 0.373333 0.036066 0.613333
11 0.155738 0.493333 0.02623 0.32
5 0.188525 0.493333 0.032787 0.32
10 0.237705 0.493333 0.042623 0.32
25 0.279508 0.493333 0.034426 0.32
16 0.327869 0.613333 0.055738 0.64
5 0.37541 0.493333 0.032787 0.32
9 0.418033 0.373333 0.045902 0.613333
24 0.455738 0.493333 0.022951 0.32
20 0.496721 0.5 0.036066 0.333333
0 0.545082 0.513333 0.054098 0.36
9 0.60082 0.373333 0.05082 0.64
7 0.651639 0.493333 0.044262 0.32
25 0.702459 0.493333 0.034426 0.32
3 0.740164 0.493333 0.034426 0.32
24 0.771311 0.493333 0.021311 0.32
18 0.798361 0.493333 0.02623 0.32
9 0.836066 0.38 0.042623 0.626667
0 0.87623 0.52 0.031148 0.373333
9 0.929508 0.366667 0.052459 0.626667
0 0.97377 0.493333 0.029508 0.32
