25 0.021467 0.52 0.042934 0.373333
1 0.073345 0.493333 0.053667 0.32
24 0.113596 0.493333 0.019678 0.32
4 0.144902 0.493333 0.035778 0.32
13 0.182469 0.493333 0.0322 0.32
20 0.225403 0.493333 0.028623 0.32
25 0.264758 0.506667 0.042934 0.346667
2 0.306798 0.493333 0.033989 0.32
5 0.358676 0.493333 0.044723 0.32
9 0.406977 0.373333 0.044723 0.613333
0 0.451699 0.493333 0.037567 0.32
25 0.495528 0.493333 0.042934 0.32
20 0.5322 0.513333 0.023256 0.36
19 0.568873 0.513333 0.042934 0.36
24 0.610018 0.493333 0.014311 0.32
24 0.628801 0.493333 0.0161 0.32
26 0.651163 0.493333 0.021467 0.32
0 0.684258 0.493333 0.037567 0.32
11 0.725403 0.493333 0.037567 0.32
24 0.766547 0.493333 0.019678 0.32
3 0.796064 0.5 0.0322 0.333333
2 0.834526 0.493333 0.037567 0.32
1 0.879249 0.493333 0.044723 0.32
10 0.930233 0.493333 0.0322 0.32
0 0.968694 0.526667 0.037567 0.386667
