5 0.024311 0.513333 0.048622 0.333333
17 0.068882 0.493333 0.034036 0.32
24 0.096434 0.493333 0.014587 0.32
5 0.122366 0.52 0.030794 0.373333
13 0.15316 0.493333 0.024311 0.32
17 0.1953 0.52 0.037277 0.373333
19 0.243112 0.493333 0.051864 0.32
0 0.285251 0.493333 0.025932 0.32
7 0.313614 0.493333 0.024311 0.32
17 0.350891 0.526667 0.027553 0.386667
19 0.39141 0.493333 0.047002 0.32
0 0.432739 0.493333 0.029173 0.32
5 0.47812 0.526667 0.038898 0.386667
19 0.520259 0.493333 0.038898 0.32
19 0.568882 0.493333 0.051864 0.32
17 0.619935 0.526667 0.027553 0.386667
19 0.662885 0.493333 0.051864 0.32
0 0.706645 0.52 0.029173 0.373333
12 0.742301 0.613333 0.019449 0.613333
11 0.765802 0.493333 0.02107 0.32
0 0.799028 0.493333 0.038898 0.32
13 0.833874 0.52 0.024311 0.373333
19 0.883306 0.493333 0.051864 0.32
25 0.931929 0.52 0.038898 0.373333
0 0.971637 0.5 0.034036 0.333333
