9 0.01634 0.373333 0.03268 0.613333
3 0.050654 0.493333 0.029412 0.32
2 0.088235 0.493333 0.039216 0.32
5 0.129902 0.493333 0.037582 0.32
9 0.180556 0.38 0.05719 0.626667
6 0.236111 0.493333 0.031046 0.32
24 0.263072 0.513333 0.01634 0.36
17 0.293301 0.52 0.037582 0.373333
16 0.35866 0.606667 0.070261 0.626667
9 0.416667 0.373333 0.039216 0.613333
11 0.451797 0.493333 0.02451 0.32
1 0.487745 0.493333 0.04085 0.32
5 0.539216 0.493333 0.039216 0.32
9 0.579248 0.38 0.034314 0.626667
2 0.625817 0.5 0.035948 0.333333
9 0.67402 0.366667 0.053922 0.626667
8 0.739379 0.606667 0.053922 0.626667
9 0.786765 0.366667 0.034314 0.626667
5 0.831699 0.506667 0.03268 0.346667
7 0.85866 0.493333 0.014706 0.32
0 0.889706 0.513333 0.04085 0.36
24 0.921569 0.493333 0.01634 0.32
5 0.95098 0.493333 0.035948 0.32
24 0.980392 0.493333 0.01634 0.32
