6 0.020588 0.493333 0.041176 0.32
7 0.056863 0.493333 0.023529 0.32
19 0.103922 0.5 0.062745 0.333333
20 0.166667 0.506667 0.054902 0.346667
0 0.216667 0.493333 0.037255 0.32
9 0.277451 0.366667 0.056863 0.626667
7 0.32549 0.493333 0.031373 0.32
5 0.366667 0.526667 0.043137 0.386667
13 0.408824 0.493333 0.033333 0.32
11 0.44902 0.493333 0.039216 0.32
0 0.503922 0.493333 0.043137 0.32
24 0.538235 0.493333 0.017647 0.32
9 0.57451 0.38 0.047059 0.626667
24 0.612745 0.493333 0.021569 0.32
11 0.644118 0.493333 0.033333 0.32
5 0.693137 0.493333 0.037255 0.32
7 0.738235 0.493333 0.045098 0.32
10 0.780392 0.513333 0.031373 0.36
1 0.819608 0.493333 0.039216 0.32
24 0.853922 0.493333 0.021569 0.32
25 0.9 0.493333 0.043137 0.32
9 0.955882 0.38 0.060784 0.626667
