9 0.020833 0.38 0.041667 0.626667
1 0.0625 0.493333 0.035 0.32
17 0.115 0.493333 0.046667 0.32
2 0.156667 0.493333 0.03 0.32
24 0.191667 0.493333 0.016667 0.32
7 0.211667 0.493333 0.016667 0.32
18 0.2375 0.493333 0.028333 0.32
13 0.26 0.493333 0.01 0.32
5 0.288333 0.493333 0.04 0.32
2 0.331667 0.493333 0.04 0.32
9 0.3875 0.393333 0.048333 0.653333
1 0.435833 0.493333 0.041667 0.32
10 0.486667 0.493333 0.036667 0.32
25 0.528333 0.493333 0.04 0.32
2 0.5725 0.493333 0.041667 0.32
17 0.6175 0.513333 0.041667 0.36
24 0.65 0.493333 0.016667 0.32
0 0.7025 0.526667 0.065 0.386667
17 0.754167 0.493333 0.031667 0.32
2 0.790833 0.493333 0.035 0.32
0 0.8375 0.493333 0.035 0.32
9 0.879167 0.38 0.041667 0.626667
9 0.930833 0.373333 0.038333 0.613333
0 0.970833 0.493333 0.035 0.32
