5 0.014305 0.493333 0.02861 0.32
17 0.042916 0.526667 0.023161 0.386667
18 0.072888 0.513333 0.031335 0.36
0 0.101499 0.493333 0.020436 0.32
3 0.130109 0.493333 0.017711 0.32
1 0.161444 0.5 0.03951 0.333333
25 0.19891 0.526667 0.029973 0.386667
11 0.228883 0.493333 0.024523 0.32
24 0.248638 0.493333 0.009537 0.32
17 0.271117 0.493333 0.029973 0.32
21 0.311308 0.493333 0.031335 0.32
24 0.336512 0.493333 0.013624 0.32
14 0.356948 0.493333 0.021798 0.32
19 0.393733 0.493333 0.046322 0.32
20 0.435286 0.513333 0.031335 0.36
5 0.476158 0.493333 0.031335 0.32
24 0.502725 0.493333 0.016349 0.32
20 0.536785 0.493333 0.032698 0.32
0 0.570845 0.493333 0.029973 0.32
16 0.626022 0.606667 0.061308 0.626667
17 0.675068 0.513333 0.031335 0.36
24 0.700272 0.493333 0.013624 0.32
0 0.723433 0.493333 0.027248 0.32
20 0.758174 0.493333 0.023161 0.32
0 0.785422 0.493333 0.025886 0.32
25 0.816076 0.526667 0.029973 0.386667
9 0.850817 0.38 0.03406 0.626667
1 0.88079 0.493333 0.020436 0.32
24 0.907357 0.513333 0.013624 0.36
14 0.930518 0.493333 0.027248 0.32
0 0.959128 0.493333 0.024523 0.32
24 0.982289 0.493333 0.016349 0.32
