17 0.014706 0.493333 0.029412 0.32
2 0.049265 0.526667 0.033824 0.386667
25 0.086765 0.52 0.035294 0.373333
16 0.134559 0.613333 0.054412 0.64
10 0.185294 0.526667 0.026471 0.386667
25 0.219118 0.493333 0.035294 0.32
17 0.254412 0.493333 0.029412 0.32
11 0.282353 0.493333 0.020588 0.32
24 0.310294 0.493333 0.014706 0.32
0 0.336029 0.493333 0.030882 0.32
5 0.375735 0.493333 0.027941 0.32
20 0.409559 0.493333 0.033824 0.32
0 0.447059 0.52 0.035294 0.373333
5 0.484559 0.493333 0.033824 0.32
14 0.516912 0.493333 0.025 0.32
0 0.552206 0.493333 0.039706 0.32
12 0.591176 0.613333 0.017647 0.613333
11 0.615441 0.493333 0.025 0.32
9 0.655147 0.366667 0.048529 0.626667
1 0.692647 0.493333 0.020588 0.32
12 0.719853 0.613333 0.013235 0.613333
11 0.738235 0.493333 0.017647 0.32
25 0.775 0.493333 0.035294 0.32
2 0.813235 0.493333 0.035294 0.32
0 0.847059 0.493333 0.026471 0.32
1 0.892647 0.493333 0.044118 0.32
9 0.935294 0.38 0.035294 0.626667
18 0.972794 0.493333 0.033824 0.32
