0 0.020971 0.493333 0.041943 0.32
24 0.059603 0.486667 0.02649 0.306667
5 0.104857 0.493333 0.050773 0.32
19 0.163355 0.493333 0.057395 0.32
3 0.229581 0.493333 0.04415 0.32
1 0.282561 0.526667 0.05298 0.386667
24 0.336645 0.493333 0.024283 0.32
25 0.377483 0.493333 0.048565 0.32
6 0.430464 0.493333 0.048565 0.32
0 0.484547 0.513333 0.050773 0.36
10 0.547461 0.493333 0.04415 0.32
5 0.596026 0.493333 0.04415 0.32
24 0.631347 0.493333 0.01766 0.32
9 0.672185 0.38 0.055188 0.626667
0 0.727373 0.493333 0.046358 0.32
8 0.801325 0.606667 0.07064 0.626667
25 0.86755 0.52 0.05298 0.373333
17 0.912804 0.506667 0.028698 0.346667
2 0.958057 0.52 0.05298 0.373333
