25 0.012531 0.493333 0.025063 0.32
3 0.04386 0.493333 0.032581 0.32
20 0.077068 0.493333 0.028822 0.32
0 0.106516 0.493333 0.025063 0.32
5 0.142857 0.493333 0.030075 0.32
24 0.167293 0.493333 0.013784 0.32
5 0.195489 0.5 0.037594 0.333333
25 0.229323 0.493333 0.025063 0.32
9 0.262531 0.36 0.036341 0.64
25 0.302005 0.493333 0.025063 0.32
2 0.33584 0.493333 0.037594 0.32
19 0.374687 0.493333 0.035088 0.32
20 0.405388 0.493333 0.021303 0.32
0 0.434837 0.493333 0.032581 0.32
5 0.474937 0.493333 0.030075 0.32
11 0.502506 0.493333 0.02005 0.32
5 0.533208 0.493333 0.036341 0.32
11 0.563283 0.493333 0.018797 0.32
1 0.596491 0.493333 0.030075 0.32
3 0.62594 0.493333 0.02381 0.32
20 0.652882 0.5 0.025063 0.333333
5 0.686717 0.5 0.025063 0.333333
7 0.712406 0.493333 0.021303 0.32
5 0.736842 0.52 0.022556 0.373333
24 0.756266 0.493333 0.011278 0.32
24 0.776316 0.493333 0.02381 0.32
9 0.815163 0.366667 0.036341 0.626667
0 0.848371 0.493333 0.025063 0.32
17 0.87594 0.493333 0.025063 0.32
19 0.909774 0.52 0.037594 0.373333
25 0.944862 0.526667 0.027569 0.386667
2 0.97619 0.493333 0.030075 0.32
