9 0.037313 0.373333 0.074627 0.613333
1 0.115672 0.52 0.072139 0.373333
24 0.169154 0.493333 0.024876 0.32
0 0.212687 0.52 0.052239 0.373333
9 0.271144 0.38 0.054726 0.626667
24 0.328358 0.493333 0.024876 0.32
0 0.368159 0.493333 0.044776 0.32
25 0.435323 0.493333 0.054726 0.32
19 0.504975 0.52 0.074627 0.373333
13 0.56592 0.493333 0.037313 0.32
0 0.621891 0.513333 0.064677 0.36
24 0.672886 0.493333 0.027363 0.32
0 0.715174 0.52 0.047264 0.373333
17 0.781095 0.493333 0.049751 0.32
25 0.840796 0.493333 0.059701 0.32
1 0.902985 0.493333 0.054726 0.32
2 0.958955 0.493333 0.047264 0.32
