9 0.031959 0.38 0.063918 0.626667
0 0.096907 0.52 0.057732 0.373333
0 0.148454 0.52 0.037113 0.373333
25 0.192784 0.493333 0.043299 0.32
7 0.231959 0.493333 0.026804 0.32
5 0.278351 0.506667 0.037113 0.346667
26 0.309278 0.493333 0.016495 0.32
9 0.360825 0.373333 0.057732 0.613333
0 0.418557 0.493333 0.049485 0.32
0 0.468041 0.5 0.041237 0.333333
24 0.507216 0.493333 0.028866 0.32
9 0.565979 0.373333 0.080412 0.64
25 0.645361 0.506667 0.049485 0.346667
3 0.68866 0.506667 0.028866 0.346667
3 0.730928 0.493333 0.026804 0.32
1 0.773196 0.493333 0.049485 0.32
9 0.841237 0.366667 0.057732 0.653333
7 0.891753 0.513333 0.035052 0.36
9 0.949485 0.38 0.072165 0.626667
