25 0.038462 0.5 0.076923 0.333333
3 0.10641 0.5 0.048718 0.333333
20 0.165385 0.493333 0.058974 0.32
3 0.224359 0.493333 0.048718 0.32
13 0.271795 0.493333 0.035897 0.32
12 0.326923 0.606667 0.038462 0.626667
7 0.369231 0.493333 0.035897 0.32
2 0.417949 0.493333 0.051282 0.32
24 0.461538 0.493333 0.025641 0.32
20 0.502564 0.493333 0.046154 0.32
7 0.553846 0.52 0.046154 0.373333
5 0.619231 0.493333 0.048718 0.32
11 0.673077 0.493333 0.048718 0.32
7 0.723077 0.493333 0.041026 0.32
6 0.774359 0.493333 0.051282 0.32
2 0.832051 0.493333 0.053846 0.32
0 0.903846 0.493333 0.053846 0.32
3 0.958974 0.5 0.046154 0.333333
