5 0.014851 0.506667 0.029703 0.346667
11 0.042433 0.493333 0.019802 0.32
9 0.074965 0.373333 0.039604 0.613333
19 0.114569 0.493333 0.033946 0.32
24 0.148515 0.526667 0.014144 0.386667
20 0.171853 0.506667 0.026874 0.346667
25 0.203678 0.493333 0.031117 0.32
17 0.239745 0.493333 0.035361 0.32
2 0.273692 0.513333 0.026874 0.36
26 0.30198 0.493333 0.009901 0.32
0 0.321075 0.493333 0.022631 0.32
3 0.356436 0.493333 0.028289 0.32
2 0.386846 0.513333 0.026874 0.36
25 0.427157 0.493333 0.033946 0.32
7 0.462518 0.493333 0.031117 0.32
20 0.502122 0.493333 0.028289 0.32
25 0.536068 0.506667 0.033946 0.346667
2 0.574257 0.493333 0.036775 0.32
7 0.607496 0.493333 0.024045 0.32
7 0.634371 0.493333 0.024045 0.32
20 0.67256 0.493333 0.032532 0.32
24 0.697313 0.493333 0.011315 0.32
18 0.720651 0.506667 0.029703 0.346667
7 0.751768 0.493333 0.026874 0.32
9 0.787836 0.373333 0.039604 0.613333
20 0.833805 0.493333 0.032532 0.32
0 0.868458 0.513333 0.031117 0.36
0 0.903819 0.493333 0.033946 0.32
24 0.930693 0.493333 0.014144 0.32
9 0.965347 0.38 0.049505 0.626667
