9 0.026201 0.373333 0.052402 0.613333
0 0.086245 0.493333 0.058952 0.32
9 0.167031 0.366667 0.072052 0.626667
0 0.230349 0.493333 0.045852 0.32
16 0.296943 0.613333 0.056769 0.613333
3 0.348253 0.493333 0.037118 0.32
17 0.398472 0.493333 0.032751 0.32
24 0.430131 0.493333 0.021834 0.32
16 0.475983 0.613333 0.061135 0.613333
11 0.528384 0.493333 0.034934 0.32
9 0.584061 0.386667 0.067686 0.64
9 0.659389 0.373333 0.052402 0.613333
0 0.718341 0.493333 0.056769 0.32
20 0.767467 0.513333 0.032751 0.36
0 0.811135 0.493333 0.045852 0.32
9 0.885371 0.38 0.072052 0.626667
1 0.95524 0.493333 0.058952 0.32
