20 0.020236 0.493333 0.040472 0.32
11 0.059022 0.493333 0.030354 0.32
25 0.094435 0.493333 0.033727 0.32
9 0.142496 0.366667 0.055649 0.626667
25 0.202361 0.506667 0.040472 0.346667
3 0.23946 0.52 0.026981 0.373333
17 0.271501 0.493333 0.030354 0.32
19 0.317875 0.52 0.055649 0.373333
0 0.365936 0.493333 0.033727 0.32
25 0.41484 0.52 0.040472 0.373333
13 0.450253 0.513333 0.023609 0.36
2 0.484823 0.493333 0.038786 0.32
20 0.522766 0.513333 0.030354 0.36
0 0.565767 0.493333 0.048904 0.32
5 0.621417 0.493333 0.038786 0.32
2 0.665261 0.493333 0.042159 0.32
25 0.715008 0.493333 0.033727 0.32
3 0.747049 0.493333 0.023609 0.32
9 0.791737 0.38 0.042159 0.626667
0 0.835582 0.52 0.038786 0.373333
9 0.881113 0.373333 0.045531 0.613333
24 0.913997 0.493333 0.013491 0.32
7 0.935919 0.493333 0.023609 0.32
2 0.969646 0.493333 0.037099 0.32
