9 0.033408 0.373333 0.062361 0.613333
1 0.109131 0.5 0.075724 0.333333
9 0.175947 0.393333 0.048998 0.653333
0 0.226058 0.493333 0.042316 0.32
3 0.286192 0.493333 0.046771 0.32
1 0.340757 0.513333 0.053452 0.36
20 0.39755 0.493333 0.051225 0.32
25 0.449889 0.493333 0.044543 0.32
24 0.489978 0.486667 0.026726 0.306667
5 0.533408 0.493333 0.046771 0.32
11 0.5902 0.493333 0.035635 0.32
1 0.64588 0.493333 0.066815 0.32
20 0.701559 0.493333 0.035635 0.32
24 0.734967 0.526667 0.022272 0.386667
13 0.767261 0.506667 0.033408 0.346667
26 0.796214 0.493333 0.01559 0.32
3 0.839644 0.5 0.040089 0.333333
6 0.884187 0.513333 0.040089 0.36
14 0.92539 0.486667 0.033408 0.333333
11 0.965479 0.493333 0.037862 0.32
