5 0.014797 0.493333 0.029593 0.32
11 0.041307 0.493333 0.018496 0.32
20 0.068434 0.493333 0.030826 0.32
24 0.093095 0.493333 0.013564 0.32
0 0.11529 0.493333 0.025894 0.32
25 0.151665 0.493333 0.029593 0.32
17 0.180641 0.493333 0.023428 0.32
11 0.204686 0.526667 0.019729 0.386667
20 0.231196 0.493333 0.01603 0.32
24 0.249075 0.486667 0.014797 0.306667
11 0.268804 0.493333 0.017263 0.32
19 0.294698 0.493333 0.029593 0.32
5 0.331689 0.493333 0.027127 0.32
7 0.358816 0.493333 0.022195 0.32
10 0.380395 0.493333 0.01603 0.32
1 0.405672 0.493333 0.029593 0.32
5 0.448829 0.506667 0.051788 0.32
20 0.493218 0.493333 0.019729 0.32
0 0.516646 0.513333 0.022195 0.36
24 0.538841 0.493333 0.017263 0.32
25 0.574599 0.493333 0.036991 0.32
3 0.604809 0.5 0.018496 0.333333
18 0.630703 0.513333 0.02836 0.36
24 0.654131 0.493333 0.013564 0.32
11 0.673859 0.486667 0.020962 0.306667
2 0.699753 0.493333 0.023428 0.32
12 0.72873 0.613333 0.017263 0.613333
11 0.750925 0.493333 0.022195 0.32
5 0.776819 0.493333 0.024661 0.32
9 0.811344 0.38 0.027127 0.626667
1 0.839704 0.493333 0.024661 0.32
9 0.877312 0.373333 0.033292 0.613333
19 0.915536 0.493333 0.038224 0.32
9 0.950678 0.373333 0.027127 0.613333
0 0.979038 0.493333 0.024661 0.32
