12 0.012615 0.613333 0.025229 0.613333
24 0.037844 0.493333 0.016055 0.32
17 0.073394 0.513333 0.045872 0.36
24 0.116972 0.493333 0.03211 0.32
9 0.176606 0.38 0.055046 0.626667
1 0.230505 0.493333 0.043578 0.32
12 0.275229 0.586667 0.036697 0.666667
11 0.319954 0.493333 0.043578 0.32
24 0.356651 0.493333 0.020642 0.32
9 0.40367 0.373333 0.041284 0.64
0 0.449541 0.493333 0.041284 0.32
9 0.510321 0.38 0.071101 0.626667
6 0.573394 0.493333 0.045872 0.32
16 0.643349 0.606667 0.084862 0.626667
25 0.724771 0.493333 0.045872 0.32
13 0.769495 0.493333 0.034404 0.32
7 0.81078 0.493333 0.038991 0.32
19 0.873853 0.493333 0.077982 0.32
9 0.950688 0.366667 0.066514 0.626667
