0 0.017012 0.52 0.034024 0.373333
9 0.059911 0.373333 0.045858 0.613333
12 0.095414 0.613333 0.019231 0.613333
7 0.119822 0.493333 0.023669 0.32
9 0.150148 0.366667 0.031065 0.626667
1 0.186391 0.493333 0.035503 0.32
24 0.223373 0.493333 0.017751 0.32
24 0.242604 0.493333 0.014793 0.32
5 0.267012 0.493333 0.028107 0.32
2 0.297337 0.52 0.026627 0.373333
5 0.336538 0.493333 0.031065 0.32
11 0.369822 0.493333 0.029586 0.32
2 0.411982 0.493333 0.048817 0.32
25 0.468935 0.5 0.044379 0.333333
7 0.506657 0.5 0.025148 0.333333
0 0.537722 0.493333 0.031065 0.32
25 0.571746 0.493333 0.031065 0.32
5 0.607249 0.493333 0.034024 0.32
19 0.659763 0.493333 0.050296 0.32
25 0.702663 0.493333 0.029586 0.32
0 0.738166 0.493333 0.035503 0.32
12 0.769231 0.613333 0.02071 0.613333
25 0.800296 0.506667 0.035503 0.346667
11 0.83284 0.506667 0.023669 0.346667
20 0.872041 0.493333 0.034024 0.32
24 0.898669 0.493333 0.013314 0.32
13 0.917899 0.493333 0.019231 0.32
1 0.943047 0.493333 0.025148 0.32
9 0.973373 0.333333 0.029586 0.506667
