20 0.025974 0.493333 0.051948 0.32
0 0.075758 0.493333 0.038961 0.32
24 0.109307 0.493333 0.019481 0.32
5 0.152597 0.493333 0.058442 0.32
9 0.215368 0.36 0.058442 0.666667
0 0.269481 0.513333 0.041126 0.36
9 0.339827 0.36 0.069264 0.666667
0 0.397186 0.5 0.036797 0.333333
24 0.431818 0.493333 0.02381 0.32
9 0.474026 0.373333 0.051948 0.613333
9 0.541126 0.373333 0.051948 0.613333
24 0.582251 0.493333 0.021645 0.32
3 0.614719 0.513333 0.034632 0.36
4 0.655844 0.513333 0.038961 0.36
20 0.711039 0.513333 0.041126 0.36
1 0.761905 0.493333 0.051948 0.32
19 0.8171 0.493333 0.049784 0.32
20 0.871212 0.493333 0.049784 0.32
12 0.925325 0.613333 0.028139 0.64
11 0.964286 0.493333 0.041126 0.32
