20 0.020619 0.493333 0.041237 0.32
0 0.07732 0.493333 0.061856 0.32
9 0.150773 0.36 0.074742 0.64
7 0.208763 0.493333 0.030928 0.32
2 0.256443 0.493333 0.054124 0.32
20 0.32732 0.493333 0.051546 0.32
24 0.373711 0.486667 0.030928 0.306667
7 0.412371 0.493333 0.030928 0.32
17 0.454897 0.526667 0.043814 0.386667
2 0.510309 0.493333 0.056701 0.32
20 0.57732 0.493333 0.041237 0.32
0 0.625 0.493333 0.043814 0.32
11 0.677835 0.513333 0.051546 0.36
21 0.731959 0.493333 0.046392 0.32
2 0.787371 0.493333 0.054124 0.32
8 0.856959 0.606667 0.048969 0.626667
17 0.907216 0.493333 0.041237 0.32
0 0.957474 0.493333 0.048969 0.32
