9 0.035948 0.366667 0.071895 0.626667
0 0.102397 0.493333 0.052288 0.32
24 0.140523 0.493333 0.015251 0.32
0 0.173203 0.493333 0.041394 0.32
13 0.214597 0.493333 0.03268 0.32
19 0.263617 0.493333 0.056645 0.32
10 0.328976 0.493333 0.043573 0.32
5 0.384532 0.493333 0.058824 0.32
2 0.453159 0.493333 0.04793 0.32
9 0.510893 0.4 0.058824 0.666667
6 0.567538 0.493333 0.045752 0.32
5 0.622004 0.493333 0.054466 0.32
10 0.679739 0.493333 0.030501 0.32
25 0.72549 0.493333 0.052288 0.32
9 0.79085 0.386667 0.065359 0.56
24 0.83878 0.526667 0.021786 0.386667
9 0.892157 0.38 0.076253 0.626667
4 0.959695 0.493333 0.050109 0.32
