17 0.018939 0.493333 0.037879 0.32
0 0.056061 0.493333 0.030303 0.32
24 0.079545 0.493333 0.010606 0.32
10 0.111364 0.493333 0.031818 0.32
4 0.162121 0.513333 0.063636 0.333333
1 0.222727 0.493333 0.036364 0.32
17 0.262121 0.493333 0.036364 0.32
17 0.298485 0.513333 0.030303 0.36
19 0.340152 0.493333 0.04697 0.32
0 0.380303 0.526667 0.027273 0.386667
9 0.417424 0.38 0.040909 0.626667
25 0.464394 0.493333 0.031818 0.32
7 0.493182 0.506667 0.019697 0.346667
20 0.525758 0.493333 0.024242 0.32
2 0.556061 0.493333 0.030303 0.32
19 0.593939 0.493333 0.039394 0.32
6 0.632576 0.493333 0.031818 0.32
11 0.661364 0.506667 0.019697 0.346667
5 0.69697 0.513333 0.030303 0.36
13 0.725758 0.493333 0.021212 0.32
19 0.764394 0.493333 0.05 0.32
2 0.812121 0.513333 0.039394 0.36
20 0.85 0.493333 0.030303 0.32
25 0.886364 0.493333 0.036364 0.32
9 0.931818 0.373333 0.033333 0.613333
24 0.957576 0.493333 0.012121 0.32
7 0.97803 0.526667 0.022727 0.386667
