10 0.019465 0.493333 0.038929 0.32
9 0.074209 0.373333 0.060827 0.613333
24 0.125304 0.493333 0.03163 0.32
1 0.16545 0.493333 0.038929 0.32
10 0.223844 0.52 0.043796 0.373333
25 0.277372 0.493333 0.053528 0.32
19 0.339416 0.493333 0.060827 0.32
11 0.396594 0.5 0.043796 0.333333
6 0.446472 0.493333 0.046229 0.32
9 0.525547 0.38 0.077859 0.626667
0 0.590024 0.506667 0.041363 0.346667
25 0.656934 0.493333 0.058394 0.32
7 0.705596 0.493333 0.029197 0.32
0 0.760341 0.526667 0.046229 0.386667
25 0.824818 0.5 0.072993 0.333333
2 0.895377 0.493333 0.058394 0.32
25 0.956204 0.493333 0.053528 0.32
