10 0.022546 0.493333 0.045093 0.32
1 0.082228 0.493333 0.06366 0.32
9 0.159151 0.38 0.079576 0.626667
24 0.217507 0.493333 0.026525 0.32
7 0.265252 0.493333 0.058355 0.32
24 0.312997 0.493333 0.026525 0.32
12 0.363395 0.62 0.037135 0.626667
7 0.407162 0.52 0.039788 0.373333
25 0.485411 0.493333 0.079576 0.32
3 0.558355 0.493333 0.055703 0.32
3 0.625995 0.5 0.04244 0.333333
1 0.679045 0.493333 0.05305 0.32
19 0.758621 0.493333 0.095491 0.32
3 0.843501 0.5 0.06366 0.333333
16 0.931034 0.606667 0.100796 0.626667
