25 0.018272 0.493333 0.036545 0.32
5 0.059801 0.493333 0.039867 0.32
24 0.098837 0.493333 0.01495 0.32
9 0.135382 0.373333 0.051495 0.64
25 0.190199 0.493333 0.034884 0.32
5 0.230897 0.493333 0.039867 0.32
0 0.267442 0.493333 0.026578 0.32
2 0.301495 0.5 0.034884 0.333333
24 0.330565 0.493333 0.016611 0.32
2 0.359635 0.493333 0.034884 0.32
10 0.404485 0.493333 0.031561 0.32
0 0.445183 0.493333 0.043189 0.32
25 0.487542 0.493333 0.034884 0.32
3 0.521595 0.52 0.026578 0.373333
1 0.564784 0.513333 0.036545 0.36
3 0.611296 0.5 0.049834 0.333333
24 0.651993 0.493333 0.024917 0.32
25 0.684385 0.493333 0.033223 0.32
9 0.727575 0.38 0.0299 0.626667
0 0.763289 0.493333 0.034884 0.32
24 0.791528 0.493333 0.01495 0.32
10 0.828904 0.5 0.036545 0.333333
13 0.865449 0.493333 0.0299 0.32
24 0.892857 0.493333 0.018272 0.32
17 0.921927 0.513333 0.033223 0.36
2 0.965116 0.493333 0.046512 0.32
