25 0.021307 0.493333 0.042614 0.32
3 0.060369 0.493333 0.02983 0.32
25 0.09375 0.526667 0.03125 0.386667
6 0.12571 0.493333 0.026989 0.32
24 0.147017 0.493333 0.009943 0.32
17 0.169034 0.513333 0.028409 0.36
10 0.203125 0.493333 0.019886 0.32
9 0.234375 0.373333 0.036932 0.613333
12 0.262784 0.613333 0.014205 0.613333
24 0.28054 0.493333 0.015625 0.32
17 0.304688 0.493333 0.026989 0.32
20 0.34446 0.5 0.03267 0.333333
0 0.379261 0.506667 0.03125 0.346667
9 0.423295 0.366667 0.036932 0.706667
7 0.458097 0.493333 0.026989 0.32
0 0.488636 0.493333 0.028409 0.32
24 0.517045 0.493333 0.022727 0.32
9 0.552557 0.373333 0.042614 0.613333
5 0.597301 0.493333 0.026989 0.32
9 0.639915 0.38 0.052557 0.626667
0 0.683239 0.493333 0.028409 0.32
17 0.721591 0.493333 0.028409 0.32
0 0.754261 0.513333 0.03125 0.36
2 0.790483 0.526667 0.035511 0.386667
5 0.825994 0.493333 0.02983 0.32
5 0.863636 0.513333 0.025568 0.36
2 0.896307 0.526667 0.034091 0.386667
5 0.942472 0.493333 0.038352 0.32
17 0.977273 0.493333 0.025568 0.32
