10 0.024793 0.493333 0.049587 0.32
25 0.088154 0.493333 0.066116 0.32
5 0.15978 0.493333 0.066116 0.32
5 0.227273 0.493333 0.057851 0.32
24 0.274105 0.493333 0.024793 0.32
25 0.334711 0.493333 0.057851 0.32
3 0.389807 0.493333 0.041322 0.32
20 0.451791 0.493333 0.044077 0.32
6 0.501377 0.493333 0.044077 0.32
19 0.567493 0.493333 0.077135 0.32
11 0.640496 0.493333 0.057851 0.32
25 0.721763 0.493333 0.066116 0.32
3 0.782369 0.493333 0.044077 0.32
7 0.830579 0.493333 0.041322 0.32
20 0.893939 0.493333 0.046832 0.32
0 0.951791 0.493333 0.057851 0.32
