24 0.009259 0.506667 0.018519 0.346667
5 0.039815 0.526667 0.035185 0.386667
25 0.080556 0.493333 0.038889 0.32
2 0.126852 0.493333 0.046296 0.32
0 0.172222 0.493333 0.037037 0.32
12 0.214815 0.613333 0.022222 0.613333
3 0.248148 0.493333 0.037037 0.32
20 0.301852 0.493333 0.044444 0.32
0 0.350926 0.493333 0.046296 0.32
21 0.4 0.493333 0.044444 0.32
6 0.446296 0.526667 0.040741 0.386667
10 0.497222 0.5 0.035185 0.333333
5 0.540741 0.493333 0.044444 0.32
11 0.583333 0.493333 0.033333 0.32
25 0.622222 0.493333 0.037037 0.32
13 0.662037 0.493333 0.035185 0.32
24 0.694444 0.493333 0.022222 0.32
10 0.734259 0.493333 0.031481 0.32
0 0.774074 0.493333 0.040741 0.32
20 0.825 0.493333 0.035185 0.32
1 0.866667 0.493333 0.040741 0.32
20 0.917593 0.493333 0.035185 0.32
0 0.962963 0.493333 0.048148 0.32
