10 0.009566 0.493333 0.019133 0.32
5 0.035714 0.493333 0.028061 0.32
10 0.065051 0.526667 0.02551 0.386667
5 0.09375 0.493333 0.026786 0.32
9 0.123087 0.38 0.026786 0.626667
9 0.158801 0.373333 0.026786 0.613333
0 0.1875 0.493333 0.02551 0.32
5 0.223214 0.493333 0.028061 0.32
7 0.251276 0.506667 0.022959 0.346667
18 0.277423 0.493333 0.024235 0.32
25 0.305485 0.493333 0.026786 0.32
7 0.329719 0.513333 0.016582 0.36
24 0.353954 0.493333 0.014031 0.32
2 0.377551 0.506667 0.028061 0.346667
24 0.403699 0.493333 0.019133 0.32
0 0.431122 0.493333 0.017857 0.32
9 0.456633 0.393333 0.028061 0.653333
20 0.491709 0.493333 0.024235 0.32
25 0.52551 0.493333 0.038265 0.32
5 0.558673 0.52 0.022959 0.373333
11 0.582908 0.526667 0.020408 0.386667
5 0.609056 0.513333 0.026786 0.36
9 0.640306 0.373333 0.030612 0.64
12 0.674107 0.613333 0.019133 0.613333
11 0.696429 0.506667 0.020408 0.346667
8 0.734694 0.606667 0.038265 0.626667
25 0.76977 0.493333 0.026786 0.32
0 0.80676 0.493333 0.042092 0.32
5 0.844388 0.493333 0.028061 0.32
25 0.876276 0.52 0.030612 0.373333
5 0.908801 0.493333 0.029337 0.32
26 0.9375 0.493333 0.010204 0.32
17 0.95727 0.493333 0.024235 0.32
11 0.981505 0.493333 0.019133 0.32
