5 0.015152 0.493333 0.030303 0.32
11 0.045455 0.493333 0.024242 0.32
5 0.078788 0.493333 0.036364 0.32
0 0.113636 0.493333 0.027273 0.32
25 0.146212 0.493333 0.031818 0.32
7 0.178788 0.506667 0.027273 0.346667
4 0.221212 0.493333 0.036364 0.32
9 0.262121 0.38 0.039394 0.626667
14 0.297727 0.493333 0.025758 0.32
24 0.320455 0.493333 0.013636 0.32
5 0.35303 0.5 0.030303 0.333333
19 0.39697 0.493333 0.051515 0.32
13 0.437879 0.493333 0.024242 0.32
11 0.462879 0.493333 0.019697 0.32
24 0.490152 0.493333 0.013636 0.32
2 0.516667 0.493333 0.033333 0.32
9 0.559848 0.373333 0.04697 0.64
1 0.600758 0.493333 0.028788 0.32
24 0.628788 0.493333 0.021212 0.32
12 0.658333 0.613333 0.016667 0.613333
6 0.684091 0.493333 0.028788 0.32
24 0.723485 0.493333 0.028788 0.32
9 0.761364 0.373333 0.040909 0.613333
24 0.793182 0.493333 0.016667 0.32
7 0.811364 0.493333 0.013636 0.32
5 0.844697 0.493333 0.031818 0.32
7 0.875758 0.493333 0.024242 0.32
2 0.908333 0.493333 0.034848 0.32
9 0.958333 0.38 0.056061 0.546667
