20 0.015823 0.493333 0.031646 0.32
0 0.052215 0.493333 0.03481 0.32
24 0.079905 0.493333 0.014241 0.32
5 0.113133 0.526667 0.030063 0.386667
7 0.141614 0.493333 0.02057 0.32
10 0.170095 0.493333 0.030063 0.32
0 0.210443 0.493333 0.044304 0.32
20 0.260285 0.493333 0.033228 0.32
0 0.295095 0.493333 0.030063 0.32
20 0.331487 0.5 0.036392 0.333333
20 0.36788 0.5 0.030063 0.333333
9 0.407437 0.38 0.042722 0.626667
9 0.46519 0.386667 0.047468 0.56
24 0.498418 0.493333 0.012658 0.32
7 0.518987 0.493333 0.022152 0.32
20 0.549051 0.493333 0.031646 0.32
0 0.58307 0.493333 0.030063 0.32
25 0.625791 0.493333 0.033228 0.32
16 0.667722 0.606667 0.044304 0.626667
24 0.704114 0.493333 0.022152 0.32
6 0.732595 0.513333 0.028481 0.36
1 0.776899 0.493333 0.037975 0.32
3 0.811709 0.493333 0.025316 0.32
25 0.851266 0.5 0.047468 0.333333
24 0.886867 0.493333 0.017405 0.32
25 0.925633 0.506667 0.037975 0.346667
9 0.968354 0.373333 0.041139 0.613333
