24 0.014103 0.493333 0.028205 0.32
24 0.047436 0.493333 0.028205 0.32
9 0.112821 0.373333 0.066667 0.613333
0 0.174359 0.493333 0.046154 0.32
5 0.229487 0.493333 0.053846 0.32
9 0.30641 0.373333 0.089744 0.64
5 0.401282 0.493333 0.064103 0.32
26 0.45 0.493333 0.023077 0.32
5 0.491026 0.493333 0.048718 0.32
20 0.561538 0.493333 0.05641 0.32
1 0.634615 0.493333 0.079487 0.32
0 0.70641 0.493333 0.053846 0.32
9 0.776923 0.36 0.076923 0.64
0 0.860256 0.52 0.053846 0.373333
24 0.907692 0.493333 0.030769 0.32
9 0.953846 0.333333 0.051282 0.506667
