25 0.014443 0.493333 0.028886 0.32
7 0.043329 0.513333 0.023384 0.36
24 0.070839 0.493333 0.01238 0.32
24 0.086657 0.5 0.013755 0.333333
20 0.11348 0.493333 0.020633 0.32
25 0.14099 0.493333 0.028886 0.32
2 0.174691 0.526667 0.033012 0.386667
11 0.202889 0.513333 0.017882 0.36
16 0.246905 0.613333 0.050894 0.64
26 0.279917 0.52 0.009629 0.373333
6 0.299175 0.493333 0.023384 0.32
24 0.318432 0.493333 0.009629 0.32
5 0.345942 0.493333 0.026135 0.32
19 0.374828 0.493333 0.026135 0.32
0 0.405089 0.493333 0.028886 0.32
12 0.440165 0.586667 0.022008 0.666667
11 0.464924 0.493333 0.022008 0.32
5 0.495186 0.493333 0.033012 0.32
1 0.533012 0.493333 0.037139 0.32
2 0.568088 0.493333 0.02751 0.32
19 0.606602 0.5 0.044017 0.333333
5 0.654746 0.493333 0.033012 0.32
2 0.687758 0.493333 0.02751 0.32
25 0.719395 0.526667 0.030261 0.386667
17 0.751032 0.493333 0.02751 0.32
11 0.777166 0.493333 0.019257 0.32
5 0.817056 0.5 0.041265 0.333333
2 0.856946 0.526667 0.033012 0.386667
10 0.896836 0.493333 0.02751 0.32
5 0.927785 0.493333 0.028886 0.32
12 0.956671 0.62 0.023384 0.626667
11 0.980743 0.493333 0.019257 0.32
