5 0.023422 0.493333 0.046843 0.32
3 0.070265 0.493333 0.038697 0.32
6 0.110998 0.493333 0.034623 0.32
7 0.149695 0.493333 0.034623 0.32
9 0.207739 0.373333 0.052953 0.613333
0 0.254582 0.526667 0.032587 0.386667
17 0.295316 0.493333 0.040733 0.32
19 0.350305 0.493333 0.0611 0.32
0 0.405295 0.52 0.040733 0.373333
25 0.464358 0.493333 0.04888 0.32
9 0.537678 0.38 0.089613 0.626667
5 0.604888 0.526667 0.03666 0.386667
11 0.645621 0.493333 0.03666 0.32
19 0.695519 0.493333 0.05499 0.32
5 0.758656 0.513333 0.038697 0.36
13 0.797352 0.493333 0.03055 0.32
0 0.839104 0.5 0.044807 0.333333
25 0.887984 0.493333 0.044807 0.32
9 0.933809 0.38 0.038697 0.626667
0 0.971487 0.513333 0.028513 0.36
