5 0.017442 0.493333 0.034884 0.32
24 0.043189 0.526667 0.009967 0.386667
5 0.078073 0.493333 0.036545 0.32
2 0.114618 0.513333 0.0299 0.36
16 0.156146 0.613333 0.046512 0.613333
13 0.195183 0.493333 0.024917 0.32
24 0.223422 0.493333 0.024917 0.32
24 0.256645 0.493333 0.018272 0.32
17 0.284053 0.493333 0.0299 0.32
19 0.328073 0.493333 0.051495 0.32
14 0.371262 0.493333 0.028239 0.32
5 0.416944 0.493333 0.039867 0.32
3 0.460963 0.493333 0.041528 0.32
1 0.499169 0.493333 0.028239 0.32
5 0.534884 0.526667 0.036545 0.386667
20 0.583887 0.493333 0.038206 0.32
19 0.630399 0.493333 0.048173 0.32
24 0.671096 0.493333 0.026578 0.32
9 0.70598 0.373333 0.036545 0.613333
19 0.751661 0.493333 0.048173 0.32
19 0.810631 0.493333 0.046512 0.32
25 0.857143 0.493333 0.039867 0.32
0 0.893688 0.493333 0.026578 0.32
20 0.923588 0.493333 0.026578 0.32
0 0.95515 0.506667 0.0299 0.346667
24 0.980897 0.493333 0.01495 0.32
