17 0.016371 0.493333 0.032742 0.32
2 0.049795 0.493333 0.028649 0.32
3 0.080491 0.493333 0.027285 0.32
9 0.123465 0.38 0.053206 0.626667
8 0.172578 0.606667 0.025921 0.626667
24 0.193042 0.493333 0.00955 0.32
10 0.217599 0.493333 0.020464 0.32
1 0.252387 0.506667 0.043656 0.346667
25 0.291951 0.493333 0.030014 0.32
7 0.3206 0.493333 0.021828 0.32
20 0.346521 0.493333 0.024557 0.32
0 0.375171 0.5 0.027285 0.333333
6 0.416098 0.493333 0.035471 0.32
7 0.446794 0.493333 0.020464 0.32
24 0.466576 0.493333 0.013643 0.32
13 0.48704 0.493333 0.021828 0.32
5 0.521828 0.493333 0.028649 0.32
19 0.561392 0.52 0.04502 0.373333
24 0.593452 0.493333 0.013643 0.32
1 0.625512 0.493333 0.04502 0.32
17 0.671214 0.493333 0.027285 0.32
24 0.695089 0.493333 0.015007 0.32
0 0.719645 0.493333 0.028649 0.32
2 0.761937 0.493333 0.036835 0.32
24 0.790587 0.493333 0.015007 0.32
26 0.806276 0.493333 0.010914 0.32
1 0.828104 0.493333 0.027285 0.32
9 0.864939 0.38 0.040928 0.653333
3 0.906548 0.5 0.023192 0.333333
6 0.933834 0.493333 0.025921 0.32
25 0.969986 0.493333 0.040928 0.32
