25 0.027842 0.493333 0.055684 0.32
7 0.077726 0.526667 0.034803 0.386667
17 0.117169 0.493333 0.034803 0.32
0 0.163573 0.493333 0.048724 0.32
2 0.216937 0.493333 0.048724 0.32
5 0.281903 0.506667 0.048724 0.32
20 0.330626 0.493333 0.039443 0.32
0 0.381671 0.493333 0.053364 0.32
1 0.458237 0.493333 0.067285 0.32
4 0.526682 0.493333 0.060325 0.32
13 0.580046 0.493333 0.037123 0.32
9 0.646172 0.346667 0.062645 0.666667
0 0.709977 0.493333 0.055684 0.32
24 0.756381 0.486667 0.027842 0.306667
5 0.813225 0.493333 0.048724 0.32
2 0.860789 0.506667 0.037123 0.346667
3 0.917633 0.493333 0.044084 0.32
1 0.964037 0.493333 0.039443 0.32
