10 0.016467 0.493333 0.032934 0.32
0 0.07485 0.52 0.071856 0.373333
10 0.149701 0.493333 0.065868 0.32
1 0.229042 0.493333 0.080838 0.32
11 0.303892 0.506667 0.056886 0.346667
0 0.381737 0.493333 0.056886 0.32
2 0.441617 0.493333 0.050898 0.32
10 0.502994 0.493333 0.05988 0.32
9 0.573353 0.373333 0.068862 0.613333
24 0.625749 0.493333 0.023952 0.32
1 0.679641 0.493333 0.071856 0.32
12 0.757485 0.613333 0.041916 0.613333
2 0.817365 0.493333 0.065868 0.32
5 0.899701 0.493333 0.056886 0.32
7 0.956587 0.493333 0.04491 0.32
