8 0.036424 0.606667 0.072848 0.626667
9 0.108168 0.38 0.06181 0.626667
0 0.166667 0.493333 0.046358 0.32
7 0.207506 0.493333 0.02649 0.32
9 0.251656 0.373333 0.05298 0.64
11 0.298013 0.493333 0.030905 0.32
9 0.35872 0.366667 0.059603 0.626667
1 0.419426 0.506667 0.05298 0.346667
10 0.483444 0.493333 0.04415 0.32
19 0.539735 0.493333 0.059603 0.32
0 0.592715 0.493333 0.037528 0.32
17 0.645695 0.493333 0.037528 0.32
19 0.701987 0.493333 0.066225 0.32
0 0.760486 0.526667 0.041943 0.386667
7 0.799117 0.5 0.02649 0.333333
9 0.865342 0.373333 0.075055 0.613333
24 0.924945 0.493333 0.03532 0.32
7 0.965784 0.493333 0.037528 0.32
