12 0.016964 0.613333 0.033929 0.613333
25 0.057143 0.526667 0.039286 0.386667
26 0.0875 0.493333 0.014286 0.32
17 0.113393 0.526667 0.030357 0.386667
9 0.164286 0.36 0.046429 0.666667
0 0.207143 0.493333 0.032143 0.32
17 0.245536 0.493333 0.0375 0.32
14 0.283036 0.493333 0.030357 0.32
5 0.320536 0.493333 0.0375 0.32
20 0.372321 0.5 0.041071 0.333333
6 0.414286 0.493333 0.035714 0.32
11 0.451786 0.493333 0.032143 0.32
19 0.495536 0.493333 0.048214 0.32
24 0.532143 0.506667 0.017857 0.346667
15 0.571429 0.613333 0.035714 0.613333
0 0.614286 0.493333 0.042857 0.32
3 0.663393 0.493333 0.030357 0.32
1 0.700893 0.493333 0.0375 0.32
10 0.749107 0.513333 0.033929 0.36
1 0.783036 0.493333 0.026786 0.32
0 0.816964 0.52 0.033929 0.373333
9 0.848214 0.373333 0.021429 0.613333
12 0.8875 0.6 0.032143 0.64
25 0.925893 0.493333 0.0375 0.32
2 0.967857 0.493333 0.039286 0.32
