10 0.020769 0.493333 0.041538 0.32
0 0.064615 0.493333 0.04 0.32
2 0.102308 0.493333 0.029231 0.32
5 0.146154 0.493333 0.036923 0.32
24 0.174615 0.52 0.013846 0.373333
5 0.205385 0.5 0.041538 0.333333
20 0.243846 0.493333 0.029231 0.32
25 0.286154 0.526667 0.033846 0.386667
24 0.316923 0.493333 0.021538 0.32
16 0.359231 0.613333 0.056923 0.64
24 0.399231 0.493333 0.016923 0.32
9 0.44 0.38 0.043077 0.626667
2 0.479231 0.493333 0.029231 0.32
20 0.52 0.493333 0.030769 0.32
0 0.556923 0.52 0.036923 0.373333
24 0.59 0.493333 0.023077 0.32
2 0.626923 0.493333 0.029231 0.32
24 0.653846 0.493333 0.018462 0.32
19 0.699231 0.493333 0.066154 0.32
25 0.766154 0.493333 0.046154 0.32
7 0.803846 0.506667 0.023077 0.346667
21 0.845385 0.493333 0.038462 0.32
25 0.890769 0.5 0.046154 0.333333
24 0.925385 0.493333 0.016923 0.32
26 0.95 0.493333 0.010769 0.32
17 0.973846 0.493333 0.030769 0.32
