25 0.018987 0.493333 0.037975 0.32
6 0.062387 0.52 0.041591 0.373333
0 0.104882 0.493333 0.036166 0.32
19 0.16094 0.493333 0.050633 0.32
25 0.211573 0.52 0.0434 0.373333
0 0.249548 0.493333 0.025316 0.32
25 0.294756 0.493333 0.039783 0.32
7 0.329114 0.493333 0.0217 0.32
25 0.36528 0.52 0.0434 0.373333
13 0.400542 0.493333 0.019892 0.32
14 0.43038 0.506667 0.03255 0.346667
9 0.4783 0.38 0.056058 0.626667
25 0.546112 0.5 0.05425 0.333333
3 0.598553 0.5 0.0434 0.333333
25 0.651899 0.493333 0.037975 0.32
11 0.687161 0.493333 0.025316 0.32
19 0.732369 0.5 0.057866 0.333333
0 0.796564 0.493333 0.045208 0.32
24 0.832731 0.493333 0.019892 0.32
5 0.864376 0.493333 0.036166 0.32
9 0.914105 0.373333 0.037975 0.613333
1 0.962025 0.493333 0.050633 0.32
