12 0.014991 0.613333 0.029982 0.613333
7 0.044092 0.493333 0.021164 0.32
9 0.088183 0.373333 0.042328 0.613333
1 0.140212 0.493333 0.054674 0.32
17 0.189594 0.493333 0.037037 0.32
19 0.243386 0.493333 0.063492 0.32
2 0.300705 0.526667 0.044092 0.386667
26 0.342152 0.493333 0.014109 0.32
0 0.373898 0.493333 0.042328 0.32
11 0.414462 0.493333 0.031746 0.32
20 0.459436 0.493333 0.03351 0.32
25 0.499118 0.493333 0.038801 0.32
25 0.541446 0.493333 0.038801 0.32
6 0.582892 0.493333 0.037037 0.32
0 0.631393 0.493333 0.035273 0.32
9 0.674603 0.373333 0.044092 0.613333
10 0.720459 0.493333 0.022928 0.32
1 0.753086 0.52 0.035273 0.373333
25 0.809524 0.493333 0.05291 0.32
7 0.856261 0.493333 0.03351 0.32
24 0.883598 0.493333 0.014109 0.32
20 0.908289 0.506667 0.028219 0.346667
11 0.943563 0.493333 0.035273 0.32
6 0.97619 0.493333 0.022928 0.32
