26 0.004436 0.493333 0.008872 0.32
0 0.025982 0.52 0.029151 0.373333
24 0.048796 0.493333 0.011407 0.32
17 0.069708 0.493333 0.025349 0.32
2 0.098859 0.493333 0.027883 0.32
3 0.124208 0.493333 0.017744 0.32
9 0.160963 0.373333 0.038023 0.613333
0 0.195184 0.526667 0.025349 0.386667
9 0.227503 0.38 0.034221 0.626667
24 0.253485 0.493333 0.012674 0.32
9 0.28327 0.366667 0.041825 0.626667
9 0.330798 0.386667 0.035488 0.64
1 0.358048 0.493333 0.013942 0.32
24 0.378961 0.493333 0.010139 0.32
6 0.398606 0.493333 0.024081 0.32
20 0.423321 0.493333 0.020279 0.32
14 0.446134 0.493333 0.020279 0.32
0 0.480355 0.493333 0.030418 0.32
9 0.514575 0.373333 0.032953 0.613333
10 0.551331 0.493333 0.022814 0.32
25 0.584284 0.5 0.038023 0.333333
11 0.616603 0.486667 0.021546 0.306667
20 0.643853 0.493333 0.025349 0.32
24 0.673004 0.493333 0.015209 0.32
0 0.695184 0.493333 0.024081 0.32
9 0.733207 0.38 0.034221 0.626667
24 0.76109 0.493333 0.016477 0.32
7 0.782003 0.493333 0.020279 0.32
24 0.801014 0.493333 0.012674 0.32
9 0.829531 0.38 0.03929 0.626667
0 0.86692 0.493333 0.030418 0.32
5 0.90621 0.493333 0.030418 0.32
7 0.932826 0.493333 0.017744 0.32
9 0.967681 0.373333 0.046895 0.613333
