9 0.025822 0.373333 0.051643 0.64
24 0.064163 0.493333 0.018779 0.32
7 0.084507 0.493333 0.015649 0.32
24 0.104069 0.493333 0.017214 0.32
9 0.144757 0.38 0.042254 0.626667
1 0.188576 0.493333 0.039124 0.32
12 0.230047 0.613333 0.021909 0.613333
25 0.262911 0.493333 0.037559 0.32
2 0.295775 0.513333 0.021909 0.36
9 0.332551 0.38 0.029734 0.626667
1 0.370892 0.5 0.040689 0.333333
11 0.407668 0.493333 0.026604 0.32
25 0.447574 0.5 0.046948 0.333333
10 0.494523 0.493333 0.025039 0.32
14 0.521909 0.486667 0.023474 0.333333
18 0.555556 0.486667 0.037559 0.306667
0 0.593897 0.493333 0.032864 0.32
5 0.632238 0.493333 0.037559 0.32
24 0.671362 0.493333 0.018779 0.32
5 0.701878 0.493333 0.035994 0.32
25 0.739437 0.493333 0.032864 0.32
6 0.773083 0.493333 0.028169 0.32
0 0.815336 0.493333 0.050078 0.32
25 0.87011 0.506667 0.037559 0.346667
13 0.903756 0.5 0.023474 0.333333
14 0.931925 0.493333 0.026604 0.32
9 0.968701 0.38 0.040689 0.626667
