10 0.013265 0.493333 0.026531 0.32
25 0.055102 0.52 0.04898 0.373333
11 0.103061 0.493333 0.038776 0.32
2 0.15102 0.5 0.04898 0.333333
25 0.211224 0.493333 0.042857 0.32
11 0.259184 0.493333 0.044898 0.32
3 0.314286 0.493333 0.036735 0.32
1 0.368367 0.493333 0.063265 0.32
9 0.423469 0.38 0.038776 0.626667
0 0.473469 0.493333 0.053061 0.32
12 0.522449 0.613333 0.016327 0.613333
20 0.55102 0.493333 0.032653 0.32
0 0.587755 0.493333 0.032653 0.32
17 0.642857 0.493333 0.04898 0.32
2 0.697959 0.493333 0.053061 0.32
4 0.760204 0.493333 0.063265 0.32
5 0.830612 0.493333 0.04898 0.32
7 0.878571 0.493333 0.038776 0.32
9 0.929592 0.38 0.055102 0.626667
7 0.973469 0.493333 0.02449 0.32
