9 0.01868 0.366667 0.03736 0.626667
3 0.048568 0.493333 0.017435 0.32
4 0.072229 0.493333 0.024907 0.32
11 0.097758 0.493333 0.021171 0.32
5 0.12142 0.506667 0.021171 0.346667
10 0.148817 0.493333 0.016189 0.32
0 0.173101 0.493333 0.027397 0.32
24 0.195517 0.493333 0.012453 0.32
10 0.215442 0.493333 0.009963 0.32
25 0.237858 0.506667 0.029888 0.346667
26 0.260274 0.493333 0.009963 0.32
1 0.283313 0.506667 0.031133 0.346667
9 0.328767 0.373333 0.042341 0.64
0 0.364259 0.493333 0.023661 0.32
8 0.39477 0.613333 0.032379 0.586667
17 0.425903 0.493333 0.024907 0.32
2 0.455791 0.493333 0.029888 0.32
24 0.478207 0.493333 0.009963 0.32
9 0.508095 0.373333 0.032379 0.613333
0 0.541719 0.493333 0.029888 0.32
10 0.577833 0.493333 0.024907 0.32
25 0.605853 0.493333 0.026152 0.32
11 0.631382 0.506667 0.019925 0.346667
9 0.659402 0.373333 0.031133 0.613333
24 0.684309 0.493333 0.013699 0.32
1 0.707347 0.493333 0.027397 0.32
12 0.73599 0.593333 0.012453 0.653333
1 0.760274 0.493333 0.031133 0.32
11 0.787671 0.493333 0.01868 0.32
9 0.816936 0.373333 0.034869 0.613333
5 0.855542 0.493333 0.024907 0.32
7 0.882939 0.493333 0.024907 0.32
1 0.910959 0.493333 0.026152 0.32
19 0.944583 0.5 0.036115 0.333333
20 0.978207 0.493333 0.026152 0.32
