10 0.020997 0.493333 0.041995 0.32
25 0.074803 0.493333 0.055118 0.32
11 0.133858 0.493333 0.052493 0.32
2 0.19685 0.493333 0.062992 0.32
24 0.246719 0.493333 0.026247 0.32
8 0.321522 0.606667 0.086614 0.626667
9 0.41601 0.38 0.091864 0.626667
5 0.493438 0.493333 0.052493 0.32
12 0.557743 0.613333 0.03937 0.613333
5 0.611549 0.493333 0.057743 0.32
8 0.67979 0.613333 0.068241 0.586667
24 0.737533 0.493333 0.036745 0.32
20 0.782152 0.52 0.041995 0.373333
24 0.83727 0.493333 0.031496 0.32
11 0.877953 0.493333 0.03937 0.32
19 0.942257 0.493333 0.07874 0.32
