12 0.012402 0.613333 0.024804 0.613333
25 0.041775 0.493333 0.028721 0.32
3 0.071802 0.493333 0.02611 0.32
24 0.093995 0.493333 0.013055 0.32
10 0.120757 0.486667 0.022193 0.333333
5 0.148172 0.526667 0.027415 0.386667
5 0.179504 0.493333 0.030026 0.32
9 0.218668 0.366667 0.043081 0.626667
24 0.248695 0.493333 0.011749 0.32
10 0.278068 0.493333 0.028721 0.32
24 0.300261 0.5 0.010444 0.333333
9 0.33094 0.38 0.045692 0.626667
6 0.370104 0.493333 0.027415 0.32
5 0.400131 0.493333 0.027415 0.32
21 0.436684 0.493333 0.027415 0.32
2 0.464752 0.52 0.023499 0.373333
19 0.501305 0.493333 0.044386 0.32
0 0.546345 0.493333 0.027415 0.32
9 0.584204 0.366667 0.043081 0.626667
8 0.636423 0.606667 0.043081 0.626667
24 0.667102 0.493333 0.013055 0.32
20 0.691906 0.493333 0.031332 0.32
2 0.722585 0.52 0.024804 0.373333
5 0.759791 0.493333 0.031332 0.32
2 0.793734 0.506667 0.031332 0.346667
24 0.826371 0.493333 0.015666 0.32
2 0.849217 0.493333 0.024804 0.32
25 0.877937 0.493333 0.027415 0.32
3 0.902742 0.493333 0.016971 0.32
9 0.934726 0.373333 0.028721 0.613333
0 0.971279 0.5 0.039164 0.333333
