18 0.021164 0.493333 0.042328 0.32
14 0.058201 0.493333 0.024691 0.32
0 0.092593 0.493333 0.037037 0.32
5 0.130511 0.493333 0.031746 0.32
13 0.162257 0.493333 0.024691 0.32
25 0.206349 0.526667 0.038801 0.386667
13 0.242504 0.493333 0.026455 0.32
2 0.279541 0.493333 0.040564 0.32
0 0.32716 0.493333 0.029982 0.32
9 0.37478 0.366667 0.058201 0.626667
3 0.432099 0.493333 0.031746 0.32
1 0.477954 0.526667 0.05291 0.386667
9 0.535273 0.38 0.054674 0.626667
1 0.589947 0.493333 0.047619 0.32
24 0.634039 0.493333 0.015873 0.32
25 0.666667 0.493333 0.042328 0.32
9 0.71164 0.38 0.040564 0.626667
1 0.759259 0.493333 0.047619 0.32
24 0.805115 0.493333 0.0194 0.32
9 0.842152 0.36 0.047619 0.666667
0 0.896825 0.493333 0.037037 0.32
25 0.936508 0.493333 0.035273 0.32
7 0.972663 0.493333 0.029982 0.32
