5 0.024021 0.493333 0.048043 0.32
1 0.071174 0.513333 0.039146 0.36
3 0.108541 0.513333 0.02847 0.36
0 0.145018 0.493333 0.037367 0.32
24 0.177046 0.493333 0.019573 0.32
9 0.228648 0.38 0.058719 0.626667
24 0.272242 0.493333 0.021352 0.32
7 0.299822 0.493333 0.02669 0.32
5 0.344306 0.506667 0.037367 0.32
24 0.376335 0.493333 0.019573 0.32
20 0.413701 0.493333 0.030249 0.32
0 0.449288 0.493333 0.033808 0.32
24 0.476868 0.493333 0.014235 0.32
9 0.508897 0.373333 0.024911 0.613333
0 0.546263 0.526667 0.042705 0.386667
19 0.594306 0.493333 0.046263 0.32
13 0.63879 0.5 0.035587 0.333333
0 0.678826 0.493333 0.037367 0.32
25 0.728648 0.493333 0.037367 0.32
2 0.769573 0.493333 0.037367 0.32
0 0.813167 0.493333 0.042705 0.32
0 0.871886 0.493333 0.049822 0.32
9 0.933274 0.38 0.065836 0.626667
24 0.978648 0.493333 0.017794 0.32
