5 0.018968 0.526667 0.037936 0.386667
25 0.059181 0.493333 0.036419 0.32
2 0.098634 0.493333 0.036419 0.32
24 0.126707 0.493333 0.013657 0.32
21 0.156297 0.493333 0.039454 0.32
2 0.198786 0.493333 0.024279 0.32
24 0.219272 0.493333 0.010622 0.32
19 0.254173 0.493333 0.053111 0.32
9 0.300455 0.373333 0.033384 0.613333
12 0.335357 0.606667 0.015175 0.626667
11 0.360395 0.493333 0.028832 0.32
24 0.383156 0.493333 0.010622 0.32
19 0.418058 0.533333 0.037936 0.4
3 0.4522 0.513333 0.024279 0.36
24 0.481791 0.493333 0.028832 0.32
16 0.514416 0.613333 0.030349 0.613333
2 0.552352 0.513333 0.039454 0.36
5 0.598634 0.52 0.031866 0.373333
19 0.638847 0.493333 0.042489 0.32
24 0.670713 0.506667 0.015175 0.346667
6 0.699545 0.526667 0.036419 0.386667
13 0.729894 0.493333 0.018209 0.32
25 0.765554 0.493333 0.031866 0.32
13 0.795903 0.493333 0.022762 0.32
14 0.8217 0.493333 0.022762 0.32
9 0.861912 0.373333 0.051593 0.64
9 0.921093 0.36 0.045524 0.64
24 0.954476 0.493333 0.015175 0.32
7 0.977238 0.5 0.024279 0.333333
