9 0.02554 0.386667 0.051081 0.64
0 0.074656 0.493333 0.039293 0.32
17 0.116896 0.493333 0.037328 0.32
19 0.169941 0.493333 0.060904 0.32
25 0.224951 0.493333 0.041257 0.32
2 0.266208 0.493333 0.033399 0.32
25 0.316306 0.493333 0.039293 0.32
3 0.359528 0.493333 0.039293 0.32
12 0.401768 0.613333 0.037328 0.613333
11 0.442043 0.493333 0.035363 0.32
3 0.490177 0.493333 0.033399 0.32
1 0.521611 0.493333 0.021611 0.32
17 0.559921 0.513333 0.047151 0.36
24 0.601179 0.493333 0.027505 0.32
21 0.642436 0.493333 0.047151 0.32
9 0.695481 0.373333 0.051081 0.613333
25 0.756385 0.493333 0.043222 0.32
13 0.797642 0.493333 0.031434 0.32
2 0.843811 0.493333 0.053045 0.32
0 0.900786 0.493333 0.053045 0.32
9 0.958743 0.393333 0.05501 0.653333
