0 0.018127 0.493333 0.036254 0.32
9 0.061178 0.373333 0.043807 0.613333
20 0.108006 0.493333 0.028701 0.32
24 0.132175 0.493333 0.013595 0.32
9 0.172205 0.373333 0.060423 0.64
0 0.223565 0.493333 0.036254 0.32
2 0.260574 0.493333 0.031722 0.32
9 0.306647 0.386667 0.039275 0.64
0 0.347432 0.493333 0.036254 0.32
25 0.386707 0.506667 0.036254 0.346667
7 0.420695 0.506667 0.02568 0.346667
5 0.457704 0.526667 0.02719 0.386667
25 0.490181 0.493333 0.031722 0.32
5 0.52719 0.493333 0.036254 0.32
13 0.559668 0.52 0.022659 0.373333
10 0.592145 0.493333 0.021148 0.32
1 0.626133 0.493333 0.040785 0.32
12 0.67145 0.613333 0.028701 0.613333
11 0.702417 0.5 0.02719 0.333333
24 0.726586 0.493333 0.015106 0.32
11 0.750755 0.493333 0.02719 0.32
25 0.785498 0.506667 0.036254 0.346667
12 0.824018 0.606667 0.019637 0.626667
11 0.849698 0.526667 0.02568 0.386667
24 0.872356 0.493333 0.013595 0.32
20 0.898792 0.513333 0.018127 0.36
24 0.925227 0.493333 0.028701 0.32
17 0.957704 0.493333 0.030211 0.32
24 0.982628 0.526667 0.013595 0.386667
