9 0.036585 0.373333 0.073171 0.613333
1 0.103659 0.506667 0.05122 0.346667
12 0.167073 0.613333 0.041463 0.613333
3 0.213415 0.493333 0.041463 0.32
24 0.25122 0.493333 0.02439 0.32
17 0.291463 0.493333 0.046341 0.32
19 0.364634 0.493333 0.090244 0.32
14 0.434146 0.493333 0.039024 0.32
5 0.497561 0.493333 0.053659 0.32
13 0.552439 0.493333 0.046341 0.32
19 0.612195 0.5 0.063415 0.333333
2 0.690244 0.493333 0.058537 0.32
9 0.75 0.373333 0.05122 0.613333
8 0.831707 0.606667 0.078049 0.626667
11 0.892683 0.493333 0.034146 0.32
1 0.94878 0.493333 0.068293 0.32
