25 0.026846 0.493333 0.053691 0.32
13 0.079418 0.493333 0.042506 0.32
2 0.136465 0.493333 0.06264 0.32
24 0.182327 0.493333 0.020134 0.32
20 0.218121 0.5 0.042506 0.333333
0 0.269575 0.493333 0.051454 0.32
5 0.332215 0.526667 0.042506 0.386667
9 0.392617 0.373333 0.069351 0.64
1 0.469799 0.513333 0.053691 0.36
17 0.522371 0.493333 0.042506 0.32
20 0.57047 0.493333 0.044743 0.32
24 0.608501 0.493333 0.022371 0.32
14 0.642058 0.493333 0.035794 0.32
7 0.678971 0.493333 0.029083 0.32
10 0.732662 0.526667 0.04698 0.386667
1 0.782998 0.52 0.044743 0.373333
10 0.844519 0.493333 0.04698 0.32
24 0.878076 0.493333 0.011186 0.32
25 0.912752 0.493333 0.049217 0.32
2 0.963087 0.493333 0.042506 0.32
