17 0.014528 0.493333 0.029056 0.32
19 0.052663 0.493333 0.042373 0.32
0 0.087772 0.493333 0.023002 0.32
17 0.112591 0.493333 0.021792 0.32
19 0.144673 0.493333 0.03753 0.32
0 0.178571 0.493333 0.025424 0.32
9 0.216102 0.38 0.032688 0.626667
1 0.251816 0.493333 0.033898 0.32
10 0.291768 0.493333 0.029056 0.32
5 0.326271 0.493333 0.035109 0.32
25 0.364407 0.493333 0.024213 0.32
3 0.389225 0.493333 0.020581 0.32
10 0.411622 0.493333 0.01937 0.32
25 0.438257 0.52 0.029056 0.373333
11 0.464891 0.493333 0.01937 0.32
25 0.491525 0.52 0.029056 0.373333
20 0.526634 0.506667 0.024213 0.346667
25 0.553874 0.493333 0.025424 0.32
2 0.587167 0.493333 0.03632 0.32
25 0.622276 0.52 0.029056 0.373333
3 0.657385 0.493333 0.024213 0.32
1 0.690073 0.493333 0.03632 0.32
25 0.725182 0.52 0.029056 0.373333
11 0.750605 0.52 0.016949 0.373333
24 0.769976 0.493333 0.016949 0.32
10 0.791768 0.493333 0.009685 0.32
19 0.815981 0.493333 0.033898 0.32
20 0.847458 0.493333 0.024213 0.32
24 0.868039 0.5 0.012107 0.333333
17 0.893462 0.493333 0.021792 0.32
19 0.920702 0.493333 0.027845 0.32
25 0.949758 0.493333 0.025424 0.32
9 0.978208 0.373333 0.026634 0.613333
