10 0.01 0.493333 0.02 0.32
1 0.042778 0.526667 0.041111 0.36
25 0.078889 0.506667 0.026667 0.346667
14 0.103889 0.493333 0.018889 0.32
1 0.131667 0.52 0.021111 0.373333
11 0.153333 0.493333 0.017778 0.32
19 0.181111 0.493333 0.033333 0.32
15 0.220556 0.606667 0.03 0.626667
17 0.248889 0.493333 0.022222 0.32
21 0.276111 0.493333 0.027778 0.32
3 0.307222 0.493333 0.018889 0.32
25 0.331111 0.493333 0.024444 0.32
24 0.351667 0.493333 0.012222 0.32
13 0.371667 0.506667 0.023333 0.346667
5 0.398889 0.493333 0.026667 0.32
17 0.430556 0.5 0.021111 0.333333
19 0.461111 0.506667 0.035556 0.346667
0 0.492778 0.493333 0.023333 0.32
5 0.525 0.493333 0.025556 0.32
9 0.558889 0.366667 0.037778 0.626667
17 0.593889 0.493333 0.027778 0.32
19 0.631111 0.493333 0.042222 0.32
0 0.665556 0.493333 0.022222 0.32
25 0.696111 0.493333 0.023333 0.32
11 0.720556 0.493333 0.021111 0.32
1 0.75 0.52 0.033333 0.373333
9 0.780556 0.38 0.023333 0.626667
3 0.809444 0.5 0.018889 0.333333
1 0.833889 0.493333 0.025556 0.32
3 0.857778 0.493333 0.017778 0.32
25 0.880556 0.493333 0.023333 0.32
2 0.905556 0.493333 0.022222 0.32
3 0.933333 0.493333 0.017778 0.32
6 0.955 0.506667 0.021111 0.346667
25 0.98 0.493333 0.024444 0.32
