9 0.027088 0.38 0.054176 0.626667
0 0.079007 0.506667 0.040632 0.346667
12 0.119639 0.613333 0.031603 0.613333
24 0.151242 0.493333 0.022573 0.32
7 0.197517 0.493333 0.060948 0.32
9 0.277652 0.373333 0.06772 0.613333
24 0.327314 0.5 0.022573 0.333333
7 0.362302 0.513333 0.038375 0.36
9 0.416479 0.38 0.060948 0.626667
7 0.472912 0.52 0.042889 0.373333
9 0.531603 0.353333 0.060948 0.493333
6 0.603837 0.526667 0.051919 0.386667
2 0.659142 0.493333 0.049661 0.32
26 0.696388 0.493333 0.015801 0.32
11 0.726862 0.493333 0.036117 0.32
5 0.772009 0.5 0.045147 0.333333
0 0.829571 0.506667 0.038375 0.346667
9 0.884876 0.373333 0.063205 0.613333
7 0.939052 0.493333 0.036117 0.32
24 0.972912 0.493333 0.022573 0.32
