16 0.04026 0.613333 0.080519 0.64
26 0.097403 0.493333 0.023377 0.32
6 0.138961 0.493333 0.049351 0.32
9 0.193506 0.38 0.049351 0.626667
20 0.263636 0.493333 0.054545 0.32
25 0.335065 0.5 0.077922 0.333333
2 0.406494 0.493333 0.054545 0.32
9 0.488312 0.38 0.072727 0.626667
0 0.554545 0.493333 0.049351 0.32
9 0.618182 0.373333 0.067532 0.613333
7 0.672727 0.493333 0.031169 0.32
9 0.737662 0.373333 0.088312 0.613333
12 0.818182 0.62 0.036364 0.653333
5 0.867532 0.493333 0.051948 0.32
24 0.912987 0.493333 0.028571 0.32
7 0.957143 0.493333 0.049351 0.32
