17 0.02069 0.493333 0.041379 0.32
16 0.078161 0.606667 0.064368 0.626667
6 0.142529 0.493333 0.055172 0.32
0 0.198851 0.513333 0.048276 0.36
24 0.243678 0.493333 0.032184 0.32
9 0.296552 0.373333 0.064368 0.613333
9 0.375862 0.38 0.062069 0.626667
1 0.444828 0.493333 0.066667 0.32
25 0.521839 0.506667 0.055172 0.346667
3 0.573563 0.493333 0.03908 0.32
25 0.622989 0.493333 0.050575 0.32
1 0.688506 0.493333 0.071264 0.32
5 0.765517 0.493333 0.050575 0.32
11 0.810345 0.493333 0.029885 0.32
0 0.866667 0.493333 0.050575 0.32
25 0.924138 0.52 0.055172 0.373333
7 0.970115 0.493333 0.027586 0.32
