25 0.031513 0.5 0.063025 0.333333
7 0.085084 0.493333 0.035714 0.32
17 0.128151 0.513333 0.042017 0.36
19 0.185924 0.493333 0.065126 0.32
1 0.241597 0.493333 0.037815 0.32
5 0.289916 0.493333 0.05042 0.32
1 0.35084 0.526667 0.042017 0.386667
2 0.39916 0.493333 0.046218 0.32
17 0.451681 0.493333 0.05042 0.32
0 0.505252 0.493333 0.048319 0.32
24 0.558824 0.493333 0.029412 0.32
5 0.598739 0.493333 0.042017 0.32
9 0.64916 0.373333 0.05042 0.613333
9 0.703782 0.373333 0.05042 0.613333
0 0.75105 0.5 0.035714 0.333333
25 0.805672 0.493333 0.044118 0.32
2 0.851891 0.493333 0.039916 0.32
15 0.913866 0.613333 0.054622 0.613333
0 0.965336 0.493333 0.039916 0.32
