9 0.01735 0.373333 0.0347 0.613333
24 0.048896 0.493333 0.022082 0.32
7 0.076498 0.493333 0.026814 0.32
9 0.120662 0.38 0.055205 0.626667
10 0.169558 0.493333 0.020505 0.32
5 0.201893 0.493333 0.037855 0.32
5 0.239748 0.493333 0.031546 0.32
11 0.272871 0.493333 0.028391 0.32
24 0.298107 0.493333 0.015773 0.32
9 0.334385 0.373333 0.0347 0.613333
0 0.371451 0.493333 0.033123 0.32
17 0.412461 0.493333 0.026814 0.32
18 0.445584 0.493333 0.033123 0.32
1 0.483438 0.493333 0.036278 0.32
17 0.527603 0.493333 0.029968 0.32
2 0.559937 0.513333 0.028391 0.36
3 0.592271 0.506667 0.029968 0.346667
20 0.633281 0.493333 0.029968 0.32
0 0.673502 0.52 0.044164 0.373333
5 0.717666 0.493333 0.037855 0.32
13 0.753943 0.493333 0.028391 0.32
19 0.794953 0.5 0.047319 0.333333
9 0.853312 0.373333 0.047319 0.613333
0 0.898265 0.493333 0.036278 0.32
26 0.925868 0.493333 0.012618 0.32
1 0.951893 0.493333 0.033123 0.32
24 0.980284 0.493333 0.01735 0.32
