9 0.023723 0.366667 0.047445 0.626667
0 0.076642 0.52 0.051095 0.373333
9 0.131387 0.373333 0.051095 0.613333
1 0.187044 0.52 0.05292 0.373333
2 0.249088 0.493333 0.04562 0.32
26 0.283759 0.493333 0.016423 0.32
5 0.317518 0.493333 0.043796 0.32
5 0.364051 0.493333 0.041971 0.32
7 0.406022 0.493333 0.034672 0.32
24 0.437956 0.493333 0.021898 0.32
9 0.492701 0.373333 0.062044 0.64
24 0.535584 0.493333 0.016423 0.32
7 0.560219 0.506667 0.025547 0.346667
24 0.584854 0.493333 0.016423 0.32
25 0.625912 0.493333 0.040146 0.32
3 0.667883 0.52 0.036496 0.373333
20 0.715328 0.493333 0.032847 0.32
0 0.751825 0.493333 0.032847 0.32
10 0.79562 0.513333 0.029197 0.36
0 0.831204 0.52 0.034672 0.373333
17 0.879562 0.493333 0.036496 0.32
2 0.925182 0.506667 0.047445 0.346667
3 0.969891 0.493333 0.034672 0.32
