25 0.02561 0.493333 0.05122 0.32
5 0.089024 0.493333 0.065854 0.32
24 0.140244 0.493333 0.026829 0.32
17 0.180488 0.493333 0.043902 0.32
2 0.229268 0.493333 0.043902 0.32
6 0.280488 0.493333 0.04878 0.32
17 0.342683 0.493333 0.041463 0.32
2 0.39878 0.526667 0.060976 0.386667
9 0.471951 0.373333 0.07561 0.613333
25 0.553659 0.526667 0.053659 0.386667
5 0.613415 0.493333 0.056098 0.32
24 0.670732 0.493333 0.02439 0.32
24 0.70122 0.493333 0.026829 0.32
3 0.752439 0.493333 0.041463 0.32
25 0.807317 0.493333 0.058537 0.32
15 0.865854 0.613333 0.04878 0.613333
0 0.92561 0.513333 0.060976 0.36
24 0.971951 0.493333 0.021951 0.32
