3 0.016905 0.493333 0.03381 0.32
6 0.050715 0.493333 0.028609 0.32
0 0.080624 0.493333 0.026008 0.32
24 0.102081 0.493333 0.011704 0.32
20 0.131339 0.493333 0.028609 0.32
25 0.161899 0.493333 0.027308 0.32
2 0.191157 0.493333 0.026008 0.32
20 0.223667 0.506667 0.020806 0.346667
0 0.249675 0.493333 0.026008 0.32
24 0.272432 0.493333 0.014304 0.32
3 0.30104 0.493333 0.024707 0.32
1 0.3342 0.486667 0.036411 0.333333
20 0.372562 0.493333 0.022107 0.32
17 0.397919 0.493333 0.023407 0.32
5 0.427828 0.493333 0.031209 0.32
21 0.459688 0.493333 0.027308 0.32
2 0.494148 0.493333 0.036411 0.32
10 0.53251 0.52 0.022107 0.373333
24 0.552016 0.52 0.011704 0.373333
25 0.574772 0.526667 0.028609 0.386667
5 0.605332 0.493333 0.027308 0.32
12 0.637191 0.62 0.018205 0.626667
25 0.668401 0.493333 0.039012 0.32
1 0.706112 0.493333 0.031209 0.32
25 0.738622 0.493333 0.028609 0.32
19 0.773082 0.493333 0.035111 0.32
17 0.804941 0.493333 0.023407 0.32
20 0.838101 0.493333 0.024707 0.32
0 0.86606 0.493333 0.026008 0.32
9 0.897919 0.38 0.03251 0.626667
24 0.924577 0.493333 0.015605 0.32
7 0.944733 0.493333 0.019506 0.32
9 0.973992 0.373333 0.03381 0.613333
