9 0.017742 0.373333 0.035484 0.613333
0 0.054032 0.52 0.030645 0.373333
10 0.087903 0.513333 0.030645 0.36
11 0.116935 0.493333 0.020968 0.32
26 0.137097 0.493333 0.012903 0.32
3 0.170161 0.493333 0.030645 0.32
1 0.204839 0.493333 0.032258 0.32
24 0.232258 0.493333 0.016129 0.32
11 0.258065 0.493333 0.029032 0.32
20 0.297581 0.493333 0.027419 0.32
24 0.326613 0.493333 0.024194 0.32
19 0.366935 0.493333 0.05 0.32
1 0.414516 0.493333 0.03871 0.32
9 0.452419 0.38 0.030645 0.626667
9 0.496774 0.38 0.035484 0.626667
0 0.533871 0.493333 0.032258 0.32
5 0.573387 0.493333 0.040323 0.32
24 0.604839 0.493333 0.016129 0.32
10 0.639516 0.513333 0.030645 0.36
20 0.672581 0.493333 0.029032 0.32
11 0.702419 0.526667 0.024194 0.386667
19 0.741935 0.493333 0.048387 0.32
0 0.783871 0.493333 0.029032 0.32
24 0.817742 0.493333 0.016129 0.32
9 0.858871 0.38 0.059677 0.626667
17 0.916129 0.493333 0.032258 0.32
24 0.943548 0.493333 0.016129 0.32
0 0.971774 0.493333 0.033871 0.32
