25 0.022826 0.493333 0.045652 0.32
13 0.071739 0.493333 0.043478 0.32
2 0.120652 0.493333 0.045652 0.32
5 0.179348 0.493333 0.041304 0.32
7 0.225 0.493333 0.041304 0.32
9 0.267391 0.366667 0.034783 0.626667
25 0.322826 0.493333 0.045652 0.32
11 0.371739 0.493333 0.043478 0.32
9 0.423913 0.373333 0.030435 0.613333
1 0.46087 0.506667 0.034783 0.346667
20 0.505435 0.493333 0.045652 0.32
0 0.554348 0.493333 0.043478 0.32
5 0.611957 0.52 0.041304 0.373333
7 0.653261 0.493333 0.032609 0.32
5 0.694565 0.493333 0.041304 0.32
26 0.728261 0.493333 0.017391 0.32
9 0.783696 0.373333 0.063043 0.613333
0 0.843478 0.506667 0.047826 0.346667
3 0.893478 0.493333 0.043478 0.32
1 0.940217 0.52 0.041304 0.373333
24 0.975 0.493333 0.019565 0.32
