5 0.017271 0.493333 0.034542 0.32
2 0.060449 0.493333 0.044905 0.32
20 0.11399 0.493333 0.037997 0.32
11 0.151123 0.493333 0.029361 0.32
10 0.181347 0.493333 0.02418 0.32
24 0.204663 0.493333 0.015544 0.32
25 0.234024 0.493333 0.036269 0.32
9 0.290155 0.373333 0.069085 0.64
5 0.361831 0.493333 0.050086 0.32
2 0.406736 0.493333 0.032815 0.32
17 0.462867 0.506667 0.072539 0.32
19 0.52677 0.493333 0.048359 0.32
0 0.574266 0.493333 0.039724 0.32
25 0.625216 0.493333 0.037997 0.32
7 0.658031 0.493333 0.020725 0.32
0 0.689119 0.493333 0.034542 0.32
24 0.720207 0.493333 0.020725 0.32
9 0.760794 0.38 0.053541 0.626667
17 0.821244 0.493333 0.043178 0.32
1 0.870466 0.493333 0.048359 0.32
19 0.924007 0.493333 0.051813 0.32
11 0.970639 0.493333 0.034542 0.32
