20 0.019126 0.493333 0.038251 0.32
0 0.053962 0.52 0.025956 0.373333
9 0.10041 0.38 0.047814 0.626667
7 0.133197 0.493333 0.012295 0.32
5 0.165301 0.493333 0.032787 0.32
2 0.20082 0.526667 0.032787 0.386667
10 0.239754 0.493333 0.025956 0.32
25 0.270492 0.493333 0.030055 0.32
11 0.297131 0.493333 0.01776 0.32
20 0.33265 0.493333 0.034153 0.32
24 0.35929 0.493333 0.013661 0.32
11 0.379781 0.493333 0.021858 0.32
10 0.413251 0.513333 0.025956 0.36
4 0.439891 0.493333 0.021858 0.32
24 0.463115 0.493333 0.019126 0.32
20 0.496585 0.493333 0.028689 0.32
0 0.528005 0.493333 0.028689 0.32
9 0.573087 0.38 0.04235 0.626667
1 0.612705 0.493333 0.031421 0.32
5 0.653005 0.493333 0.030055 0.32
9 0.685792 0.366667 0.030055 0.626667
17 0.714481 0.493333 0.021858 0.32
19 0.744536 0.493333 0.032787 0.32
0 0.784153 0.5 0.040984 0.333333
24 0.814891 0.493333 0.015027 0.32
17 0.844945 0.493333 0.025956 0.32
2 0.877049 0.493333 0.032787 0.32
9 0.904372 0.373333 0.016393 0.613333
2 0.933743 0.493333 0.036885 0.32
6 0.972678 0.493333 0.035519 0.32
