9 0.016603 0.373333 0.033206 0.613333
24 0.042146 0.493333 0.012771 0.32
3 0.061941 0.493333 0.021711 0.32
4 0.090677 0.493333 0.030651 0.32
20 0.12516 0.493333 0.020434 0.32
24 0.144317 0.493333 0.012771 0.32
11 0.16539 0.493333 0.024266 0.32
19 0.199872 0.493333 0.039591 0.32
9 0.248404 0.38 0.039591 0.626667
1 0.284163 0.493333 0.02682 0.32
10 0.320562 0.493333 0.028097 0.32
2 0.353129 0.526667 0.031928 0.386667
12 0.385696 0.613333 0.015326 0.613333
7 0.407407 0.493333 0.022989 0.32
10 0.439974 0.513333 0.024266 0.36
1 0.471903 0.5 0.034483 0.333333
10 0.501916 0.513333 0.020434 0.36
25 0.528736 0.493333 0.028097 0.32
20 0.557471 0.493333 0.024266 0.32
2 0.588123 0.526667 0.031928 0.386667
9 0.628352 0.373333 0.030651 0.613333
0 0.659642 0.493333 0.02682 0.32
19 0.690932 0.493333 0.030651 0.32
3 0.717114 0.493333 0.016603 0.32
16 0.750319 0.613333 0.0447 0.613333
1 0.794381 0.526667 0.025543 0.386667
11 0.817369 0.493333 0.015326 0.32
3 0.842912 0.493333 0.030651 0.32
0 0.880587 0.506667 0.02682 0.346667
16 0.916986 0.58 0.040868 0.68
14 0.95083 0.486667 0.019157 0.306667
13 0.97765 0.493333 0.02682 0.32
