25 0.013564 0.526667 0.027127 0.386667
7 0.037608 0.493333 0.01603 0.32
24 0.059803 0.493333 0.011097 0.32
0 0.079531 0.493333 0.023428 0.32
5 0.106042 0.506667 0.024661 0.346667
9 0.139951 0.373333 0.038224 0.613333
0 0.175092 0.493333 0.027127 0.32
12 0.205302 0.606667 0.01603 0.626667
2 0.23058 0.493333 0.029593 0.32
25 0.262639 0.493333 0.029593 0.32
9 0.296547 0.38 0.033292 0.626667
1 0.332922 0.493333 0.034525 0.32
9 0.375462 0.38 0.033292 0.626667
7 0.403822 0.52 0.018496 0.373333
5 0.436498 0.493333 0.029593 0.32
19 0.472873 0.493333 0.038224 0.32
1 0.509248 0.493333 0.029593 0.32
11 0.538224 0.493333 0.023428 0.32
5 0.575216 0.493333 0.033292 0.32
9 0.614673 0.366667 0.040691 0.626667
0 0.654131 0.493333 0.020962 0.32
9 0.688656 0.38 0.043157 0.626667
3 0.722565 0.486667 0.019729 0.333333
24 0.739827 0.493333 0.009864 0.32
2 0.758323 0.513333 0.022195 0.36
7 0.780518 0.493333 0.017263 0.32
0 0.810111 0.493333 0.024661 0.32
17 0.835388 0.526667 0.020962 0.386667
16 0.87238 0.606667 0.048089 0.626667
9 0.910604 0.38 0.023428 0.626667
2 0.942047 0.493333 0.034525 0.32
5 0.976572 0.493333 0.029593 0.32
