24 0.010417 0.493333 0.020833 0.32
0 0.042411 0.493333 0.037202 0.32
3 0.08631 0.5 0.044643 0.333333
1 0.126488 0.493333 0.029762 0.32
5 0.166667 0.493333 0.029762 0.32
9 0.203869 0.386667 0.03869 0.64
5 0.248512 0.493333 0.029762 0.32
7 0.278274 0.493333 0.02381 0.32
20 0.305804 0.493333 0.025298 0.32
11 0.334821 0.493333 0.026786 0.32
0 0.365327 0.493333 0.028274 0.32
20 0.409226 0.493333 0.03869 0.32
6 0.446429 0.5 0.029762 0.333333
20 0.478423 0.493333 0.028274 0.32
9 0.520833 0.38 0.035714 0.626667
24 0.552827 0.493333 0.022321 0.32
7 0.578869 0.493333 0.02381 0.32
5 0.607143 0.513333 0.026786 0.36
20 0.638393 0.493333 0.029762 0.32
0 0.674107 0.493333 0.035714 0.32
25 0.720238 0.493333 0.035714 0.32
9 0.760417 0.373333 0.03869 0.613333
20 0.802083 0.493333 0.02381 0.32
0 0.834821 0.493333 0.035714 0.32
0 0.872768 0.493333 0.034226 0.32
11 0.90625 0.493333 0.026786 0.32
6 0.936756 0.493333 0.028274 0.32
9 0.971726 0.38 0.035714 0.626667
