25 0.018103 0.493333 0.036207 0.32
13 0.056897 0.493333 0.034483 0.32
2 0.1 0.493333 0.044828 0.32
9 0.147414 0.366667 0.043103 0.626667
20 0.197414 0.493333 0.032759 0.32
11 0.231034 0.493333 0.027586 0.32
6 0.265517 0.493333 0.034483 0.32
3 0.312931 0.493333 0.036207 0.32
6 0.349138 0.493333 0.02931 0.32
20 0.393966 0.493333 0.036207 0.32
11 0.427586 0.493333 0.024138 0.32
17 0.467241 0.493333 0.031034 0.32
2 0.506897 0.526667 0.041379 0.386667
3 0.544828 0.493333 0.027586 0.32
25 0.582759 0.52 0.041379 0.373333
24 0.615517 0.493333 0.017241 0.32
9 0.669828 0.38 0.067241 0.626667
0 0.724138 0.493333 0.034483 0.32
11 0.760345 0.493333 0.031034 0.32
0 0.8 0.493333 0.041379 0.32
9 0.856034 0.38 0.046552 0.626667
0 0.9 0.493333 0.034483 0.32
0 0.946552 0.493333 0.034483 0.32
24 0.977586 0.493333 0.02069 0.32
