25 0.022965 0.493333 0.045929 0.32
9 0.073069 0.373333 0.045929 0.613333
25 0.123173 0.526667 0.045929 0.386667
7 0.163883 0.506667 0.02714 0.346667
25 0.206681 0.52 0.050104 0.373333
7 0.258873 0.493333 0.045929 0.32
5 0.319415 0.493333 0.045929 0.32
9 0.367432 0.38 0.041754 0.626667
0 0.420668 0.493333 0.035491 0.32
9 0.474948 0.373333 0.064718 0.64
24 0.524008 0.493333 0.025052 0.32
9 0.574113 0.373333 0.045929 0.613333
0 0.623173 0.493333 0.043841 0.32
9 0.693111 0.36 0.066806 0.666667
0 0.753653 0.493333 0.045929 0.32
25 0.802714 0.493333 0.043841 0.32
3 0.849687 0.493333 0.041754 0.32
20 0.906054 0.513333 0.041754 0.36
0 0.958246 0.506667 0.05428 0.346667
