17 0.019802 0.493333 0.039604 0.32
16 0.066007 0.606667 0.046205 0.626667
2 0.112211 0.493333 0.039604 0.32
11 0.151815 0.493333 0.033003 0.32
5 0.188944 0.493333 0.034653 0.32
9 0.242574 0.36 0.049505 0.64
0 0.287129 0.493333 0.033003 0.32
20 0.321782 0.493333 0.029703 0.32
24 0.346535 0.493333 0.013201 0.32
19 0.384488 0.513333 0.056106 0.36
1 0.433993 0.493333 0.036304 0.32
20 0.483498 0.493333 0.039604 0.32
0 0.528053 0.513333 0.042904 0.36
9 0.580858 0.373333 0.039604 0.64
0 0.619637 0.52 0.031353 0.373333
9 0.665842 0.38 0.054455 0.626667
1 0.709571 0.493333 0.026403 0.32
24 0.735149 0.5 0.018152 0.333333
24 0.768977 0.493333 0.026403 0.32
9 0.813531 0.373333 0.056106 0.613333
0 0.862211 0.5 0.034653 0.333333
11 0.89769 0.493333 0.029703 0.32
21 0.933993 0.493333 0.036304 0.32
25 0.971947 0.493333 0.033003 0.32
