9 0.017832 0.38 0.035663 0.626667
24 0.043509 0.493333 0.009986 0.32
7 0.062054 0.493333 0.021398 0.32
20 0.097004 0.493333 0.028531 0.32
1 0.131241 0.493333 0.034237 0.32
11 0.164051 0.493333 0.025678 0.32
19 0.201141 0.493333 0.042796 0.32
9 0.252496 0.366667 0.039943 0.653333
24 0.282454 0.526667 0.014265 0.386667
7 0.301712 0.493333 0.018545 0.32
0 0.329529 0.506667 0.031384 0.346667
0 0.361626 0.493333 0.027104 0.32
9 0.396576 0.373333 0.03709 0.613333
20 0.442939 0.493333 0.035663 0.32
24 0.472183 0.486667 0.017118 0.306667
2 0.506419 0.493333 0.042796 0.32
1 0.542083 0.506667 0.022825 0.346667
10 0.578459 0.493333 0.029957 0.32
1 0.616976 0.52 0.041369 0.373333
9 0.659772 0.366667 0.038516 0.626667
1 0.695435 0.493333 0.027104 0.32
17 0.726819 0.493333 0.029957 0.32
5 0.761056 0.493333 0.03281 0.32
3 0.797432 0.493333 0.019971 0.32
1 0.827389 0.493333 0.034237 0.32
24 0.855207 0.5 0.015692 0.333333
11 0.879458 0.493333 0.027104 0.32
8 0.916548 0.606667 0.027104 0.626667
9 0.96077 0.38 0.052782 0.546667
