0 0.016901 0.493333 0.033803 0.32
2 0.053521 0.493333 0.033803 0.32
8 0.093662 0.606667 0.026761 0.626667
24 0.115493 0.493333 0.011268 0.32
12 0.137324 0.613333 0.012676 0.613333
25 0.160563 0.493333 0.028169 0.32
0 0.194366 0.493333 0.033803 0.32
9 0.239437 0.36 0.03662 0.64
0 0.273944 0.493333 0.026761 0.32
20 0.308451 0.493333 0.022535 0.32
0 0.335915 0.513333 0.026761 0.36
20 0.365493 0.493333 0.026761 0.32
0 0.394366 0.506667 0.025352 0.346667
0 0.435915 0.493333 0.038028 0.32
24 0.466901 0.493333 0.01831 0.32
9 0.5 0.373333 0.042254 0.613333
0 0.543662 0.5 0.025352 0.333333
24 0.565493 0.493333 0.012676 0.32
5 0.591549 0.506667 0.033803 0.346667
9 0.63662 0.373333 0.03662 0.613333
0 0.669014 0.5 0.022535 0.333333
9 0.700704 0.366667 0.035211 0.626667
24 0.728873 0.493333 0.015493 0.32
7 0.745775 0.493333 0.012676 0.32
24 0.762676 0.493333 0.015493 0.32
17 0.793662 0.5 0.026761 0.333333
24 0.816197 0.493333 0.012676 0.32
2 0.840845 0.493333 0.030986 0.32
19 0.878169 0.493333 0.038028 0.32
0 0.91338 0.513333 0.026761 0.36
24 0.944366 0.493333 0.015493 0.32
9 0.972535 0.38 0.035211 0.626667
