20 0.015315 0.493333 0.030631 0.32
1 0.052252 0.493333 0.036036 0.32
17 0.091892 0.493333 0.036036 0.32
2 0.135135 0.493333 0.043243 0.32
3 0.177477 0.493333 0.034234 0.32
20 0.222523 0.493333 0.030631 0.32
24 0.246847 0.526667 0.010811 0.386667
11 0.27027 0.493333 0.028829 0.32
0 0.304505 0.493333 0.032432 0.32
9 0.354955 0.373333 0.043243 0.613333
24 0.390991 0.486667 0.021622 0.306667
7 0.420721 0.493333 0.027027 0.32
10 0.465766 0.493333 0.037838 0.32
24 0.496396 0.493333 0.016216 0.32
5 0.536937 0.493333 0.03964 0.32
11 0.577477 0.493333 0.034234 0.32
25 0.618018 0.493333 0.03964 0.32
9 0.671171 0.366667 0.059459 0.626667
11 0.722523 0.493333 0.036036 0.32
8 0.77027 0.606667 0.034234 0.626667
17 0.815315 0.493333 0.048649 0.32
2 0.87027 0.52 0.054054 0.373333
24 0.90991 0.526667 0.018018 0.386667
3 0.943243 0.493333 0.023423 0.32
4 0.972973 0.493333 0.028829 0.32
