3 0.021519 0.493333 0.043038 0.32
1 0.079747 0.493333 0.063291 0.32
10 0.134177 0.493333 0.035443 0.32
0 0.189873 0.493333 0.065823 0.32
9 0.283544 0.373333 0.086076 0.64
24 0.346835 0.493333 0.03038 0.32
7 0.388608 0.506667 0.043038 0.346667
5 0.439241 0.506667 0.048101 0.346667
20 0.498734 0.5 0.060759 0.333333
0 0.558228 0.493333 0.048101 0.32
5 0.63038 0.493333 0.060759 0.32
13 0.691139 0.493333 0.050633 0.32
19 0.755696 0.493333 0.068354 0.32
25 0.837975 0.493333 0.060759 0.32
13 0.898734 0.493333 0.050633 0.32
2 0.955696 0.493333 0.053165 0.32
