12 0.012882 0.613333 0.025765 0.613333
24 0.037842 0.493333 0.017713 0.32
5 0.069243 0.5 0.038647 0.333333
2 0.111111 0.493333 0.038647 0.32
19 0.167472 0.493333 0.05153 0.32
3 0.211755 0.5 0.030596 0.333333
6 0.243156 0.493333 0.025765 0.32
25 0.284219 0.493333 0.033816 0.32
7 0.31562 0.493333 0.022544 0.32
5 0.347826 0.493333 0.035427 0.32
2 0.388084 0.493333 0.038647 0.32
20 0.431562 0.52 0.025765 0.373333
0 0.461353 0.5 0.027375 0.333333
3 0.504026 0.513333 0.035427 0.36
6 0.542673 0.493333 0.035427 0.32
0 0.582931 0.493333 0.038647 0.32
9 0.623994 0.366667 0.020934 0.626667
0 0.664251 0.493333 0.05314 0.32
0 0.719807 0.493333 0.035427 0.32
24 0.753623 0.493333 0.025765 0.32
2 0.784219 0.52 0.028986 0.373333
24 0.81723 0.493333 0.014493 0.32
20 0.84219 0.493333 0.028986 0.32
19 0.880837 0.5 0.041868 0.333333
0 0.92029 0.493333 0.030596 0.32
9 0.963768 0.373333 0.049919 0.613333
