0 0.016552 0.52 0.033103 0.373333
25 0.056552 0.5 0.041379 0.333333
7 0.091724 0.493333 0.023448 0.32
2 0.128966 0.493333 0.031724 0.32
17 0.16069 0.493333 0.026207 0.32
3 0.187586 0.486667 0.022069 0.333333
6 0.215862 0.493333 0.028966 0.32
25 0.247586 0.493333 0.028966 0.32
5 0.281379 0.513333 0.033103 0.36
17 0.322069 0.493333 0.028966 0.32
6 0.354483 0.493333 0.030345 0.32
2 0.387586 0.493333 0.030345 0.32
19 0.423448 0.493333 0.035862 0.32
25 0.466207 0.493333 0.030345 0.32
5 0.495862 0.493333 0.023448 0.32
9 0.526897 0.38 0.033103 0.626667
0 0.557241 0.526667 0.022069 0.386667
10 0.594483 0.493333 0.033103 0.32
1 0.630345 0.493333 0.033103 0.32
2 0.668276 0.493333 0.037241 0.32
20 0.702759 0.493333 0.026207 0.32
7 0.730345 0.493333 0.023448 0.32
24 0.751034 0.526667 0.012414 0.386667
9 0.786897 0.38 0.04 0.626667
1 0.826207 0.493333 0.033103 0.32
10 0.864828 0.5 0.024828 0.333333
1 0.891724 0.493333 0.023448 0.32
0 0.91931 0.493333 0.026207 0.32
24 0.942759 0.493333 0.015172 0.32
9 0.971724 0.373333 0.037241 0.613333
