5 0.025386 0.493333 0.050773 0.32
11 0.073951 0.493333 0.037528 0.32
24 0.108168 0.493333 0.022075 0.32
24 0.143488 0.493333 0.01766 0.32
5 0.178808 0.493333 0.04415 0.32
5 0.232892 0.526667 0.055188 0.386667
11 0.282561 0.493333 0.03532 0.32
25 0.342163 0.493333 0.05298 0.32
3 0.39404 0.506667 0.041943 0.346667
16 0.460265 0.606667 0.081678 0.626667
26 0.514349 0.493333 0.01766 0.32
6 0.549669 0.493333 0.04415 0.32
25 0.609272 0.493333 0.04415 0.32
7 0.653422 0.493333 0.03532 0.32
17 0.698675 0.493333 0.046358 0.32
18 0.749448 0.5 0.046358 0.333333
24 0.798013 0.493333 0.041943 0.32
11 0.84989 0.493333 0.05298 0.32
25 0.918322 0.506667 0.05298 0.346667
9 0.966887 0.373333 0.03532 0.613333
