9 0.016927 0.373333 0.033854 0.64
0 0.048177 0.493333 0.023438 0.32
5 0.080729 0.493333 0.036458 0.32
2 0.117188 0.493333 0.03125 0.32
20 0.146484 0.493333 0.022135 0.32
1 0.172526 0.52 0.02474 0.373333
19 0.215495 0.493333 0.042969 0.32
17 0.251953 0.493333 0.02474 0.32
17 0.28125 0.493333 0.028646 0.32
19 0.315755 0.493333 0.035156 0.32
0 0.349609 0.493333 0.027344 0.32
20 0.390625 0.493333 0.036458 0.32
25 0.425781 0.526667 0.028646 0.386667
17 0.457682 0.493333 0.029948 0.32
2 0.485026 0.493333 0.019531 0.32
24 0.509766 0.493333 0.02474 0.32
9 0.546875 0.373333 0.03125 0.613333
24 0.572266 0.493333 0.014323 0.32
7 0.591146 0.493333 0.018229 0.32
24 0.615885 0.493333 0.013021 0.32
9 0.641927 0.373333 0.033854 0.613333
5 0.673828 0.5 0.02474 0.333333
25 0.704427 0.52 0.03125 0.373333
5 0.738932 0.493333 0.032552 0.32
25 0.771484 0.493333 0.027344 0.32
25 0.808594 0.493333 0.028646 0.32
7 0.839193 0.493333 0.027344 0.32
10 0.867839 0.526667 0.02474 0.386667
25 0.902344 0.5 0.039062 0.333333
11 0.936198 0.493333 0.023438 0.32
19 0.970703 0.5 0.040365 0.333333
