20 0.02381 0.493333 0.047619 0.32
25 0.075964 0.493333 0.047619 0.32
17 0.122449 0.493333 0.036281 0.32
2 0.174603 0.493333 0.058957 0.32
5 0.244898 0.493333 0.049887 0.32
9 0.30839 0.373333 0.068027 0.613333
0 0.370748 0.493333 0.047619 0.32
25 0.444444 0.5 0.068027 0.333333
11 0.502268 0.493333 0.038549 0.32
20 0.55102 0.493333 0.049887 0.32
0 0.617914 0.493333 0.07483 0.32
2 0.692744 0.493333 0.043084 0.32
17 0.736961 0.493333 0.036281 0.32
1 0.786848 0.493333 0.054422 0.32
19 0.85034 0.493333 0.063492 0.32
13 0.908163 0.493333 0.043084 0.32
0 0.959184 0.493333 0.049887 0.32
