12 0.012574 0.613333 0.025148 0.64
24 0.034763 0.52 0.013314 0.373333
5 0.069527 0.493333 0.050296 0.32
24 0.106509 0.493333 0.017751 0.32
24 0.133136 0.493333 0.014793 0.32
14 0.154586 0.493333 0.022189 0.32
0 0.184172 0.493333 0.031065 0.32
9 0.22855 0.38 0.036982 0.626667
0 0.260355 0.513333 0.02071 0.36
0 0.295118 0.526667 0.028107 0.386667
1 0.337278 0.493333 0.050296 0.32
19 0.389053 0.493333 0.047337 0.32
17 0.429734 0.493333 0.028107 0.32
24 0.454142 0.493333 0.014793 0.32
3 0.486686 0.493333 0.029586 0.32
6 0.525888 0.493333 0.042899 0.32
24 0.558432 0.493333 0.016272 0.32
0 0.590976 0.52 0.028107 0.373333
2 0.627219 0.493333 0.038462 0.32
6 0.662722 0.486667 0.023669 0.306667
7 0.688609 0.493333 0.022189 0.32
9 0.726331 0.38 0.047337 0.626667
0 0.77071 0.493333 0.035503 0.32
0 0.818787 0.493333 0.039941 0.32
9 0.860207 0.373333 0.036982 0.613333
25 0.903846 0.493333 0.044379 0.32
13 0.942308 0.493333 0.026627 0.32
0 0.974112 0.493333 0.031065 0.32
