20 0.018868 0.493333 0.037736 0.32
24 0.053066 0.52 0.021226 0.373333
3 0.087264 0.513333 0.037736 0.36
14 0.128538 0.493333 0.035377 0.32
20 0.1875 0.493333 0.049528 0.32
0 0.241745 0.493333 0.049528 0.32
0 0.305425 0.493333 0.044811 0.32
9 0.35967 0.373333 0.054245 0.613333
20 0.428066 0.493333 0.049528 0.32
0 0.495283 0.493333 0.075472 0.32
24 0.5625 0.493333 0.025943 0.32
1 0.612028 0.493333 0.063679 0.32
11 0.669811 0.493333 0.042453 0.32
19 0.726415 0.493333 0.061321 0.32
20 0.79717 0.493333 0.04717 0.32
25 0.851415 0.493333 0.051887 0.32
2 0.912736 0.506667 0.061321 0.346667
11 0.965802 0.52 0.035377 0.373333
