0 0.02349 0.493333 0.04698 0.32
24 0.063758 0.493333 0.024609 0.32
5 0.104027 0.506667 0.04698 0.346667
10 0.163311 0.506667 0.040268 0.346667
1 0.217002 0.493333 0.058166 0.32
9 0.277405 0.38 0.053691 0.626667
9 0.336689 0.346667 0.055928 0.666667
1 0.407159 0.493333 0.076063 0.32
20 0.48434 0.493333 0.04698 0.32
0 0.527964 0.493333 0.03132 0.32
9 0.5783 0.36 0.060403 0.666667
1 0.638702 0.493333 0.051454 0.32
9 0.693512 0.373333 0.049217 0.613333
0 0.751678 0.493333 0.058166 0.32
0 0.822148 0.493333 0.051454 0.32
9 0.876957 0.373333 0.049217 0.666667
10 0.923937 0.513333 0.035794 0.36
1 0.965324 0.493333 0.038031 0.32
