5 0.018791 0.493333 0.037582 0.32
7 0.051471 0.493333 0.021242 0.32
2 0.084967 0.493333 0.039216 0.32
9 0.125 0.36 0.034314 0.666667
0 0.169935 0.493333 0.03268 0.32
5 0.211601 0.493333 0.044118 0.32
24 0.252451 0.493333 0.014706 0.32
5 0.28268 0.493333 0.039216 0.32
1 0.316993 0.493333 0.022876 0.32
17 0.349673 0.493333 0.035948 0.32
8 0.406046 0.606667 0.053922 0.626667
17 0.452614 0.493333 0.03268 0.32
2 0.492647 0.526667 0.04085 0.386667
24 0.523693 0.493333 0.014706 0.32
9 0.554739 0.386667 0.04085 0.64
0 0.593954 0.493333 0.031046 0.32
5 0.638072 0.493333 0.034314 0.32
11 0.676471 0.493333 0.035948 0.32
5 0.714869 0.493333 0.034314 0.32
25 0.752451 0.493333 0.034314 0.32
3 0.793301 0.493333 0.04085 0.32
24 0.82598 0.493333 0.017974 0.32
17 0.861928 0.493333 0.031046 0.32
2 0.896242 0.493333 0.031046 0.32
20 0.939542 0.493333 0.03268 0.32
0 0.973856 0.506667 0.029412 0.346667
