5 0.032366 0.493333 0.064732 0.32
20 0.087054 0.493333 0.035714 0.32
0 0.131696 0.526667 0.044643 0.386667
12 0.180804 0.593333 0.022321 0.653333
11 0.220982 0.493333 0.049107 0.32
5 0.282366 0.493333 0.042411 0.32
24 0.323661 0.493333 0.03125 0.32
5 0.368304 0.493333 0.049107 0.32
25 0.419643 0.493333 0.044643 0.32
24 0.46875 0.526667 0.022321 0.386667
19 0.517857 0.493333 0.066964 0.32
17 0.574777 0.526667 0.037946 0.386667
3 0.617188 0.493333 0.037946 0.32
24 0.65067 0.493333 0.020089 0.32
9 0.702009 0.393333 0.051339 0.653333
19 0.761161 0.486667 0.058036 0.333333
12 0.8125 0.586667 0.035714 0.666667
25 0.858259 0.493333 0.046875 0.32
13 0.90625 0.493333 0.040179 0.32
2 0.957589 0.493333 0.053571 0.32
