17 0.021459 0.493333 0.042918 0.32
19 0.081545 0.493333 0.06867 0.32
0 0.142704 0.506667 0.045064 0.346667
24 0.19206 0.493333 0.023605 0.32
9 0.242489 0.386667 0.060086 0.586667
19 0.305794 0.513333 0.05794 0.36
14 0.35515 0.493333 0.032189 0.32
13 0.395923 0.493333 0.040773 0.32
9 0.463519 0.373333 0.064378 0.613333
0 0.525751 0.493333 0.051502 0.32
12 0.584764 0.613333 0.036481 0.613333
2 0.629828 0.52 0.045064 0.373333
10 0.678112 0.52 0.042918 0.373333
25 0.727468 0.493333 0.04721 0.32
24 0.763948 0.493333 0.017167 0.32
4 0.803648 0.5 0.053648 0.333333
0 0.872318 0.493333 0.053648 0.32
25 0.925966 0.493333 0.045064 0.32
7 0.968884 0.493333 0.032189 0.32
