3 0.017682 0.493333 0.035363 0.32
25 0.059921 0.493333 0.041257 0.32
2 0.101179 0.493333 0.033399 0.32
24 0.132613 0.493333 0.021611 0.32
9 0.174853 0.373333 0.035363 0.64
1 0.220039 0.493333 0.047151 0.32
17 0.264244 0.493333 0.033399 0.32
20 0.304519 0.493333 0.039293 0.32
2 0.348723 0.493333 0.041257 0.32
20 0.40668 0.493333 0.043222 0.293333
24 0.447937 0.493333 0.027505 0.32
0 0.492141 0.493333 0.053045 0.32
11 0.53831 0.493333 0.031434 0.32
25 0.587426 0.493333 0.039293 0.32
24 0.621807 0.493333 0.021611 0.32
9 0.660118 0.373333 0.047151 0.613333
19 0.724951 0.493333 0.05501 0.32
17 0.780943 0.493333 0.049116 0.32
3 0.836935 0.493333 0.035363 0.32
2 0.880157 0.493333 0.043222 0.32
1 0.925344 0.493333 0.039293 0.32
0 0.967583 0.493333 0.037328 0.32
