12 0.018568 0.62 0.037135 0.626667
11 0.066313 0.493333 0.047745 0.32
0 0.116711 0.52 0.04244 0.373333
24 0.155172 0.493333 0.023873 0.32
25 0.214854 0.493333 0.058355 0.32
13 0.266578 0.493333 0.034483 0.32
17 0.314324 0.5 0.050398 0.333333
19 0.384615 0.493333 0.079576 0.32
0 0.454907 0.493333 0.050398 0.32
9 0.522546 0.38 0.047745 0.626667
7 0.574271 0.493333 0.045093 0.32
10 0.635279 0.493333 0.039788 0.32
0 0.687003 0.526667 0.05305 0.386667
0 0.762599 0.493333 0.087533 0.32
11 0.83687 0.493333 0.050398 0.32
9 0.893899 0.373333 0.05305 0.613333
1 0.953581 0.493333 0.055703 0.32
