10 0.018152 0.493333 0.036304 0.32
25 0.059406 0.493333 0.039604 0.32
9 0.099835 0.373333 0.034653 0.613333
24 0.125413 0.526667 0.009901 0.386667
24 0.14934 0.493333 0.014851 0.32
2 0.174917 0.493333 0.029703 0.32
25 0.218647 0.493333 0.034653 0.32
13 0.2533 0.493333 0.028053 0.32
25 0.288779 0.493333 0.036304 0.32
1 0.326733 0.52 0.033003 0.373333
20 0.373762 0.493333 0.037954 0.32
0 0.422442 0.493333 0.052805 0.32
9 0.476898 0.38 0.033003 0.626667
1 0.518152 0.493333 0.042904 0.32
10 0.565182 0.493333 0.044554 0.32
25 0.615512 0.493333 0.049505 0.32
2 0.660891 0.493333 0.034653 0.32
17 0.70132 0.493333 0.039604 0.32
20 0.74835 0.506667 0.031353 0.346667
0 0.785479 0.506667 0.036304 0.346667
24 0.816007 0.493333 0.018152 0.32
21 0.853135 0.493333 0.033003 0.32
24 0.884488 0.493333 0.023102 0.32
0 0.915017 0.52 0.031353 0.373333
0 0.955446 0.493333 0.026403 0.32
24 0.980198 0.493333 0.016502 0.32
