25 0.015827 0.493333 0.031655 0.32
3 0.056115 0.5 0.043165 0.333333
2 0.095683 0.493333 0.030216 0.32
1 0.133094 0.493333 0.038849 0.32
24 0.163309 0.493333 0.015827 0.32
5 0.196403 0.506667 0.030216 0.346667
9 0.238849 0.373333 0.048921 0.64
9 0.290647 0.373333 0.034532 0.613333
24 0.317986 0.493333 0.014388 0.32
7 0.341007 0.493333 0.025899 0.32
24 0.36259 0.493333 0.011511 0.32
9 0.393525 0.36 0.030216 0.666667
0 0.427338 0.506667 0.031655 0.346667
9 0.47482 0.373333 0.043165 0.613333
7 0.511511 0.493333 0.02446 0.32
5 0.545324 0.493333 0.03741 0.32
25 0.588489 0.493333 0.043165 0.32
2 0.627338 0.493333 0.028777 0.32
0 0.668345 0.493333 0.047482 0.32
9 0.723022 0.38 0.041727 0.626667
24 0.755396 0.493333 0.017266 0.32
16 0.791367 0.613333 0.048921 0.64
12 0.838849 0.6 0.025899 0.64
24 0.859712 0.493333 0.010072 0.32
7 0.878417 0.506667 0.021583 0.346667
9 0.906475 0.38 0.028777 0.626667
10 0.944604 0.493333 0.027338 0.32
1 0.97554 0.493333 0.028777 0.32
