9 0.030303 0.373333 0.060606 0.64
24 0.073084 0.493333 0.017825 0.32
7 0.097148 0.493333 0.023173 0.32
15 0.136364 0.606667 0.048128 0.626667
18 0.185383 0.493333 0.042781 0.32
7 0.219251 0.513333 0.017825 0.36
10 0.259358 0.493333 0.037433 0.32
2 0.300357 0.526667 0.037433 0.386667
9 0.345811 0.38 0.02852 0.626667
24 0.372549 0.493333 0.017825 0.32
7 0.398396 0.493333 0.026738 0.32
25 0.45098 0.493333 0.053476 0.32
3 0.502674 0.493333 0.042781 0.32
24 0.550802 0.493333 0.02852 0.32
25 0.586453 0.493333 0.035651 0.32
5 0.629234 0.493333 0.042781 0.32
0 0.675579 0.493333 0.042781 0.32
9 0.726381 0.38 0.051693 0.626667
25 0.786096 0.493333 0.042781 0.32
7 0.822638 0.493333 0.023173 0.32
17 0.856506 0.493333 0.037433 0.32
11 0.894831 0.493333 0.032086 0.32
19 0.93672 0.493333 0.044563 0.32
11 0.975045 0.493333 0.024955 0.32
