0 0.018486 0.493333 0.036972 0.32
9 0.066901 0.393333 0.052817 0.653333
24 0.104754 0.493333 0.015845 0.32
9 0.142606 0.373333 0.035211 0.613333
0 0.182218 0.493333 0.036972 0.32
10 0.225352 0.493333 0.024648 0.32
25 0.260563 0.493333 0.038732 0.32
11 0.297535 0.493333 0.028169 0.32
9 0.345951 0.38 0.06162 0.626667
7 0.392606 0.493333 0.024648 0.32
9 0.429577 0.373333 0.042254 0.613333
20 0.485915 0.493333 0.045775 0.32
24 0.521127 0.493333 0.017606 0.32
0 0.554577 0.493333 0.042254 0.32
11 0.589789 0.493333 0.021127 0.32
24 0.611796 0.493333 0.015845 0.32
5 0.654049 0.513333 0.044014 0.36
0 0.697183 0.493333 0.035211 0.32
17 0.733275 0.526667 0.02993 0.386667
25 0.771127 0.526667 0.038732 0.386667
0 0.822183 0.493333 0.038732 0.32
9 0.866197 0.386667 0.042254 0.64
9 0.919014 0.373333 0.038732 0.613333
24 0.948944 0.493333 0.014085 0.32
7 0.973592 0.493333 0.028169 0.32
