0 0.025676 0.526667 0.051351 0.386667
9 0.1 0.36 0.086486 0.666667
0 0.178378 0.5 0.059459 0.333333
25 0.245946 0.52 0.064865 0.373333
7 0.304054 0.493333 0.040541 0.32
17 0.374324 0.513333 0.062162 0.36
2 0.437838 0.493333 0.054054 0.32
3 0.495946 0.493333 0.051351 0.32
9 0.562162 0.38 0.07027 0.626667
24 0.617568 0.493333 0.02973 0.32
7 0.67027 0.526667 0.064865 0.386667
9 0.75 0.353333 0.056757 0.68
24 0.797297 0.493333 0.027027 0.32
7 0.839189 0.493333 0.045946 0.32
25 0.897297 0.493333 0.059459 0.32
7 0.956757 0.493333 0.048649 0.32
