5 0.029793 0.5 0.059585 0.333333
9 0.09715 0.366667 0.064767 0.626667
0 0.156736 0.493333 0.044041 0.32
9 0.218912 0.36 0.069948 0.666667
24 0.272021 0.493333 0.025907 0.32
7 0.314767 0.493333 0.049223 0.32
9 0.38601 0.38 0.056995 0.626667
24 0.437824 0.493333 0.036269 0.32
7 0.481865 0.52 0.041451 0.373333
2 0.53886 0.493333 0.062176 0.32
24 0.601036 0.493333 0.025907 0.32
25 0.647668 0.493333 0.056995 0.32
9 0.717617 0.38 0.072539 0.626667
1 0.794041 0.5 0.069948 0.333333
5 0.873057 0.493333 0.051813 0.32
19 0.943005 0.493333 0.07772 0.32
