20 0.025758 0.486667 0.051515 0.333333
24 0.071212 0.493333 0.027273 0.32
17 0.119697 0.493333 0.057576 0.32
24 0.168182 0.493333 0.027273 0.32
3 0.218182 0.493333 0.060606 0.32
12 0.29697 0.613333 0.054545 0.613333
11 0.356061 0.513333 0.051515 0.36
12 0.413636 0.62 0.051515 0.626667
25 0.475758 0.493333 0.060606 0.32
2 0.542424 0.493333 0.060606 0.32
25 0.612121 0.493333 0.066667 0.32
9 0.719697 0.38 0.106061 0.626667
0 0.818182 0.506667 0.078788 0.346667
20 0.889394 0.493333 0.051515 0.32
0 0.95 0.493333 0.057576 0.32
