25 0.016925 0.52 0.03385 0.373333
2 0.053597 0.493333 0.03385 0.32
9 0.09591 0.366667 0.045134 0.626667
10 0.138223 0.493333 0.019746 0.32
0 0.165726 0.506667 0.029619 0.346667
12 0.203103 0.613333 0.025388 0.64
20 0.229901 0.493333 0.022567 0.32
13 0.253879 0.493333 0.019746 0.32
0 0.282087 0.493333 0.03103 0.32
24 0.310296 0.493333 0.019746 0.32
2 0.346968 0.526667 0.03385 0.386667
9 0.382228 0.373333 0.03103 0.613333
5 0.415374 0.493333 0.029619 0.32
24 0.440762 0.493333 0.015515 0.32
5 0.464034 0.506667 0.025388 0.346667
25 0.494358 0.493333 0.029619 0.32
2 0.531735 0.493333 0.025388 0.32
24 0.554302 0.493333 0.014104 0.32
21 0.580395 0.493333 0.03244 0.32
12 0.608604 0.606667 0.018336 0.626667
11 0.630465 0.493333 0.019746 0.32
25 0.664316 0.493333 0.028209 0.32
7 0.690409 0.493333 0.018336 0.32
5 0.726375 0.493333 0.03385 0.32
7 0.758815 0.506667 0.025388 0.346667
3 0.789845 0.513333 0.03103 0.36
6 0.825106 0.526667 0.03385 0.386667
0 0.859661 0.493333 0.029619 0.32
10 0.900564 0.526667 0.03244 0.386667
25 0.940762 0.493333 0.042313 0.32
2 0.977433 0.513333 0.025388 0.36
