20 0.013619 0.52 0.027237 0.373333
24 0.041829 0.493333 0.021401 0.32
11 0.070039 0.52 0.027237 0.373333
0 0.106031 0.493333 0.036965 0.32
25 0.159533 0.493333 0.042802 0.32
7 0.196498 0.5 0.023346 0.333333
10 0.230545 0.513333 0.036965 0.36
2 0.277237 0.493333 0.048638 0.32
9 0.328794 0.373333 0.046693 0.613333
2 0.38035 0.493333 0.048638 0.32
5 0.439689 0.493333 0.042802 0.32
7 0.48249 0.506667 0.035019 0.346667
25 0.535019 0.493333 0.042802 0.32
2 0.577821 0.493333 0.035019 0.32
0 0.618677 0.526667 0.038911 0.386667
9 0.684825 0.366667 0.066148 0.626667
1 0.743191 0.493333 0.042802 0.32
24 0.786965 0.493333 0.01751 0.32
13 0.817121 0.493333 0.035019 0.32
24 0.851167 0.493333 0.025292 0.32
5 0.888132 0.493333 0.040856 0.32
5 0.945525 0.506667 0.046693 0.346667
26 0.979572 0.493333 0.013619 0.32
