2 0.017352 0.493333 0.034704 0.32
24 0.041774 0.493333 0.008997 0.32
17 0.064267 0.493333 0.030848 0.32
9 0.104756 0.386667 0.032134 0.64
0 0.138817 0.493333 0.030848 0.32
10 0.177378 0.513333 0.028278 0.36
24 0.200514 0.493333 0.012853 0.32
10 0.228149 0.493333 0.024422 0.32
24 0.25 0.493333 0.014139 0.32
16 0.281491 0.613333 0.043702 0.613333
13 0.313625 0.493333 0.015424 0.32
24 0.329692 0.493333 0.011568 0.32
12 0.354113 0.613333 0.01928 0.613333
11 0.378535 0.493333 0.024422 0.32
20 0.413239 0.493333 0.026992 0.32
0 0.441517 0.513333 0.024422 0.36
10 0.48072 0.493333 0.03599 0.32
24 0.508355 0.493333 0.014139 0.32
25 0.537275 0.5 0.03856 0.333333
9 0.58162 0.38 0.032134 0.626667
24 0.607326 0.493333 0.014139 0.32
7 0.628535 0.52 0.023136 0.373333
10 0.65874 0.493333 0.01928 0.32
24 0.678021 0.493333 0.014139 0.32
25 0.703085 0.52 0.030848 0.373333
19 0.737147 0.506667 0.032134 0.346667
25 0.768638 0.493333 0.025707 0.32
0 0.796272 0.493333 0.024422 0.32
19 0.840617 0.493333 0.046272 0.32
25 0.87982 0.493333 0.026992 0.32
0 0.909383 0.493333 0.026992 0.32
25 0.94473 0.493333 0.03856 0.32
3 0.978792 0.493333 0.024422 0.32
