5 0.036524 0.493333 0.073048 0.32
7 0.094458 0.493333 0.032746 0.32
24 0.124685 0.493333 0.017632 0.32
12 0.154912 0.613333 0.032746 0.64
7 0.196474 0.493333 0.040302 0.32
24 0.235516 0.493333 0.027708 0.32
24 0.278338 0.493333 0.02267 0.32
25 0.321159 0.493333 0.052897 0.32
5 0.380353 0.493333 0.055416 0.32
25 0.440806 0.493333 0.055416 0.32
25 0.511335 0.493333 0.050378 0.32
3 0.561713 0.493333 0.040302 0.32
20 0.622166 0.493333 0.04534 0.32
24 0.662469 0.526667 0.025189 0.386667
11 0.700252 0.493333 0.040302 0.32
24 0.75063 0.526667 0.025189 0.386667
11 0.793451 0.493333 0.050378 0.32
25 0.850126 0.493333 0.052897 0.32
24 0.905542 0.493333 0.02267 0.32
9 0.952141 0.38 0.060453 0.626667
