10 0.015947 0.493333 0.031895 0.32
24 0.04409 0.493333 0.016886 0.32
25 0.076923 0.493333 0.041276 0.32
3 0.122889 0.493333 0.02439 0.32
6 0.152908 0.493333 0.028143 0.32
25 0.193246 0.52 0.045028 0.373333
5 0.242026 0.493333 0.045028 0.32
5 0.295497 0.493333 0.054409 0.32
7 0.34334 0.493333 0.033771 0.32
10 0.38743 0.493333 0.028143 0.32
9 0.428705 0.38 0.046904 0.626667
25 0.478424 0.506667 0.045028 0.346667
1 0.535647 0.493333 0.061914 0.32
5 0.602251 0.526667 0.045028 0.386667
3 0.651032 0.493333 0.045028 0.32
4 0.711069 0.513333 0.04878 0.36
9 0.762664 0.4 0.046904 0.666667
14 0.805816 0.486667 0.028143 0.306667
5 0.851782 0.493333 0.033771 0.32
7 0.888368 0.493333 0.031895 0.32
24 0.917448 0.5 0.018762 0.333333
9 0.958724 0.373333 0.056285 0.613333
