20 0.028474 0.493333 0.056948 0.32
11 0.083144 0.493333 0.04328 0.32
7 0.126424 0.493333 0.034169 0.32
6 0.168565 0.493333 0.041002 0.32
5 0.228929 0.506667 0.047836 0.346667
26 0.265376 0.493333 0.015945 0.32
24 0.288155 0.493333 0.020501 0.32
24 0.316629 0.486667 0.027335 0.306667
9 0.355353 0.393333 0.036446 0.653333
9 0.420273 0.346667 0.061503 0.666667
1 0.47836 0.493333 0.045558 0.32
0 0.52164 0.493333 0.031891 0.32
2 0.566059 0.493333 0.047836 0.32
20 0.621868 0.493333 0.05467 0.32
7 0.67426 0.493333 0.041002 0.32
12 0.723235 0.606667 0.025057 0.626667
11 0.758542 0.493333 0.036446 0.32
6 0.805239 0.493333 0.047836 0.32
24 0.845103 0.493333 0.022779 0.32
7 0.874715 0.5 0.027335 0.333333
3 0.921412 0.493333 0.034169 0.32
1 0.963554 0.493333 0.041002 0.32
