25 0.016807 0.52 0.033613 0.373333
7 0.047619 0.5 0.022409 0.333333
9 0.081232 0.373333 0.039216 0.613333
0 0.121148 0.493333 0.035014 0.32
24 0.148459 0.493333 0.014006 0.32
20 0.179272 0.493333 0.028011 0.32
0 0.205882 0.493333 0.019608 0.32
25 0.239496 0.493333 0.028011 0.32
6 0.267507 0.5 0.022409 0.333333
12 0.288515 0.613333 0.014006 0.613333
24 0.301821 0.493333 0.007003 0.32
24 0.315126 0.493333 0.014006 0.32
1 0.343838 0.506667 0.037815 0.346667
9 0.395658 0.366667 0.046218 0.626667
0 0.435574 0.493333 0.028011 0.32
12 0.465686 0.613333 0.012605 0.613333
11 0.488796 0.493333 0.028011 0.32
24 0.513305 0.493333 0.015406 0.32
25 0.546218 0.526667 0.030812 0.386667
9 0.579832 0.373333 0.030812 0.613333
15 0.616246 0.62 0.036415 0.626667
13 0.644258 0.493333 0.014006 0.32
5 0.67507 0.5 0.042017 0.333333
10 0.719188 0.493333 0.026611 0.32
4 0.752801 0.493333 0.035014 0.32
20 0.782213 0.513333 0.018207 0.36
0 0.810924 0.52 0.033613 0.373333
5 0.855742 0.493333 0.036415 0.32
7 0.885854 0.493333 0.018207 0.32
5 0.918768 0.493333 0.028011 0.32
13 0.94888 0.493333 0.026611 0.32
1 0.977591 0.493333 0.02521 0.32
