3 0.010172 0.493333 0.020344 0.32
1 0.044601 0.486667 0.039124 0.306667
17 0.08216 0.493333 0.029734 0.32
2 0.112676 0.493333 0.025039 0.32
3 0.140845 0.493333 0.025039 0.32
9 0.186228 0.373333 0.043818 0.613333
7 0.222222 0.493333 0.021909 0.32
25 0.252739 0.493333 0.032864 0.32
13 0.284038 0.493333 0.023474 0.32
11 0.313772 0.493333 0.029734 0.32
11 0.346635 0.493333 0.029734 0.32
3 0.383412 0.506667 0.021909 0.346667
25 0.416275 0.52 0.037559 0.373333
2 0.452269 0.493333 0.028169 0.32
20 0.488263 0.493333 0.037559 0.32
0 0.525822 0.506667 0.031299 0.346667
19 0.574335 0.5 0.043818 0.333333
0 0.613459 0.493333 0.028169 0.32
20 0.649452 0.52 0.021909 0.373333
0 0.678404 0.493333 0.029734 0.32
24 0.704225 0.493333 0.015649 0.32
25 0.732394 0.493333 0.034429 0.32
5 0.770736 0.493333 0.035994 0.32
25 0.810642 0.52 0.037559 0.373333
25 0.856808 0.493333 0.032864 0.32
17 0.889671 0.493333 0.026604 0.32
2 0.925665 0.493333 0.039124 0.32
3 0.968701 0.493333 0.040689 0.32
