9 0.016801 0.346667 0.033602 0.666667
24 0.043683 0.493333 0.014785 0.32
7 0.065188 0.493333 0.022849 0.32
0 0.098118 0.52 0.024194 0.373333
5 0.127016 0.493333 0.028226 0.32
24 0.151882 0.486667 0.016129 0.306667
9 0.176747 0.38 0.025538 0.626667
20 0.211694 0.493333 0.025538 0.32
0 0.241263 0.506667 0.028226 0.346667
10 0.275538 0.493333 0.034946 0.32
24 0.302419 0.526667 0.013441 0.386667
9 0.327957 0.38 0.032258 0.626667
19 0.364247 0.493333 0.034946 0.32
2 0.406586 0.526667 0.030914 0.386667
17 0.443548 0.493333 0.037634 0.32
16 0.484543 0.613333 0.038978 0.613333
25 0.533602 0.5 0.040323 0.333333
19 0.578629 0.493333 0.044355 0.32
13 0.614919 0.493333 0.022849 0.32
0 0.650538 0.493333 0.043011 0.32
19 0.704973 0.493333 0.047043 0.32
24 0.737903 0.526667 0.013441 0.386667
13 0.75672 0.493333 0.018817 0.32
0 0.781586 0.493333 0.025538 0.32
5 0.820565 0.493333 0.033602 0.32
9 0.859543 0.373333 0.038978 0.613333
0 0.894489 0.493333 0.025538 0.32
5 0.936828 0.493333 0.040323 0.32
26 0.964382 0.493333 0.009409 0.32
24 0.981183 0.493333 0.018817 0.32
