12 0.00882 0.613333 0.017639 0.613333
11 0.032564 0.493333 0.024423 0.32
17 0.065807 0.493333 0.036635 0.32
11 0.09905 0.493333 0.024423 0.32
0 0.127544 0.526667 0.027137 0.386667
0 0.164858 0.493333 0.028494 0.32
24 0.18521 0.493333 0.006784 0.32
9 0.209634 0.38 0.036635 0.626667
9 0.247626 0.4 0.033921 0.666667
25 0.289009 0.526667 0.029851 0.386667
7 0.315468 0.513333 0.017639 0.36
9 0.341927 0.373333 0.029851 0.613333
0 0.381275 0.493333 0.043419 0.32
24 0.41384 0.493333 0.016282 0.32
10 0.440977 0.493333 0.018996 0.32
3 0.464043 0.513333 0.02171 0.36
0 0.493894 0.52 0.032564 0.373333
24 0.518996 0.493333 0.012212 0.32
5 0.548168 0.5 0.040706 0.333333
24 0.583446 0.493333 0.010855 0.32
25 0.605156 0.493333 0.027137 0.32
3 0.629579 0.493333 0.016282 0.32
4 0.658752 0.493333 0.036635 0.32
2 0.693351 0.506667 0.027137 0.346667
9 0.734057 0.373333 0.035278 0.613333
19 0.774763 0.493333 0.040706 0.32
5 0.812754 0.493333 0.029851 0.32
20 0.843284 0.493333 0.02578 0.32
0 0.873134 0.493333 0.028494 0.32
20 0.910448 0.493333 0.027137 0.32
0 0.943012 0.493333 0.032564 0.32
9 0.975577 0.333333 0.027137 0.506667
