5 0.016517 0.5 0.033033 0.333333
13 0.0503 0.493333 0.028529 0.32
14 0.081081 0.513333 0.027027 0.36
24 0.111111 0.493333 0.012012 0.32
9 0.12988 0.366667 0.01952 0.626667
25 0.172673 0.5 0.045045 0.333333
14 0.21021 0.493333 0.024024 0.32
10 0.243994 0.493333 0.022523 0.32
0 0.287538 0.526667 0.058559 0.386667
24 0.334084 0.493333 0.028529 0.32
8 0.383634 0.606667 0.04955 0.626667
2 0.427177 0.493333 0.031532 0.32
10 0.467718 0.493333 0.028529 0.32
1 0.506006 0.493333 0.042042 0.32
25 0.546547 0.493333 0.033033 0.32
7 0.576577 0.493333 0.021021 0.32
9 0.608108 0.373333 0.036036 0.613333
9 0.653153 0.373333 0.033033 0.613333
0 0.684685 0.526667 0.024024 0.386667
3 0.71997 0.493333 0.025526 0.32
6 0.748498 0.493333 0.025526 0.32
25 0.782282 0.506667 0.036036 0.346667
1 0.825075 0.493333 0.028529 0.32
9 0.863363 0.373333 0.042042 0.613333
25 0.903153 0.493333 0.031532 0.32
3 0.937688 0.493333 0.031532 0.32
2 0.972973 0.493333 0.033033 0.32
