3 0.014286 0.493333 0.028571 0.32
2 0.049107 0.513333 0.033929 0.36
5 0.091964 0.526667 0.044643 0.386667
7 0.130357 0.506667 0.025 0.346667
2 0.166071 0.493333 0.039286 0.32
9 0.214286 0.393333 0.05 0.653333
5 0.269643 0.493333 0.035714 0.32
7 0.304464 0.493333 0.026786 0.32
24 0.329464 0.493333 0.016071 0.32
25 0.376786 0.493333 0.053571 0.32
19 0.432143 0.52 0.05 0.373333
24 0.470536 0.493333 0.019643 0.32
3 0.498214 0.486667 0.028571 0.333333
16 0.541071 0.613333 0.05 0.613333
0 0.607143 0.493333 0.057143 0.32
25 0.658036 0.493333 0.0375 0.32
7 0.691071 0.493333 0.021429 0.32
10 0.71875 0.493333 0.026786 0.32
5 0.758929 0.493333 0.046429 0.32
9 0.8 0.373333 0.028571 0.613333
0 0.845536 0.493333 0.0375 0.32
16 0.891964 0.613333 0.048214 0.613333
24 0.927679 0.52 0.016071 0.373333
19 0.963393 0.493333 0.048214 0.32
