5 0.029973 0.5 0.059946 0.333333
13 0.092643 0.493333 0.054496 0.32
19 0.16485 0.493333 0.079019 0.32
9 0.247956 0.38 0.076294 0.626667
1 0.3297 0.493333 0.076294 0.32
26 0.399183 0.493333 0.024523 0.32
24 0.426431 0.493333 0.019074 0.32
1 0.474114 0.493333 0.065395 0.32
9 0.553134 0.373333 0.081744 0.613333
25 0.643052 0.526667 0.059946 0.386667
9 0.713896 0.373333 0.070845 0.613333
25 0.784741 0.493333 0.059946 0.32
24 0.836512 0.493333 0.032698 0.32
6 0.886921 0.493333 0.057221 0.32
0 0.950954 0.513333 0.059946 0.36
