20 0.031421 0.493333 0.062842 0.32
0 0.101093 0.493333 0.065574 0.32
24 0.146175 0.493333 0.013661 0.32
12 0.195355 0.62 0.046448 0.626667
11 0.241803 0.513333 0.035519 0.36
3 0.311475 0.493333 0.065574 0.346667
4 0.378415 0.493333 0.057377 0.32
13 0.437158 0.513333 0.04918 0.36
9 0.497268 0.373333 0.060109 0.613333
24 0.561475 0.493333 0.030055 0.32
20 0.610656 0.493333 0.057377 0.32
25 0.673497 0.493333 0.057377 0.32
18 0.736339 0.493333 0.057377 0.32
7 0.793716 0.493333 0.046448 0.32
24 0.837432 0.493333 0.030055 0.32
20 0.894809 0.493333 0.046448 0.32
0 0.952186 0.493333 0.057377 0.32
