10 0.00953 0.493333 0.01906 0.32
25 0.036849 0.52 0.030496 0.373333
11 0.062262 0.493333 0.015248 0.32
19 0.090851 0.506667 0.036849 0.346667
24 0.11817 0.493333 0.012706 0.32
9 0.142948 0.373333 0.031766 0.613333
9 0.184244 0.386667 0.033037 0.64
24 0.208386 0.493333 0.010165 0.32
7 0.223634 0.493333 0.015248 0.32
17 0.2554 0.493333 0.030496 0.32
20 0.28526 0.493333 0.024142 0.32
0 0.315756 0.493333 0.031766 0.32
25 0.355781 0.506667 0.030496 0.346667
2 0.385642 0.493333 0.024142 0.32
17 0.409784 0.493333 0.01906 0.32
1 0.436468 0.493333 0.029225 0.32
12 0.465057 0.613333 0.022872 0.613333
2 0.498094 0.513333 0.038119 0.36
0 0.538119 0.493333 0.024142 0.32
24 0.559085 0.493333 0.012706 0.32
25 0.581957 0.526667 0.027954 0.386667
20 0.611817 0.493333 0.026684 0.32
0 0.642948 0.493333 0.030496 0.32
2 0.681703 0.493333 0.029225 0.32
26 0.703939 0.493333 0.010165 0.32
7 0.719822 0.493333 0.016518 0.32
5 0.750318 0.493333 0.026684 0.32
20 0.778272 0.493333 0.024142 0.32
0 0.808132 0.493333 0.030496 0.32
3 0.843075 0.493333 0.021601 0.32
11 0.866582 0.493333 0.02033 0.32
24 0.882465 0.493333 0.006353 0.32
1 0.899619 0.493333 0.022872 0.32
9 0.935832 0.366667 0.031766 0.626667
0 0.972681 0.493333 0.036849 0.32
