9 0.018519 0.373333 0.037037 0.613333
1 0.05475 0.493333 0.028986 0.32
5 0.099034 0.493333 0.037037 0.32
9 0.144928 0.373333 0.048309 0.613333
0 0.190016 0.493333 0.035427 0.32
25 0.23591 0.493333 0.033816 0.32
20 0.276167 0.493333 0.040258 0.32
17 0.316425 0.493333 0.033816 0.32
20 0.351852 0.493333 0.030596 0.32
24 0.376812 0.493333 0.012882 0.32
5 0.412238 0.5 0.035427 0.333333
11 0.446055 0.493333 0.025765 0.32
9 0.487923 0.38 0.035427 0.626667
0 0.530596 0.52 0.043478 0.373333
5 0.574879 0.513333 0.038647 0.36
24 0.60306 0.493333 0.011272 0.32
5 0.630435 0.493333 0.037037 0.32
25 0.668277 0.493333 0.032206 0.32
9 0.708535 0.373333 0.025765 0.613333
7 0.73913 0.493333 0.028986 0.32
10 0.777778 0.493333 0.025765 0.32
1 0.809984 0.526667 0.032206 0.386667
9 0.861514 0.373333 0.064412 0.64
24 0.906602 0.493333 0.019324 0.32
3 0.933977 0.493333 0.028986 0.32
4 0.970209 0.5 0.037037 0.333333
