20 0.033512 0.493333 0.067024 0.32
11 0.093834 0.493333 0.042895 0.32
0 0.151475 0.52 0.061662 0.373333
19 0.235925 0.493333 0.069705 0.32
25 0.30429 0.493333 0.0563 0.32
0 0.363271 0.493333 0.050938 0.32
9 0.432976 0.366667 0.050938 0.626667
1 0.493298 0.493333 0.058981 0.32
25 0.557641 0.493333 0.058981 0.32
13 0.61126 0.493333 0.037534 0.32
2 0.66756 0.493333 0.064343 0.32
5 0.742627 0.513333 0.048257 0.36
1 0.797587 0.493333 0.050938 0.32
19 0.875335 0.493333 0.093834 0.32
17 0.954424 0.493333 0.053619 0.32
