25 0.016484 0.493333 0.032967 0.32
3 0.050235 0.493333 0.028257 0.32
21 0.081633 0.493333 0.028257 0.32
2 0.11303 0.493333 0.028257 0.32
19 0.148352 0.493333 0.036107 0.32
9 0.204082 0.373333 0.053375 0.613333
1 0.251177 0.493333 0.034537 0.32
12 0.27865 0.613333 0.014129 0.613333
2 0.304553 0.493333 0.031397 0.32
9 0.351648 0.373333 0.040816 0.613333
7 0.384615 0.493333 0.018838 0.32
15 0.412873 0.606667 0.031397 0.626667
21 0.452119 0.493333 0.040816 0.32
24 0.482732 0.493333 0.014129 0.32
19 0.518053 0.493333 0.050235 0.32
17 0.570644 0.493333 0.032967 0.32
2 0.607535 0.493333 0.034537 0.32
3 0.642072 0.5 0.028257 0.333333
9 0.686813 0.366667 0.039246 0.626667
1 0.731554 0.493333 0.043956 0.32
9 0.77394 0.373333 0.034537 0.613333
0 0.817896 0.5 0.047096 0.333333
5 0.869702 0.493333 0.034537 0.32
9 0.908948 0.38 0.037677 0.626667
24 0.93956 0.493333 0.017268 0.32
1 0.970173 0.493333 0.037677 0.32
