12 0.012593 0.613333 0.025185 0.64
3 0.045926 0.52 0.035556 0.373333
10 0.081481 0.493333 0.02963 0.32
7 0.108889 0.493333 0.019259 0.32
11 0.132593 0.52 0.022222 0.373333
1 0.166667 0.493333 0.04 0.32
0 0.211111 0.493333 0.028148 0.32
9 0.237778 0.366667 0.019259 0.626667
24 0.258519 0.493333 0.016296 0.32
12 0.287407 0.613333 0.020741 0.613333
25 0.318519 0.506667 0.035556 0.346667
17 0.352593 0.493333 0.026667 0.32
20 0.386667 0.493333 0.035556 0.32
20 0.435556 0.493333 0.041481 0.32
1 0.476296 0.493333 0.034074 0.32
9 0.515556 0.4 0.038519 0.666667
12 0.546667 0.613333 0.017778 0.613333
2 0.574074 0.493333 0.031111 0.32
7 0.611852 0.493333 0.023704 0.32
7 0.640741 0.52 0.028148 0.373333
5 0.679259 0.493333 0.028148 0.32
0 0.708889 0.493333 0.025185 0.32
25 0.74 0.493333 0.031111 0.32
5 0.773333 0.5 0.02963 0.333333
0 0.811852 0.493333 0.026667 0.32
24 0.835556 0.493333 0.014815 0.32
3 0.866667 0.493333 0.026667 0.32
25 0.898519 0.493333 0.031111 0.32
9 0.942222 0.38 0.035556 0.626667
7 0.976296 0.493333 0.026667 0.32
