10 0.013889 0.52 0.027778 0.373333
25 0.046784 0.493333 0.032164 0.32
17 0.077485 0.493333 0.023392 0.32
19 0.113304 0.513333 0.042398 0.36
0 0.151316 0.513333 0.027778 0.36
0 0.190789 0.493333 0.030702 0.32
24 0.216374 0.526667 0.01462 0.386667
9 0.248538 0.38 0.04386 0.626667
24 0.281433 0.493333 0.016082 0.32
12 0.313596 0.613333 0.027778 0.613333
25 0.346491 0.493333 0.032164 0.32
11 0.376462 0.493333 0.02193 0.32
3 0.402047 0.513333 0.023392 0.36
16 0.44152 0.613333 0.049708 0.613333
9 0.491228 0.38 0.04386 0.626667
17 0.539474 0.493333 0.032164 0.32
24 0.56652 0.493333 0.016082 0.32
13 0.589181 0.493333 0.023392 0.32
7 0.621345 0.526667 0.035088 0.386667
2 0.655702 0.513333 0.027778 0.36
5 0.701023 0.493333 0.042398 0.32
7 0.73538 0.493333 0.020468 0.32
5 0.77193 0.506667 0.046784 0.346667
26 0.807018 0.493333 0.017544 0.32
12 0.842105 0.613333 0.032164 0.613333
11 0.870614 0.493333 0.019006 0.32
24 0.897661 0.493333 0.01462 0.32
2 0.921784 0.526667 0.027778 0.386667
9 0.964181 0.366667 0.05117 0.626667
