10 0.011436 0.493333 0.022872 0.32
19 0.045743 0.493333 0.040661 0.32
24 0.081957 0.493333 0.013977 0.32
0 0.106734 0.493333 0.030496 0.32
0 0.140407 0.493333 0.031766 0.32
11 0.168361 0.493333 0.01906 0.32
21 0.198856 0.5 0.036849 0.333333
5 0.231893 0.493333 0.024142 0.32
17 0.26493 0.493333 0.024142 0.32
19 0.300508 0.493333 0.041931 0.32
0 0.339263 0.493333 0.030496 0.32
25 0.371029 0.526667 0.027954 0.386667
17 0.399619 0.5 0.024142 0.333333
14 0.42249 0.493333 0.016518 0.32
9 0.45108 0.353333 0.022872 0.68
1 0.480305 0.506667 0.030496 0.32
10 0.517154 0.506667 0.025413 0.346667
9 0.54892 0.373333 0.033037 0.613333
25 0.580686 0.493333 0.025413 0.32
3 0.606099 0.493333 0.02033 0.32
10 0.628335 0.493333 0.01906 0.32
3 0.651842 0.493333 0.022872 0.32
10 0.682973 0.493333 0.021601 0.32
24 0.702668 0.493333 0.012706 0.32
8 0.734435 0.613333 0.033037 0.586667
17 0.76493 0.493333 0.022872 0.32
24 0.78526 0.493333 0.012706 0.32
0 0.808767 0.493333 0.029225 0.32
24 0.837357 0.493333 0.010165 0.32
9 0.864041 0.38 0.038119 0.626667
8 0.912961 0.606667 0.041931 0.626667
9 0.950445 0.373333 0.027954 0.666667
11 0.979034 0.493333 0.024142 0.32
