9 0.025458 0.373333 0.050916 0.613333
1 0.07943 0.493333 0.04888 0.32
8 0.141548 0.606667 0.06721 0.626667
0 0.199593 0.493333 0.040733 0.32
9 0.251527 0.38 0.05499 0.626667
11 0.298371 0.5 0.03055 0.333333
5 0.351324 0.5 0.046843 0.333333
20 0.405295 0.506667 0.052953 0.346667
17 0.455193 0.5 0.038697 0.333333
16 0.510183 0.613333 0.063136 0.613333
6 0.565173 0.493333 0.038697 0.32
24 0.59776 0.493333 0.01833 0.32
0 0.64053 0.493333 0.038697 0.32
9 0.686354 0.38 0.044807 0.626667
5 0.735234 0.493333 0.044807 0.32
13 0.773931 0.493333 0.02444 0.32
19 0.822811 0.5 0.065173 0.333333
9 0.905295 0.38 0.071283 0.626667
0 0.965377 0.493333 0.040733 0.32
