15 0.037915 0.58 0.075829 0.68
17 0.11019 0.493333 0.059242 0.32
24 0.156398 0.493333 0.023697 0.32
1 0.202607 0.493333 0.059242 0.32
20 0.270142 0.493333 0.042654 0.32
0 0.319905 0.493333 0.047393 0.32
24 0.361374 0.493333 0.026066 0.32
19 0.419431 0.493333 0.080569 0.32
17 0.492891 0.506667 0.056872 0.346667
14 0.543839 0.493333 0.035545 0.32
9 0.609005 0.366667 0.061611 0.626667
19 0.67891 0.493333 0.06872 0.32
5 0.751185 0.493333 0.042654 0.32
25 0.805687 0.493333 0.056872 0.32
5 0.86019 0.493333 0.042654 0.32
0 0.909953 0.493333 0.047393 0.32
9 0.9609 0.366667 0.045024 0.626667
