12 0.014431 0.613333 0.028862 0.613333
11 0.044143 0.493333 0.023769 0.32
25 0.08489 0.493333 0.033956 0.32
3 0.117997 0.493333 0.025467 0.32
9 0.16129 0.373333 0.037351 0.613333
24 0.192699 0.493333 0.018676 0.32
7 0.219015 0.493333 0.027165 0.32
9 0.256367 0.373333 0.040747 0.613333
3 0.303056 0.493333 0.028862 0.32
1 0.339559 0.513333 0.037351 0.36
10 0.374363 0.493333 0.025467 0.32
0 0.405772 0.52 0.03056 0.373333
24 0.434635 0.493333 0.020374 0.32
10 0.470289 0.493333 0.027165 0.32
9 0.509338 0.373333 0.044143 0.613333
24 0.544143 0.493333 0.018676 0.32
1 0.578947 0.506667 0.044143 0.346667
12 0.628183 0.6 0.03056 0.64
11 0.658744 0.5 0.023769 0.333333
9 0.703735 0.373333 0.059423 0.64
0 0.755518 0.493333 0.037351 0.32
24 0.786927 0.493333 0.018676 0.32
12 0.817487 0.613333 0.018676 0.613333
11 0.84635 0.493333 0.032258 0.32
17 0.880306 0.526667 0.028862 0.386667
19 0.923599 0.493333 0.050934 0.32
0 0.970289 0.493333 0.035654 0.32
