25 0.016492 0.493333 0.032984 0.32
19 0.05997 0.493333 0.047976 0.32
0 0.111694 0.493333 0.049475 0.32
17 0.151424 0.493333 0.023988 0.32
24 0.174663 0.493333 0.016492 0.32
18 0.215892 0.52 0.044978 0.373333
17 0.253373 0.493333 0.023988 0.32
10 0.288606 0.486667 0.025487 0.333333
3 0.32009 0.493333 0.031484 0.32
16 0.364318 0.62 0.050975 0.626667
10 0.416792 0.493333 0.032984 0.32
1 0.456522 0.5 0.04048 0.333333
25 0.502249 0.493333 0.029985 0.32
5 0.538231 0.5 0.035982 0.333333
20 0.573463 0.493333 0.028486 0.32
24 0.598951 0.493333 0.016492 0.32
1 0.630435 0.5 0.025487 0.333333
11 0.656672 0.493333 0.02099 0.32
19 0.696402 0.493333 0.052474 0.32
0 0.73988 0.493333 0.028486 0.32
12 0.773613 0.606667 0.017991 0.626667
11 0.797601 0.493333 0.023988 0.32
20 0.828336 0.493333 0.031484 0.32
0 0.85982 0.493333 0.025487 0.32
5 0.89955 0.526667 0.032984 0.386667
13 0.930285 0.52 0.022489 0.373333
19 0.967016 0.5 0.044978 0.333333
