10 0.011129 0.493333 0.022258 0.32
25 0.04213 0.493333 0.033386 0.32
16 0.09062 0.613333 0.057234 0.613333
5 0.1407 0.506667 0.036566 0.346667
25 0.18601 0.5 0.047695 0.333333
6 0.22814 0.493333 0.030207 0.32
9 0.275835 0.36 0.042925 0.666667
1 0.316375 0.493333 0.031797 0.32
24 0.339428 0.493333 0.007949 0.32
21 0.369634 0.493333 0.046105 0.32
19 0.414944 0.493333 0.038156 0.32
16 0.469793 0.613333 0.065183 0.64
25 0.529412 0.493333 0.031797 0.32
24 0.559618 0.493333 0.022258 0.32
9 0.5938 0.38 0.039746 0.626667
25 0.642289 0.493333 0.034976 0.32
11 0.674086 0.493333 0.022258 0.32
17 0.701908 0.526667 0.027027 0.386667
19 0.742448 0.493333 0.047695 0.32
2 0.786963 0.493333 0.034976 0.32
9 0.842607 0.373333 0.054054 0.64
24 0.879968 0.493333 0.014308 0.32
7 0.903021 0.493333 0.025437 0.32
25 0.942766 0.493333 0.031797 0.32
3 0.975358 0.493333 0.027027 0.32
