17 0.036982 0.513333 0.073964 0.36
2 0.107988 0.493333 0.056213 0.32
3 0.16568 0.5 0.047337 0.333333
10 0.217456 0.493333 0.044379 0.32
0 0.281065 0.493333 0.071006 0.32
9 0.381657 0.393333 0.088757 0.653333
24 0.445266 0.493333 0.026627 0.32
7 0.488166 0.52 0.047337 0.373333
17 0.566568 0.52 0.068047 0.373333
14 0.631657 0.493333 0.050296 0.32
18 0.699704 0.506667 0.073964 0.346667
12 0.778107 0.58 0.04142 0.706667
11 0.826923 0.493333 0.044379 0.32
20 0.883136 0.493333 0.056213 0.32
2 0.948225 0.493333 0.06213 0.32
