10 0.01586 0.493333 0.03172 0.32
25 0.052588 0.493333 0.035058 0.32
11 0.093489 0.493333 0.040067 0.32
3 0.132721 0.493333 0.03172 0.32
6 0.165275 0.493333 0.026711 0.32
25 0.202003 0.493333 0.040067 0.32
24 0.244574 0.493333 0.021703 0.32
24 0.266277 0.493333 0.015025 0.32
20 0.293823 0.493333 0.033389 0.32
2 0.339733 0.5 0.051753 0.333333
19 0.393155 0.5 0.048414 0.333333
5 0.43823 0.493333 0.035058 0.32
24 0.479132 0.493333 0.023372 0.32
13 0.508347 0.493333 0.028381 0.32
25 0.54591 0.493333 0.040067 0.32
9 0.587646 0.373333 0.036728 0.613333
0 0.626878 0.493333 0.035058 0.32
5 0.676127 0.493333 0.040067 0.32
0 0.717028 0.493333 0.035058 0.32
24 0.744574 0.5 0.013356 0.333333
5 0.770451 0.493333 0.03172 0.32
10 0.813856 0.506667 0.03172 0.346667
5 0.851419 0.493333 0.036728 0.32
9 0.904007 0.38 0.045075 0.626667
7 0.940735 0.493333 0.021703 0.32
2 0.971619 0.493333 0.033389 0.32
