5 0.017691 0.5 0.035382 0.333333
25 0.05959 0.493333 0.040968 0.32
5 0.107076 0.493333 0.046555 0.32
25 0.171322 0.5 0.055866 0.333333
13 0.221601 0.493333 0.037244 0.32
24 0.252328 0.493333 0.01676 0.32
5 0.294227 0.493333 0.040968 0.32
24 0.327747 0.493333 0.018622 0.32
5 0.359404 0.493333 0.037244 0.32
25 0.402235 0.493333 0.040968 0.32
25 0.455307 0.493333 0.039106 0.32
3 0.498138 0.493333 0.039106 0.32
9 0.554004 0.38 0.046555 0.626667
0 0.598696 0.493333 0.035382 0.32
8 0.657356 0.606667 0.055866 0.626667
5 0.706704 0.526667 0.035382 0.386667
9 0.76257 0.38 0.050279 0.626667
25 0.819367 0.5 0.055866 0.333333
14 0.866853 0.493333 0.031657 0.32
5 0.90689 0.493333 0.040968 0.32
9 0.959032 0.373333 0.052142 0.613333
