10 0.014742 0.493333 0.029484 0.32
11 0.056511 0.493333 0.044226 0.32
24 0.097052 0.493333 0.027027 0.32
9 0.148649 0.373333 0.066339 0.613333
19 0.228501 0.513333 0.083538 0.36
25 0.313268 0.493333 0.051597 0.32
16 0.399263 0.606667 0.110565 0.626667
2 0.4914 0.493333 0.063882 0.32
9 0.567568 0.36 0.054054 0.64
1 0.632678 0.486667 0.061425 0.306667
11 0.689189 0.493333 0.041769 0.32
1 0.740786 0.493333 0.051597 0.32
5 0.813268 0.493333 0.058968 0.32
24 0.859951 0.493333 0.02457 0.32
5 0.90172 0.506667 0.04914 0.346667
25 0.957002 0.493333 0.051597 0.32
