25 0.020833 0.493333 0.041667 0.32
3 0.063368 0.493333 0.036458 0.32
12 0.09375 0.606667 0.017361 0.626667
11 0.122396 0.493333 0.032986 0.32
9 0.173611 0.373333 0.045139 0.64
1 0.220486 0.493333 0.041667 0.32
25 0.265625 0.506667 0.041667 0.346667
3 0.311632 0.493333 0.043403 0.32
24 0.345486 0.513333 0.017361 0.36
10 0.384549 0.493333 0.036458 0.32
4 0.421007 0.5 0.029514 0.333333
3 0.458333 0.513333 0.038194 0.36
25 0.501736 0.493333 0.041667 0.32
2 0.545139 0.493333 0.038194 0.32
20 0.597222 0.493333 0.041667 0.32
0 0.637153 0.493333 0.03125 0.32
17 0.671875 0.493333 0.03125 0.32
5 0.711806 0.493333 0.041667 0.32
3 0.758681 0.493333 0.027778 0.32
25 0.794271 0.493333 0.036458 0.32
11 0.830729 0.493333 0.029514 0.32
20 0.862847 0.493333 0.027778 0.32
3 0.90625 0.493333 0.034722 0.32
18 0.934896 0.493333 0.015625 0.32
6 0.967014 0.493333 0.041667 0.32
