24 0.008258 0.493333 0.016517 0.32
24 0.026276 0.493333 0.013514 0.32
6 0.054054 0.5 0.036036 0.333333
20 0.098348 0.493333 0.046547 0.32
14 0.136637 0.493333 0.024024 0.32
12 0.168919 0.606667 0.01952 0.626667
25 0.204204 0.5 0.045045 0.333333
2 0.246997 0.493333 0.034535 0.32
11 0.280781 0.493333 0.027027 0.32
19 0.328078 0.493333 0.046547 0.32
3 0.367117 0.493333 0.025526 0.32
24 0.391141 0.493333 0.016517 0.32
16 0.421922 0.613333 0.039039 0.613333
5 0.462462 0.493333 0.036036 0.32
20 0.503003 0.493333 0.024024 0.32
0 0.536036 0.5 0.036036 0.333333
0 0.576577 0.493333 0.039039 0.32
24 0.605105 0.493333 0.012012 0.32
9 0.641892 0.38 0.055556 0.626667
24 0.678679 0.493333 0.012012 0.32
20 0.712462 0.52 0.034535 0.373333
0 0.75976 0.513333 0.054054 0.36
5 0.804805 0.493333 0.03003 0.32
19 0.841592 0.506667 0.037538 0.346667
24 0.869369 0.493333 0.012012 0.32
11 0.893393 0.493333 0.03003 0.32
12 0.929429 0.62 0.021021 0.626667
24 0.9497 0.493333 0.013514 0.32
17 0.974474 0.493333 0.03003 0.32
