9 0.022158 0.373333 0.044316 0.613333
0 0.066474 0.493333 0.036609 0.32
25 0.121387 0.493333 0.046243 0.32
7 0.16185 0.493333 0.026975 0.32
1 0.196532 0.493333 0.034682 0.32
9 0.241811 0.38 0.04817 0.626667
18 0.291908 0.493333 0.044316 0.32
9 0.354528 0.38 0.05395 0.573333
0 0.408478 0.493333 0.046243 0.32
9 0.456647 0.373333 0.042389 0.613333
0 0.501927 0.493333 0.040462 0.32
25 0.564547 0.493333 0.057803 0.32
9 0.623314 0.38 0.052023 0.626667
7 0.67341 0.493333 0.040462 0.32
2 0.7158 0.493333 0.036609 0.32
8 0.765896 0.606667 0.036609 0.626667
13 0.808285 0.493333 0.040462 0.32
11 0.850674 0.493333 0.036609 0.32
5 0.916185 0.52 0.067437 0.373333
11 0.970135 0.493333 0.032755 0.32
