9 0.019499 0.38 0.038997 0.573333
0 0.056407 0.493333 0.029248 0.32
17 0.084958 0.493333 0.022284 0.32
19 0.115599 0.493333 0.033426 0.32
25 0.155989 0.493333 0.041783 0.32
9 0.205432 0.38 0.037604 0.626667
1 0.251393 0.493333 0.048747 0.32
9 0.299443 0.373333 0.027855 0.613333
24 0.32312 0.493333 0.013928 0.32
7 0.341922 0.493333 0.018106 0.32
2 0.366295 0.493333 0.02507 0.32
25 0.405292 0.506667 0.033426 0.346667
3 0.439415 0.493333 0.029248 0.32
12 0.472145 0.613333 0.016713 0.613333
3 0.494429 0.493333 0.022284 0.32
24 0.521588 0.493333 0.012535 0.32
2 0.546657 0.493333 0.032033 0.32
9 0.587744 0.373333 0.030641 0.613333
1 0.626045 0.493333 0.04039 0.32
25 0.671309 0.493333 0.030641 0.32
7 0.699861 0.493333 0.020891 0.32
24 0.720752 0.493333 0.01532 0.32
17 0.745125 0.493333 0.027855 0.32
19 0.779248 0.493333 0.034819 0.32
14 0.811281 0.493333 0.023677 0.32
19 0.854457 0.493333 0.043175 0.32
14 0.889972 0.493333 0.022284 0.32
13 0.912953 0.493333 0.018106 0.32
5 0.949164 0.493333 0.034819 0.32
7 0.979805 0.513333 0.020891 0.36
