20 0.01756 0.493333 0.03512 0.32
0 0.053604 0.526667 0.029575 0.386667
12 0.085028 0.613333 0.025878 0.613333
24 0.11183 0.493333 0.020333 0.32
7 0.137708 0.493333 0.02403 0.32
9 0.18854 0.373333 0.051756 0.613333
7 0.233826 0.493333 0.031423 0.32
17 0.270795 0.493333 0.03512 0.32
19 0.314233 0.493333 0.044362 0.32
0 0.356747 0.5 0.033272 0.333333
11 0.39464 0.493333 0.03512 0.32
5 0.449168 0.493333 0.048059 0.32
9 0.499076 0.373333 0.044362 0.613333
9 0.565619 0.373333 0.062847 0.64
0 0.616451 0.5 0.031423 0.333333
24 0.654344 0.513333 0.018484 0.36
11 0.678373 0.493333 0.022181 0.32
1 0.719963 0.493333 0.053604 0.32
2 0.772643 0.493333 0.044362 0.32
0 0.825323 0.5 0.03512 0.333333
25 0.866913 0.493333 0.040665 0.32
11 0.907579 0.493333 0.033272 0.32
19 0.957486 0.493333 0.05915 0.32
