9 0.035948 0.373333 0.071895 0.64
0 0.118736 0.526667 0.084967 0.386667
5 0.189542 0.493333 0.04793 0.32
20 0.239651 0.493333 0.043573 0.32
0 0.288671 0.52 0.045752 0.373333
8 0.347495 0.606667 0.041394 0.626667
9 0.395425 0.38 0.045752 0.626667
25 0.444444 0.493333 0.043573 0.32
24 0.480392 0.493333 0.019608 0.32
9 0.537037 0.38 0.063181 0.626667
24 0.582789 0.52 0.019608 0.373333
5 0.630719 0.493333 0.045752 0.32
9 0.685185 0.366667 0.054466 0.626667
20 0.739651 0.493333 0.045752 0.32
1 0.796296 0.493333 0.058824 0.32
2 0.849673 0.493333 0.039216 0.32
3 0.899782 0.506667 0.030501 0.346667
25 0.95207 0.5 0.065359 0.333333
