24 0.006525 0.493333 0.013051 0.32
9 0.042414 0.36 0.052202 0.666667
12 0.085644 0.613333 0.027732 0.613333
25 0.119086 0.493333 0.032626 0.32
11 0.152529 0.493333 0.027732 0.32
0 0.186786 0.493333 0.034258 0.32
0 0.233279 0.493333 0.035889 0.32
24 0.264274 0.493333 0.019576 0.32
9 0.30261 0.373333 0.050571 0.613333
26 0.336052 0.52 0.009788 0.373333
17 0.361338 0.493333 0.034258 0.32
2 0.399674 0.493333 0.035889 0.32
9 0.452692 0.366667 0.047308 0.626667
7 0.49429 0.493333 0.029364 0.32
24 0.51876 0.493333 0.013051 0.32
3 0.544046 0.506667 0.030995 0.346667
1 0.585644 0.493333 0.045677 0.32
6 0.6354 0.493333 0.030995 0.32
24 0.661501 0.493333 0.014682 0.32
17 0.690049 0.493333 0.035889 0.32
9 0.729201 0.38 0.035889 0.626667
1 0.765905 0.52 0.030995 0.373333
12 0.805873 0.613333 0.026101 0.613333
0 0.841762 0.493333 0.039152 0.32
25 0.881729 0.493333 0.034258 0.32
4 0.916803 0.513333 0.029364 0.36
19 0.961664 0.493333 0.053834 0.32
