25 0.041209 0.5 0.082418 0.333333
9 0.115385 0.333333 0.054945 0.506667
7 0.174451 0.493333 0.046703 0.32
10 0.240385 0.493333 0.046703 0.32
0 0.298077 0.493333 0.057692 0.32
24 0.34478 0.493333 0.024725 0.32
9 0.40522 0.38 0.085165 0.626667
9 0.497253 0.373333 0.06044 0.613333
0 0.565934 0.493333 0.065934 0.32
16 0.657967 0.613333 0.07967 0.613333
17 0.736264 0.493333 0.065934 0.32
24 0.799451 0.493333 0.021978 0.32
11 0.840659 0.5 0.049451 0.333333
20 0.892857 0.52 0.043956 0.373333
25 0.950549 0.493333 0.06044 0.32
