19 0.014501 0.493333 0.029002 0.32
13 0.038863 0.493333 0.015081 0.32
1 0.059165 0.493333 0.020882 0.32
13 0.080626 0.493333 0.017401 0.32
24 0.096288 0.493333 0.009281 0.32
9 0.12703 0.386667 0.035963 0.64
0 0.161253 0.493333 0.027842 0.32
17 0.187355 0.493333 0.019722 0.32
19 0.213457 0.493333 0.027842 0.32
25 0.242459 0.493333 0.025522 0.32
24 0.262761 0.52 0.010441 0.373333
25 0.288283 0.493333 0.024362 0.32
13 0.312645 0.493333 0.019722 0.32
2 0.335267 0.513333 0.020882 0.36
19 0.366589 0.493333 0.037123 0.32
17 0.399072 0.493333 0.023202 0.32
14 0.423434 0.493333 0.020882 0.32
9 0.458237 0.373333 0.032483 0.613333
1 0.488399 0.493333 0.023202 0.32
9 0.524362 0.373333 0.032483 0.613333
24 0.549884 0.493333 0.013921 0.32
7 0.567285 0.493333 0.016241 0.32
0 0.595708 0.493333 0.024362 0.32
25 0.62239 0.493333 0.024362 0.32
5 0.647912 0.506667 0.022042 0.346667
1 0.676914 0.493333 0.019722 0.32
25 0.701856 0.493333 0.025522 0.32
19 0.730278 0.493333 0.026682 0.32
17 0.75522 0.493333 0.018561 0.32
5 0.784223 0.493333 0.034803 0.32
9 0.821346 0.373333 0.034803 0.613333
9 0.861369 0.386667 0.029002 0.64
24 0.883991 0.493333 0.011601 0.32
7 0.901972 0.493333 0.019722 0.32
19 0.928074 0.506667 0.027842 0.346667
25 0.958237 0.493333 0.027842 0.32
0 0.983179 0.493333 0.017401 0.32
