16 0.037473 0.613333 0.074946 0.613333
19 0.11242 0.5 0.066381 0.333333
1 0.178801 0.513333 0.057816 0.36
2 0.230193 0.493333 0.036403 0.32
8 0.305139 0.62 0.083512 0.626667
9 0.381156 0.373333 0.059957 0.613333
1 0.452891 0.493333 0.053533 0.32
3 0.501071 0.493333 0.034261 0.32
13 0.537473 0.493333 0.029979 0.32
11 0.573876 0.493333 0.034261 0.32
24 0.616702 0.493333 0.021413 0.32
19 0.659529 0.493333 0.055675 0.32
17 0.710921 0.493333 0.038544 0.32
25 0.760171 0.506667 0.051392 0.346667
25 0.826552 0.506667 0.051392 0.346667
9 0.879015 0.38 0.044968 0.626667
10 0.933619 0.493333 0.034261 0.32
1 0.970021 0.493333 0.029979 0.32
