9 0.018421 0.38 0.036842 0.626667
1 0.053289 0.493333 0.027632 0.32
6 0.084868 0.526667 0.030263 0.386667
24 0.110526 0.486667 0.015789 0.306667
17 0.135526 0.493333 0.026316 0.32
25 0.173684 0.506667 0.031579 0.346667
7 0.201974 0.493333 0.019737 0.32
25 0.236842 0.493333 0.031579 0.32
13 0.266447 0.526667 0.022368 0.386667
2 0.293421 0.493333 0.026316 0.32
0 0.341447 0.526667 0.051316 0.386667
24 0.375 0.493333 0.010526 0.32
9 0.399342 0.38 0.032895 0.626667
24 0.425 0.493333 0.013158 0.32
25 0.455263 0.493333 0.028947 0.32
7 0.481579 0.493333 0.018421 0.32
20 0.508553 0.493333 0.030263 0.32
0 0.535526 0.513333 0.018421 0.36
24 0.553947 0.493333 0.013158 0.32
5 0.585526 0.506667 0.031579 0.346667
13 0.617105 0.493333 0.026316 0.32
0 0.648684 0.526667 0.031579 0.386667
10 0.689474 0.52 0.031579 0.373333
25 0.723684 0.493333 0.031579 0.32
11 0.751974 0.526667 0.019737 0.386667
9 0.784211 0.333333 0.026316 0.506667
0 0.814474 0.493333 0.026316 0.32
10 0.850658 0.493333 0.027632 0.32
1 0.884868 0.5 0.035526 0.333333
17 0.916447 0.493333 0.022368 0.32
19 0.946053 0.493333 0.031579 0.32
0 0.977632 0.506667 0.026316 0.346667
