10 0.00791 0.513333 0.015819 0.36
24 0.024294 0.493333 0.012429 0.32
17 0.045763 0.513333 0.025989 0.36
19 0.079661 0.493333 0.037288 0.32
0 0.111299 0.493333 0.021469 0.32
5 0.137288 0.493333 0.025989 0.32
3 0.172881 0.493333 0.029379 0.32
24 0.196045 0.493333 0.012429 0.32
5 0.218079 0.493333 0.027119 0.32
9 0.252542 0.386667 0.025989 0.64
1 0.280791 0.493333 0.025989 0.32
9 0.310734 0.366667 0.029379 0.626667
24 0.333898 0.493333 0.012429 0.32
7 0.348023 0.513333 0.011299 0.36
10 0.370056 0.493333 0.016949 0.32
0 0.391525 0.493333 0.021469 0.32
24 0.409605 0.493333 0.010169 0.32
24 0.422599 0.493333 0.011299 0.32
2 0.441243 0.52 0.021469 0.373333
19 0.477401 0.493333 0.035028 0.32
25 0.514124 0.5 0.033898 0.333333
5 0.546893 0.493333 0.027119 0.32
9 0.587006 0.38 0.037288 0.626667
0 0.618644 0.493333 0.021469 0.32
25 0.644068 0.526667 0.024859 0.386667
9 0.677401 0.366667 0.037288 0.626667
7 0.70565 0.493333 0.014689 0.32
25 0.733333 0.493333 0.024859 0.32
2 0.763277 0.493333 0.030508 0.32
19 0.798305 0.493333 0.035028 0.32
9 0.837288 0.38 0.038418 0.626667
8 0.883051 0.606667 0.037288 0.626667
5 0.916384 0.5 0.024859 0.333333
9 0.944633 0.373333 0.027119 0.613333
1 0.976271 0.493333 0.031638 0.32
