25 0.033333 0.5 0.066667 0.333333
3 0.088889 0.52 0.035556 0.373333
5 0.131111 0.513333 0.04 0.36
24 0.165556 0.493333 0.02 0.32
9 0.206667 0.38 0.053333 0.626667
0 0.265556 0.493333 0.055556 0.32
12 0.324444 0.613333 0.031111 0.613333
11 0.364444 0.493333 0.04 0.32
9 0.432222 0.366667 0.064444 0.626667
2 0.496667 0.526667 0.055556 0.386667
20 0.555556 0.493333 0.053333 0.32
17 0.62 0.493333 0.044444 0.32
2 0.676667 0.493333 0.06 0.32
3 0.738889 0.493333 0.055556 0.32
9 0.811111 0.373333 0.057778 0.613333
1 0.864444 0.493333 0.04 0.32
25 0.924444 0.526667 0.048889 0.386667
7 0.968889 0.5 0.031111 0.333333
