25 0.019231 0.493333 0.038462 0.32
5 0.060096 0.493333 0.036859 0.32
5 0.108974 0.493333 0.038462 0.32
26 0.138622 0.493333 0.014423 0.32
2 0.170673 0.493333 0.043269 0.32
10 0.211538 0.506667 0.032051 0.346667
5 0.25 0.493333 0.038462 0.32
2 0.291667 0.493333 0.038462 0.32
9 0.342147 0.38 0.040064 0.626667
1 0.384615 0.493333 0.038462 0.32
9 0.435096 0.38 0.05609 0.626667
21 0.482372 0.493333 0.032051 0.32
16 0.52484 0.613333 0.046474 0.613333
0 0.576122 0.506667 0.033654 0.346667
24 0.604167 0.493333 0.016026 0.32
2 0.637019 0.493333 0.043269 0.32
9 0.683494 0.4 0.043269 0.666667
24 0.715545 0.493333 0.014423 0.32
17 0.747596 0.526667 0.027244 0.386667
24 0.770833 0.493333 0.012821 0.32
13 0.794071 0.493333 0.027244 0.32
5 0.852564 0.506667 0.067308 0.32
2 0.911058 0.493333 0.043269 0.32
24 0.952724 0.493333 0.017628 0.32
13 0.976763 0.52 0.024038 0.373333
