12 0.008086 0.613333 0.016173 0.613333
3 0.027628 0.493333 0.01752 0.32
10 0.058625 0.513333 0.025606 0.36
1 0.091644 0.493333 0.03504 0.32
3 0.127358 0.493333 0.01752 0.32
24 0.144879 0.52 0.012129 0.373333
11 0.16779 0.493333 0.028302 0.32
1 0.200135 0.493333 0.030997 0.32
0 0.241914 0.513333 0.033693 0.36
24 0.269542 0.493333 0.016173 0.32
9 0.303235 0.373333 0.045822 0.613333
20 0.346361 0.513333 0.021563 0.36
0 0.373989 0.493333 0.028302 0.32
0 0.407682 0.493333 0.020216 0.32
5 0.439353 0.493333 0.037736 0.32
24 0.466981 0.493333 0.012129 0.32
0 0.491914 0.493333 0.018868 0.32
9 0.521563 0.373333 0.03504 0.613333
25 0.562668 0.493333 0.028302 0.32
9 0.597709 0.373333 0.036388 0.613333
17 0.636792 0.526667 0.022911 0.386667
19 0.681941 0.493333 0.061995 0.32
0 0.731806 0.493333 0.032345 0.32
25 0.772237 0.493333 0.02965 0.32
5 0.806604 0.493333 0.033693 0.32
24 0.831536 0.493333 0.010782 0.32
9 0.858491 0.38 0.037736 0.626667
0 0.894879 0.506667 0.02965 0.346667
20 0.931941 0.493333 0.025606 0.32
0 0.969003 0.493333 0.043127 0.32
