24 0.011401 0.493333 0.022801 0.32
7 0.039088 0.493333 0.026059 0.32
9 0.079805 0.373333 0.04886 0.64
25 0.125407 0.493333 0.035831 0.32
24 0.154723 0.526667 0.016287 0.386667
12 0.183225 0.606667 0.017915 0.626667
24 0.202769 0.493333 0.014658 0.32
1 0.235342 0.493333 0.043974 0.32
11 0.272801 0.52 0.02443 0.373333
17 0.311889 0.493333 0.030945 0.32
19 0.359935 0.493333 0.058632 0.32
14 0.404723 0.493333 0.02443 0.32
5 0.452769 0.493333 0.04886 0.32
7 0.492671 0.493333 0.02443 0.32
25 0.52443 0.493333 0.032573 0.32
9 0.566775 0.373333 0.045603 0.613333
20 0.620521 0.513333 0.039088 0.36
6 0.656352 0.493333 0.026059 0.32
0 0.690554 0.506667 0.035831 0.346667
3 0.728013 0.493333 0.032573 0.32
1 0.767101 0.493333 0.039088 0.32
25 0.815147 0.493333 0.034202 0.32
11 0.84772 0.493333 0.02443 0.32
25 0.880293 0.493333 0.034202 0.32
12 0.916124 0.613333 0.030945 0.613333
0 0.951954 0.493333 0.034202 0.32
24 0.980456 0.493333 0.016287 0.32
