5 0.016084 0.52 0.032168 0.373333
7 0.05035 0.493333 0.030769 0.32
5 0.082517 0.506667 0.027972 0.346667
0 0.122378 0.493333 0.046154 0.32
17 0.165734 0.493333 0.034965 0.32
17 0.206294 0.493333 0.026573 0.32
19 0.242657 0.493333 0.040559 0.32
0 0.27972 0.52 0.027972 0.373333
5 0.31958 0.493333 0.032168 0.32
7 0.34965 0.493333 0.022378 0.32
11 0.376923 0.493333 0.026573 0.32
1 0.413986 0.493333 0.027972 0.32
11 0.441958 0.493333 0.022378 0.32
19 0.476923 0.506667 0.041958 0.32
10 0.513287 0.493333 0.025175 0.32
1 0.547552 0.513333 0.037762 0.36
9 0.595804 0.373333 0.039161 0.613333
0 0.634266 0.493333 0.032168 0.32
25 0.667832 0.493333 0.029371 0.32
17 0.702098 0.493333 0.033566 0.32
2 0.736364 0.513333 0.029371 0.36
3 0.767832 0.493333 0.027972 0.32
25 0.806993 0.493333 0.030769 0.32
7 0.834266 0.493333 0.018182 0.32
2 0.867133 0.493333 0.027972 0.32
17 0.898601 0.493333 0.029371 0.32
24 0.923077 0.493333 0.013986 0.32
16 0.961538 0.593333 0.057343 0.653333
