12 0.008696 0.613333 0.017391 0.613333
11 0.02971 0.493333 0.018841 0.32
25 0.066667 0.52 0.034783 0.373333
9 0.108696 0.38 0.043478 0.653333
9 0.16087 0.373333 0.04058 0.613333
7 0.192029 0.493333 0.015942 0.32
2 0.222464 0.493333 0.03913 0.32
17 0.263043 0.493333 0.036232 0.32
16 0.304348 0.606667 0.04058 0.626667
2 0.346377 0.493333 0.037681 0.32
15 0.393478 0.593333 0.036232 0.653333
18 0.427536 0.493333 0.026087 0.32
7 0.454348 0.493333 0.021739 0.32
3 0.486957 0.5 0.023188 0.333333
1 0.518116 0.493333 0.033333 0.32
5 0.554348 0.493333 0.033333 0.32
7 0.585507 0.52 0.023188 0.373333
9 0.617391 0.38 0.034783 0.626667
9 0.664493 0.373333 0.03913 0.613333
1 0.704348 0.493333 0.034783 0.32
25 0.749275 0.506667 0.034783 0.346667
11 0.783333 0.493333 0.027536 0.32
1 0.813043 0.493333 0.026087 0.32
5 0.847101 0.493333 0.036232 0.32
2 0.883333 0.526667 0.030435 0.386667
24 0.915942 0.493333 0.014493 0.32
11 0.939855 0.5 0.027536 0.333333
19 0.973188 0.493333 0.033333 0.32
