12 0.012859 0.613333 0.025719 0.613333
1 0.050681 0.5 0.043873 0.333333
7 0.089259 0.493333 0.027231 0.293333
25 0.125567 0.52 0.036309 0.373333
11 0.159607 0.493333 0.025719 0.32
1 0.197428 0.52 0.043873 0.373333
3 0.249622 0.493333 0.039334 0.32
25 0.288956 0.493333 0.033283 0.32
4 0.329803 0.493333 0.04236 0.32
5 0.372163 0.526667 0.036309 0.386667
10 0.410741 0.493333 0.019667 0.32
4 0.445537 0.493333 0.043873 0.32
24 0.479576 0.493333 0.018154 0.32
9 0.515885 0.373333 0.033283 0.613333
0 0.553707 0.506667 0.036309 0.346667
8 0.611952 0.62 0.059002 0.626667
9 0.670197 0.373333 0.051437 0.64
5 0.72466 0.493333 0.036309 0.32
2 0.769289 0.493333 0.046899 0.32
1 0.813918 0.493333 0.036309 0.32
17 0.853253 0.493333 0.036309 0.32
16 0.903177 0.613333 0.04236 0.613333
24 0.935703 0.493333 0.016641 0.32
19 0.96823 0.5 0.04236 0.333333
