9 0.018581 0.373333 0.037162 0.613333
24 0.050676 0.493333 0.02027 0.32
7 0.086993 0.493333 0.045608 0.32
2 0.130912 0.493333 0.035473 0.32
0 0.17652 0.493333 0.032095 0.32
19 0.219595 0.493333 0.047297 0.32
13 0.259291 0.493333 0.025338 0.32
5 0.293919 0.493333 0.037162 0.32
24 0.32348 0.493333 0.015203 0.32
12 0.353041 0.573333 0.02027 0.693333
11 0.378378 0.493333 0.023649 0.32
9 0.410473 0.373333 0.033784 0.64
1 0.450169 0.493333 0.038851 0.32
11 0.486486 0.493333 0.027027 0.32
5 0.530405 0.493333 0.037162 0.32
7 0.566723 0.493333 0.028716 0.32
11 0.600507 0.493333 0.032095 0.32
11 0.633446 0.493333 0.027027 0.32
3 0.671453 0.493333 0.025338 0.32
1 0.701858 0.493333 0.028716 0.32
5 0.748311 0.493333 0.040541 0.32
20 0.79223 0.493333 0.040541 0.32
17 0.83277 0.493333 0.033784 0.32
26 0.860642 0.493333 0.015203 0.32
1 0.893581 0.506667 0.043919 0.346667
25 0.945101 0.493333 0.035473 0.32
7 0.977196 0.493333 0.021959 0.32
