10 0.012177 0.493333 0.024353 0.32
0 0.04414 0.513333 0.033486 0.36
1 0.085997 0.493333 0.04414 0.32
3 0.127093 0.493333 0.031963 0.32
25 0.162861 0.493333 0.033486 0.32
25 0.205479 0.493333 0.030441 0.32
17 0.238965 0.493333 0.030441 0.32
11 0.269406 0.493333 0.024353 0.32
9 0.30898 0.353333 0.033486 0.68
25 0.344749 0.493333 0.031963 0.32
7 0.376712 0.493333 0.025875 0.32
19 0.41933 0.493333 0.053272 0.32
11 0.461187 0.493333 0.024353 0.32
12 0.496195 0.586667 0.024353 0.666667
11 0.524353 0.493333 0.025875 0.32
0 0.554795 0.52 0.028919 0.373333
19 0.607306 0.493333 0.054795 0.32
17 0.652968 0.5 0.030441 0.333333
25 0.694064 0.493333 0.045662 0.32
3 0.734399 0.493333 0.028919 0.32
19 0.777017 0.493333 0.035008 0.32
19 0.819635 0.493333 0.04414 0.32
24 0.855403 0.493333 0.021309 0.32
12 0.880518 0.606667 0.022831 0.626667
11 0.907154 0.493333 0.024353 0.32
25 0.945967 0.493333 0.031963 0.32
7 0.977169 0.5 0.024353 0.333333
