25 0.025532 0.493333 0.051064 0.32
3 0.075532 0.493333 0.040426 0.32
1 0.120213 0.506667 0.040426 0.346667
5 0.165957 0.493333 0.042553 0.32
25 0.225532 0.526667 0.046809 0.386667
7 0.267021 0.493333 0.02766 0.32
9 0.32234 0.366667 0.053191 0.626667
1 0.379787 0.493333 0.053191 0.32
9 0.446809 0.373333 0.051064 0.64
24 0.487234 0.493333 0.021277 0.32
7 0.52234 0.493333 0.040426 0.32
24 0.56383 0.493333 0.034043 0.32
9 0.610638 0.38 0.051064 0.626667
1 0.661702 0.52 0.042553 0.373333
25 0.723404 0.52 0.051064 0.373333
3 0.785106 0.5 0.06383 0.333333
10 0.85 0.493333 0.03617 0.32
17 0.892553 0.493333 0.040426 0.32
25 0.940426 0.493333 0.046809 0.32
24 0.976596 0.493333 0.017021 0.32
