5 0.015942 0.52 0.031884 0.373333
20 0.05 0.493333 0.030435 0.32
13 0.07971 0.493333 0.023188 0.32
0 0.111594 0.493333 0.034783 0.32
9 0.163768 0.366667 0.049275 0.626667
0 0.207246 0.513333 0.031884 0.36
3 0.246377 0.5 0.026087 0.333333
6 0.276087 0.493333 0.027536 0.32
0 0.306522 0.493333 0.027536 0.32
5 0.350725 0.493333 0.04058 0.32
11 0.385507 0.493333 0.023188 0.32
11 0.414493 0.493333 0.028986 0.32
19 0.454348 0.52 0.044928 0.373333
20 0.500725 0.513333 0.027536 0.36
0 0.534058 0.493333 0.033333 0.32
3 0.565942 0.493333 0.024638 0.32
24 0.587681 0.493333 0.013043 0.32
2 0.61087 0.513333 0.027536 0.36
7 0.64058 0.506667 0.026087 0.346667
20 0.673913 0.493333 0.02029 0.32
24 0.694928 0.493333 0.015942 0.32
0 0.724638 0.493333 0.037681 0.32
24 0.75942 0.493333 0.011594 0.32
9 0.792029 0.38 0.047826 0.626667
9 0.845652 0.38 0.03913 0.626667
0 0.884783 0.493333 0.033333 0.32
9 0.931159 0.38 0.053623 0.626667
0 0.975362 0.493333 0.028986 0.32
