17 0.01174 0.493333 0.023481 0.32
11 0.039365 0.493333 0.026243 0.32
6 0.06837 0.493333 0.026243 0.32
25 0.098757 0.493333 0.029006 0.32
9 0.129834 0.38 0.027624 0.626667
5 0.166436 0.5 0.026243 0.333333
0 0.194751 0.5 0.024862 0.333333
25 0.224448 0.493333 0.029006 0.32
5 0.257597 0.5 0.031768 0.333333
24 0.283149 0.493333 0.013812 0.32
8 0.322514 0.606667 0.04558 0.626667
24 0.354972 0.493333 0.013812 0.32
17 0.377762 0.493333 0.026243 0.32
2 0.408149 0.493333 0.029006 0.32
5 0.450276 0.493333 0.035912 0.32
24 0.478591 0.493333 0.015193 0.32
5 0.510359 0.493333 0.042818 0.32
25 0.555249 0.493333 0.041436 0.32
25 0.600829 0.493333 0.030387 0.32
19 0.640193 0.493333 0.042818 0.32
13 0.675414 0.493333 0.022099 0.32
0 0.70511 0.513333 0.031768 0.36
12 0.736878 0.613333 0.012431 0.613333
14 0.756906 0.493333 0.022099 0.32
24 0.776934 0.493333 0.012431 0.32
5 0.800414 0.506667 0.029006 0.346667
5 0.84047 0.493333 0.031768 0.32
26 0.865331 0.493333 0.012431 0.32
12 0.894337 0.613333 0.026243 0.613333
24 0.917127 0.493333 0.013812 0.32
5 0.941298 0.493333 0.029006 0.32
9 0.974448 0.393333 0.031768 0.653333
