9 0.016151 0.36 0.032301 0.64
0 0.047106 0.513333 0.024226 0.36
0 0.07537 0.493333 0.026918 0.32
9 0.110363 0.373333 0.037685 0.613333
0 0.153432 0.506667 0.02961 0.346667
20 0.186406 0.493333 0.030956 0.32
14 0.213324 0.493333 0.017497 0.32
9 0.239569 0.38 0.02961 0.626667
6 0.271871 0.493333 0.02961 0.32
9 0.305518 0.373333 0.032301 0.613333
9 0.345895 0.373333 0.02961 0.613333
1 0.379542 0.493333 0.032301 0.32
9 0.422611 0.38 0.034993 0.626667
0 0.456258 0.506667 0.026918 0.346667
25 0.493271 0.493333 0.028264 0.32
7 0.518843 0.506667 0.017497 0.346667
3 0.546433 0.493333 0.018843 0.32
24 0.562584 0.493333 0.008075 0.32
1 0.582773 0.5 0.026918 0.333333
24 0.60498 0.493333 0.012113 0.32
9 0.6393 0.38 0.037685 0.626667
24 0.668237 0.493333 0.014805 0.32
7 0.689771 0.493333 0.02288 0.32
20 0.718708 0.506667 0.02961 0.346667
0 0.746972 0.493333 0.021534 0.32
25 0.781965 0.493333 0.02961 0.32
13 0.808883 0.493333 0.018843 0.32
2 0.836474 0.513333 0.030956 0.36
12 0.874159 0.613333 0.025572 0.613333
11 0.899731 0.493333 0.020188 0.32
9 0.930013 0.38 0.034993 0.626667
24 0.959623 0.493333 0.018843 0.32
7 0.981157 0.493333 0.018843 0.32
