5 0.016084 0.493333 0.032168 0.32
9 0.053846 0.373333 0.037762 0.613333
19 0.096503 0.493333 0.041958 0.32
14 0.131469 0.493333 0.022378 0.32
13 0.156643 0.493333 0.022378 0.32
25 0.193007 0.493333 0.030769 0.32
5 0.227972 0.493333 0.033566 0.32
25 0.262937 0.526667 0.030769 0.386667
19 0.300699 0.493333 0.039161 0.32
13 0.333566 0.493333 0.020979 0.32
0 0.374126 0.526667 0.054545 0.386667
9 0.425874 0.373333 0.029371 0.613333
0 0.455944 0.493333 0.025175 0.32
9 0.505594 0.373333 0.054545 0.64
0 0.551049 0.493333 0.030769 0.32
12 0.582517 0.613333 0.026573 0.613333
11 0.611888 0.493333 0.026573 0.32
10 0.646853 0.506667 0.023776 0.346667
25 0.682517 0.493333 0.041958 0.32
19 0.725175 0.493333 0.037762 0.32
3 0.760839 0.493333 0.027972 0.32
24 0.782517 0.493333 0.00979 0.32
16 0.81049 0.6 0.040559 0.586667
12 0.851049 0.606667 0.018182 0.626667
11 0.873427 0.493333 0.020979 0.32
1 0.900699 0.52 0.027972 0.373333
11 0.927972 0.493333 0.020979 0.32
19 0.965734 0.493333 0.048951 0.32
