17 0.027299 0.493333 0.054598 0.32
24 0.073276 0.493333 0.025862 0.32
19 0.130747 0.493333 0.077586 0.32
9 0.227011 0.373333 0.074713 0.613333
24 0.284483 0.493333 0.028736 0.32
16 0.354885 0.573333 0.100575 0.693333
12 0.449713 0.613333 0.048851 0.64
11 0.505747 0.493333 0.051724 0.32
24 0.551724 0.493333 0.028736 0.32
5 0.614943 0.493333 0.057471 0.32
11 0.672414 0.493333 0.045977 0.32
20 0.738506 0.52 0.045977 0.373333
17 0.791667 0.493333 0.048851 0.32
11 0.847701 0.493333 0.051724 0.32
0 0.905172 0.493333 0.051724 0.32
24 0.958333 0.493333 0.043103 0.32
