25 0.030426 0.5 0.060852 0.333333
9 0.089249 0.38 0.048682 0.626667
10 0.13286 0.493333 0.030426 0.32
9 0.176471 0.38 0.048682 0.626667
24 0.21501 0.506667 0.020284 0.346667
1 0.240365 0.493333 0.022312 0.32
12 0.27789 0.613333 0.024341 0.613333
25 0.315416 0.493333 0.042596 0.32
5 0.365112 0.493333 0.048682 0.32
5 0.419878 0.493333 0.052738 0.32
9 0.495943 0.373333 0.070994 0.64
24 0.544625 0.493333 0.018256 0.32
7 0.575051 0.493333 0.034483 0.32
2 0.621704 0.526667 0.05071 0.386667
24 0.660243 0.493333 0.018256 0.32
18 0.703854 0.493333 0.040568 0.32
2 0.752535 0.526667 0.048682 0.386667
7 0.793103 0.493333 0.024341 0.32
24 0.825558 0.493333 0.032454 0.32
5 0.878296 0.5 0.044625 0.333333
1 0.929006 0.493333 0.048682 0.32
3 0.971602 0.506667 0.028398 0.346667
