24 0.005862 0.493333 0.011723 0.32
13 0.02286 0.493333 0.017585 0.32
12 0.042204 0.62 0.016413 0.626667
24 0.058617 0.493333 0.011723 0.32
0 0.080891 0.493333 0.028136 0.32
9 0.12075 0.373333 0.046893 0.64
20 0.16354 0.493333 0.022274 0.32
0 0.189332 0.493333 0.024619 0.32
24 0.21102 0.493333 0.014068 0.32
18 0.236811 0.493333 0.021102 0.32
9 0.267878 0.38 0.036342 0.626667
14 0.298359 0.493333 0.01993 0.32
25 0.322392 0.493333 0.023447 0.32
25 0.355217 0.493333 0.025791 0.32
17 0.381008 0.493333 0.021102 0.32
24 0.399179 0.493333 0.010551 0.32
21 0.421454 0.493333 0.029308 0.32
2 0.451348 0.493333 0.025791 0.32
17 0.481243 0.493333 0.017585 0.32
1 0.503517 0.5 0.022274 0.333333
13 0.525791 0.52 0.017585 0.373333
12 0.548652 0.606667 0.011723 0.626667
24 0.562134 0.493333 0.010551 0.32
11 0.577374 0.493333 0.01524 0.32
5 0.600234 0.493333 0.025791 0.32
2 0.631301 0.52 0.031653 0.373333
1 0.665299 0.493333 0.01993 0.32
19 0.697538 0.513333 0.039859 0.36
14 0.728019 0.493333 0.016413 0.32
25 0.756741 0.493333 0.024619 0.32
7 0.780774 0.493333 0.018757 0.32
2 0.814185 0.493333 0.043376 0.32
19 0.855803 0.493333 0.03517 0.32
25 0.893318 0.493333 0.03517 0.32
0 0.933763 0.5 0.029308 0.333333
9 0.971278 0.38 0.041032 0.626667
