17 0.019268 0.493333 0.038536 0.32
19 0.082852 0.506667 0.080925 0.32
0 0.151252 0.493333 0.04817 0.32
24 0.195568 0.493333 0.013487 0.32
9 0.238921 0.373333 0.065511 0.613333
6 0.298651 0.506667 0.046243 0.346667
25 0.348748 0.506667 0.046243 0.346667
25 0.408478 0.52 0.046243 0.373333
7 0.449904 0.493333 0.028902 0.32
5 0.501927 0.493333 0.04817 0.32
20 0.549133 0.493333 0.038536 0.32
0 0.599229 0.493333 0.05395 0.32
20 0.662813 0.493333 0.046243 0.32
11 0.700385 0.493333 0.021195 0.32
7 0.73025 0.493333 0.030829 0.32
6 0.763969 0.493333 0.028902 0.32
0 0.811175 0.52 0.038536 0.373333
17 0.848748 0.493333 0.028902 0.32
1 0.890173 0.493333 0.046243 0.32
11 0.929672 0.513333 0.025048 0.36
2 0.966281 0.493333 0.040462 0.32
