17 0.020325 0.493333 0.04065 0.32
19 0.071138 0.493333 0.052846 0.32
0 0.121951 0.493333 0.04065 0.32
24 0.156504 0.493333 0.020325 0.32
0 0.189024 0.526667 0.036585 0.386667
25 0.243902 0.493333 0.044715 0.32
19 0.296748 0.493333 0.052846 0.32
13 0.343496 0.493333 0.03252 0.32
20 0.395325 0.493333 0.042683 0.32
0 0.442073 0.493333 0.042683 0.32
19 0.509146 0.493333 0.063008 0.32
3 0.566057 0.493333 0.042683 0.32
16 0.631098 0.613333 0.079268 0.613333
17 0.703252 0.493333 0.036585 0.32
16 0.762195 0.613333 0.073171 0.613333
25 0.824187 0.493333 0.042683 0.32
2 0.869919 0.493333 0.04065 0.32
10 0.922764 0.493333 0.036585 0.32
2 0.965447 0.513333 0.04065 0.36
