25 0.02268 0.493333 0.045361 0.32
24 0.059794 0.493333 0.020619 0.32
4 0.102062 0.493333 0.05567 0.32
9 0.16701 0.373333 0.045361 0.613333
1 0.221649 0.526667 0.05567 0.386667
5 0.286598 0.513333 0.045361 0.36
7 0.324742 0.493333 0.02268 0.32
3 0.365979 0.493333 0.030928 0.32
1 0.410309 0.526667 0.049485 0.386667
8 0.489691 0.62 0.080412 0.626667
26 0.540206 0.52 0.012371 0.373333
4 0.565979 0.52 0.030928 0.373333
17 0.610309 0.493333 0.049485 0.32
3 0.676289 0.493333 0.053608 0.32
1 0.725773 0.506667 0.037113 0.346667
15 0.786598 0.606667 0.05567 0.626667
25 0.849485 0.493333 0.061856 0.32
16 0.91134 0.586667 0.053608 0.693333
20 0.963918 0.493333 0.043299 0.32
