9 0.029264 0.373333 0.058528 0.64
0 0.077759 0.526667 0.031773 0.386667
9 0.118729 0.373333 0.043478 0.613333
1 0.159699 0.493333 0.031773 0.32
24 0.196488 0.493333 0.018395 0.32
13 0.2199 0.526667 0.021739 0.386667
24 0.242475 0.493333 0.016722 0.32
24 0.264214 0.493333 0.020067 0.32
1 0.296823 0.493333 0.038462 0.32
10 0.348662 0.513333 0.041806 0.36
25 0.391304 0.493333 0.036789 0.32
3 0.427258 0.493333 0.028428 0.32
1 0.464883 0.493333 0.040134 0.32
16 0.52592 0.573333 0.058528 0.693333
17 0.573579 0.493333 0.0301 0.32
17 0.620401 0.493333 0.040134 0.32
3 0.660535 0.493333 0.033445 0.32
13 0.693144 0.493333 0.025084 0.32
5 0.735786 0.493333 0.036789 0.32
24 0.766722 0.493333 0.018395 0.32
13 0.794314 0.493333 0.0301 0.32
1 0.832776 0.506667 0.040134 0.346667
9 0.888796 0.386667 0.048495 0.64
2 0.933946 0.52 0.035117 0.373333
0 0.971572 0.493333 0.033445 0.32
