17 0.018364 0.493333 0.036728 0.32
19 0.065943 0.493333 0.051753 0.32
0 0.111853 0.493333 0.033389 0.32
7 0.142738 0.493333 0.021703 0.32
24 0.164441 0.493333 0.015025 0.32
5 0.203673 0.493333 0.040067 0.32
5 0.247078 0.493333 0.040067 0.32
9 0.292154 0.373333 0.043406 0.613333
7 0.33222 0.493333 0.03005 0.32
2 0.370618 0.493333 0.040067 0.32
9 0.431553 0.373333 0.058431 0.64
24 0.474124 0.486667 0.020033 0.306667
7 0.504174 0.493333 0.03005 0.32
9 0.551753 0.373333 0.058431 0.613333
24 0.593489 0.493333 0.018364 0.32
20 0.630217 0.493333 0.03172 0.32
6 0.66778 0.493333 0.036728 0.32
14 0.702838 0.493333 0.026711 0.32
16 0.755426 0.613333 0.055092 0.613333
3 0.798831 0.493333 0.025042 0.32
5 0.831386 0.493333 0.033389 0.32
17 0.876461 0.493333 0.033389 0.32
19 0.922371 0.493333 0.051753 0.32
0 0.96995 0.493333 0.036728 0.32
