20 0.019934 0.493333 0.039867 0.32
11 0.057309 0.493333 0.028239 0.32
0 0.091362 0.493333 0.033223 0.32
5 0.125415 0.493333 0.028239 0.32
5 0.169435 0.493333 0.036545 0.32
9 0.213455 0.38 0.04485 0.626667
9 0.266611 0.393333 0.038206 0.653333
1 0.310631 0.493333 0.043189 0.32
5 0.351329 0.493333 0.031561 0.32
11 0.38289 0.493333 0.024917 0.32
20 0.416113 0.513333 0.034884 0.36
0 0.453488 0.526667 0.033223 0.386667
9 0.499169 0.36 0.034884 0.666667
0 0.539867 0.493333 0.039867 0.32
24 0.578073 0.493333 0.013289 0.32
24 0.595515 0.493333 0.01495 0.32
24 0.622093 0.493333 0.01495 0.32
2 0.649502 0.493333 0.033223 0.32
6 0.690199 0.493333 0.041528 0.32
9 0.73588 0.38 0.043189 0.626667
19 0.789037 0.513333 0.056478 0.36
25 0.83804 0.493333 0.034884 0.32
0 0.883721 0.493333 0.033223 0.32
14 0.917774 0.493333 0.028239 0.32
18 0.952658 0.493333 0.034884 0.32
7 0.980897 0.493333 0.01495 0.32
