9 0.027205 0.373333 0.054409 0.613333
3 0.073171 0.493333 0.030019 0.32
4 0.110694 0.493333 0.037523 0.32
24 0.142589 0.493333 0.018762 0.32
9 0.196998 0.373333 0.06379 0.613333
1 0.250469 0.493333 0.035647 0.32
5 0.302064 0.493333 0.041276 0.32
7 0.337711 0.493333 0.022514 0.32
5 0.371482 0.493333 0.037523 0.32
11 0.409006 0.493333 0.030019 0.32
5 0.450281 0.493333 0.045028 0.32
12 0.498124 0.613333 0.02439 0.613333
7 0.529081 0.493333 0.030019 0.32
25 0.577861 0.493333 0.041276 0.32
2 0.624765 0.493333 0.045028 0.32
2 0.673546 0.5 0.045028 0.333333
9 0.726079 0.38 0.052533 0.626667
5 0.787054 0.5 0.043152 0.333333
11 0.82833 0.493333 0.031895 0.32
24 0.858349 0.5 0.020638 0.333333
9 0.909944 0.373333 0.056285 0.613333
1 0.964353 0.493333 0.045028 0.32
