9 0.024064 0.38 0.048128 0.626667
0 0.071301 0.493333 0.039216 0.32
10 0.118538 0.493333 0.030303 0.32
5 0.153298 0.506667 0.032086 0.346667
25 0.199643 0.493333 0.035651 0.32
9 0.237077 0.373333 0.032086 0.64
9 0.286988 0.38 0.042781 0.626667
2 0.329768 0.493333 0.035651 0.32
25 0.369875 0.493333 0.037433 0.32
13 0.403743 0.493333 0.023173 0.32
2 0.438503 0.493333 0.039216 0.32
3 0.483957 0.493333 0.026738 0.32
25 0.518717 0.493333 0.035651 0.32
11 0.55615 0.493333 0.032086 0.32
20 0.589127 0.5 0.026738 0.333333
6 0.631907 0.493333 0.033868 0.32
24 0.661319 0.493333 0.017825 0.32
13 0.68984 0.513333 0.032086 0.36
11 0.728164 0.493333 0.037433 0.32
9 0.789661 0.38 0.078431 0.626667
0 0.865419 0.526667 0.048128 0.386667
24 0.901961 0.493333 0.017825 0.32
2 0.930481 0.52 0.032086 0.373333
20 0.968806 0.493333 0.037433 0.32
