10 0.01262 0.493333 0.02524 0.32
1 0.04387 0.493333 0.032452 0.32
9 0.081731 0.36 0.038462 0.666667
1 0.119591 0.526667 0.032452 0.386667
8 0.155649 0.606667 0.022837 0.626667
9 0.184495 0.373333 0.030048 0.613333
0 0.21875 0.493333 0.021635 0.32
1 0.251803 0.493333 0.039663 0.32
17 0.286659 0.493333 0.02524 0.32
0 0.314904 0.493333 0.026442 0.32
12 0.343149 0.606667 0.013221 0.626667
25 0.364784 0.493333 0.02524 0.32
25 0.392428 0.493333 0.02524 0.32
3 0.418269 0.493333 0.021635 0.32
1 0.442909 0.493333 0.022837 0.32
5 0.480168 0.493333 0.034856 0.32
17 0.514423 0.493333 0.028846 0.32
24 0.537861 0.493333 0.013221 0.32
2 0.5625 0.506667 0.03125 0.346667
4 0.602764 0.493333 0.044471 0.32
9 0.648438 0.373333 0.030048 0.613333
24 0.670673 0.493333 0.009615 0.32
7 0.685096 0.493333 0.014423 0.32
9 0.71875 0.32 0.036058 0.506667
24 0.746394 0.493333 0.012019 0.32
7 0.762019 0.493333 0.014423 0.32
9 0.784856 0.373333 0.026442 0.613333
0 0.814303 0.493333 0.027644 0.32
20 0.850962 0.5 0.028846 0.333333
0 0.882212 0.493333 0.028846 0.32
19 0.920673 0.493333 0.03125 0.32
19 0.957332 0.5 0.03726 0.333333
24 0.984976 0.493333 0.013221 0.32
