12 0.008392 0.613333 0.016783 0.613333
11 0.036364 0.493333 0.033566 0.32
10 0.069231 0.493333 0.026573 0.32
24 0.092308 0.493333 0.013986 0.32
17 0.117483 0.493333 0.030769 0.32
5 0.155944 0.493333 0.026573 0.32
11 0.186713 0.493333 0.029371 0.32
7 0.211189 0.513333 0.013986 0.36
9 0.236364 0.36 0.030769 0.64
25 0.275524 0.493333 0.027972 0.32
7 0.3 0.493333 0.015385 0.32
5 0.331469 0.493333 0.027972 0.32
24 0.354545 0.493333 0.012587 0.32
5 0.38042 0.493333 0.033566 0.32
25 0.416783 0.493333 0.033566 0.32
17 0.458741 0.493333 0.030769 0.32
2 0.494406 0.493333 0.034965 0.32
4 0.527972 0.493333 0.026573 0.32
20 0.559441 0.506667 0.030769 0.346667
12 0.593007 0.613333 0.016783 0.613333
7 0.614685 0.493333 0.020979 0.32
10 0.648951 0.506667 0.027972 0.346667
3 0.682517 0.493333 0.033566 0.346667
9 0.72028 0.373333 0.022378 0.613333
0 0.748951 0.493333 0.029371 0.32
17 0.77972 0.493333 0.026573 0.32
19 0.816783 0.52 0.041958 0.373333
0 0.853846 0.493333 0.026573 0.32
21 0.892308 0.493333 0.030769 0.32
14 0.921678 0.493333 0.022378 0.32
24 0.942657 0.493333 0.013986 0.32
19 0.971329 0.493333 0.037762 0.32
