9 0.018367 0.38 0.036735 0.626667
1 0.057823 0.526667 0.036735 0.386667
9 0.108844 0.373333 0.046259 0.64
0 0.152381 0.493333 0.035374 0.32
25 0.193197 0.493333 0.027211 0.32
7 0.216327 0.493333 0.013605 0.32
17 0.244898 0.493333 0.02449 0.32
14 0.272109 0.493333 0.02449 0.32
9 0.302041 0.373333 0.029932 0.613333
26 0.32517 0.493333 0.010884 0.32
0 0.342857 0.493333 0.019048 0.32
24 0.367347 0.493333 0.010884 0.32
0 0.388435 0.526667 0.02585 0.386667
8 0.426531 0.606667 0.044898 0.626667
9 0.469388 0.373333 0.035374 0.613333
24 0.506122 0.493333 0.019048 0.32
2 0.536054 0.493333 0.035374 0.32
5 0.57415 0.493333 0.035374 0.32
13 0.607483 0.493333 0.02585 0.32
0 0.634014 0.493333 0.021769 0.32
3 0.671429 0.493333 0.034014 0.32
1 0.712245 0.493333 0.042177 0.32
8 0.74898 0.606667 0.02585 0.626667
24 0.77483 0.493333 0.020408 0.32
20 0.798639 0.493333 0.021769 0.32
2 0.826531 0.52 0.028571 0.373333
9 0.861224 0.366667 0.021769 0.626667
1 0.891156 0.493333 0.032653 0.32
9 0.934014 0.38 0.034014 0.626667
1 0.972109 0.493333 0.036735 0.32
