25 0.013092 0.493333 0.026185 0.32
6 0.043641 0.493333 0.029925 0.32
5 0.077307 0.493333 0.032419 0.32
20 0.105985 0.493333 0.01995 0.32
0 0.130923 0.52 0.024938 0.373333
24 0.149002 0.493333 0.006234 0.32
9 0.180798 0.386667 0.037406 0.56
0 0.21384 0.493333 0.023691 0.32
17 0.240025 0.493333 0.023691 0.32
19 0.273067 0.506667 0.037406 0.32
0 0.309227 0.493333 0.029925 0.32
10 0.34601 0.526667 0.026185 0.386667
25 0.375312 0.526667 0.027431 0.386667
2 0.407107 0.493333 0.031172 0.32
17 0.435786 0.493333 0.021197 0.32
25 0.473815 0.493333 0.037406 0.32
0 0.508105 0.493333 0.026185 0.32
17 0.538653 0.513333 0.029925 0.36
11 0.563591 0.493333 0.014963 0.32
19 0.59601 0.486667 0.032419 0.333333
3 0.625935 0.493333 0.022444 0.32
16 0.659601 0.613333 0.0399 0.613333
25 0.695761 0.493333 0.027431 0.32
9 0.731297 0.36 0.026185 0.666667
1 0.763716 0.493333 0.033666 0.32
5 0.798005 0.493333 0.029925 0.32
9 0.831047 0.38 0.031172 0.626667
16 0.874065 0.613333 0.049875 0.613333
0 0.924564 0.493333 0.033666 0.32
9 0.959476 0.373333 0.031172 0.613333
24 0.984414 0.493333 0.013716 0.32
