24 0.005162 0.493333 0.010324 0.32
2 0.030973 0.493333 0.035398 0.32
9 0.075959 0.366667 0.048673 0.626667
1 0.115782 0.493333 0.025074 0.32
9 0.161504 0.373333 0.045723 0.64
24 0.193953 0.493333 0.013274 0.32
7 0.214602 0.493333 0.022124 0.32
3 0.24705 0.493333 0.022124 0.32
24 0.266962 0.493333 0.011799 0.32
5 0.292035 0.493333 0.032448 0.32
17 0.331121 0.493333 0.025074 0.32
25 0.362094 0.493333 0.030973 0.32
19 0.404867 0.493333 0.048673 0.32
9 0.460177 0.373333 0.041298 0.613333
0 0.5 0.493333 0.032448 0.32
20 0.544248 0.506667 0.035398 0.346667
25 0.582596 0.493333 0.035398 0.32
2 0.619469 0.493333 0.032448 0.32
5 0.662242 0.5 0.047198 0.333333
9 0.721976 0.373333 0.051622 0.64
0 0.768437 0.493333 0.035398 0.32
19 0.810472 0.493333 0.042773 0.32
25 0.851032 0.493333 0.032448 0.32
0 0.886431 0.493333 0.032448 0.32
24 0.912979 0.493333 0.014749 0.32
25 0.946903 0.493333 0.032448 0.32
7 0.977876 0.493333 0.023599 0.32
