5 0.015517 0.493333 0.031034 0.32
2 0.05431 0.493333 0.039655 0.32
1 0.103448 0.493333 0.051724 0.32
24 0.141379 0.493333 0.017241 0.32
20 0.168103 0.493333 0.02931 0.32
5 0.203448 0.493333 0.034483 0.32
16 0.262069 0.613333 0.058621 0.64
3 0.314655 0.493333 0.039655 0.32
0 0.363793 0.493333 0.034483 0.32
25 0.403448 0.493333 0.037931 0.32
5 0.444828 0.493333 0.037931 0.32
5 0.498276 0.493333 0.044828 0.32
11 0.537931 0.493333 0.027586 0.32
20 0.584483 0.493333 0.041379 0.32
0 0.62069 0.493333 0.024138 0.32
20 0.664655 0.493333 0.039655 0.32
11 0.706034 0.493333 0.036207 0.32
12 0.750862 0.613333 0.02931 0.613333
2 0.789655 0.526667 0.041379 0.386667
5 0.841379 0.493333 0.037931 0.32
7 0.873276 0.493333 0.018966 0.32
12 0.899138 0.606667 0.025862 0.626667
25 0.933621 0.493333 0.036207 0.32
0 0.971552 0.52 0.032759 0.373333
