20 0.016694 0.506667 0.033389 0.346667
0 0.051753 0.506667 0.03005 0.346667
0 0.094324 0.513333 0.03172 0.36
9 0.142738 0.38 0.058431 0.626667
9 0.204508 0.366667 0.041736 0.626667
0 0.252922 0.493333 0.048414 0.32
24 0.297162 0.493333 0.016694 0.32
2 0.326377 0.493333 0.035058 0.32
20 0.367279 0.493333 0.040067 0.32
0 0.405676 0.493333 0.03005 0.32
20 0.445743 0.513333 0.026711 0.36
11 0.473289 0.493333 0.021703 0.32
0 0.505008 0.493333 0.035058 0.32
9 0.552588 0.373333 0.036728 0.613333
1 0.588481 0.5 0.028381 0.333333
9 0.635225 0.38 0.041736 0.626667
24 0.66778 0.493333 0.016694 0.32
7 0.688648 0.493333 0.018364 0.32
5 0.718698 0.506667 0.035058 0.346667
5 0.767947 0.526667 0.040067 0.386667
25 0.809683 0.493333 0.036728 0.32
20 0.847245 0.5 0.03172 0.333333
24 0.873957 0.493333 0.015025 0.32
11 0.901503 0.493333 0.033389 0.32
6 0.946578 0.493333 0.033389 0.32
13 0.977462 0.493333 0.021703 0.32
