20 0.017647 0.493333 0.035294 0.32
17 0.058824 0.493333 0.039216 0.32
24 0.10098 0.493333 0.037255 0.32
24 0.133333 0.493333 0.019608 0.32
5 0.186275 0.513333 0.058824 0.333333
9 0.246078 0.373333 0.052941 0.613333
24 0.295098 0.493333 0.017647 0.32
11 0.322549 0.493333 0.029412 0.32
17 0.357843 0.493333 0.033333 0.32
6 0.397059 0.493333 0.037255 0.32
9 0.441176 0.373333 0.043137 0.613333
20 0.498039 0.493333 0.043137 0.32
1 0.546078 0.493333 0.045098 0.32
5 0.605882 0.493333 0.047059 0.32
9 0.669608 0.38 0.072549 0.626667
24 0.723529 0.493333 0.027451 0.32
7 0.755882 0.493333 0.029412 0.32
9 0.815686 0.386667 0.054902 0.586667
1 0.870588 0.493333 0.047059 0.32
5 0.931373 0.493333 0.047059 0.32
24 0.972549 0.493333 0.027451 0.32
