0 0.018088 0.493333 0.036176 0.32
24 0.045866 0.5 0.014212 0.333333
24 0.062661 0.493333 0.014212 0.32
5 0.084625 0.493333 0.024548 0.32
25 0.120155 0.493333 0.028424 0.32
9 0.153101 0.373333 0.0323 0.613333
9 0.200258 0.38 0.043928 0.626667
0 0.242248 0.526667 0.034884 0.386667
20 0.273256 0.493333 0.021964 0.32
0 0.30168 0.493333 0.029716 0.32
24 0.325581 0.493333 0.01292 0.32
5 0.354005 0.493333 0.02584 0.32
1 0.385013 0.493333 0.031008 0.32
2 0.416667 0.493333 0.027132 0.32
17 0.44509 0.493333 0.024548 0.32
0 0.472868 0.493333 0.02584 0.32
0 0.507106 0.493333 0.024548 0.32
19 0.540052 0.493333 0.036176 0.32
0 0.574935 0.493333 0.028424 0.32
17 0.615633 0.493333 0.034884 0.32
16 0.655685 0.58 0.040052 0.68
19 0.698966 0.486667 0.041344 0.333333
20 0.74031 0.493333 0.023256 0.32
0 0.768088 0.493333 0.027132 0.32
9 0.802326 0.373333 0.036176 0.613333
24 0.830103 0.493333 0.014212 0.32
7 0.850129 0.493333 0.020672 0.32
24 0.872093 0.493333 0.018088 0.32
24 0.897287 0.493333 0.014212 0.32
7 0.914729 0.493333 0.015504 0.32
9 0.942506 0.38 0.034884 0.626667
5 0.976744 0.493333 0.028424 0.32
