20 0.02681 0.493333 0.053619 0.32
0 0.087131 0.493333 0.0563 0.32
6 0.163539 0.52 0.058981 0.373333
24 0.214477 0.493333 0.032172 0.32
17 0.258713 0.493333 0.045576 0.32
5 0.331099 0.5 0.061662 0.333333
2 0.400804 0.526667 0.067024 0.386667
24 0.469169 0.493333 0.032172 0.32
25 0.530831 0.5 0.080429 0.333333
9 0.601877 0.38 0.050938 0.626667
1 0.660858 0.493333 0.0563 0.32
5 0.734584 0.5 0.080429 0.333333
17 0.819035 0.5 0.050938 0.333333
19 0.887399 0.493333 0.075067 0.32
0 0.955764 0.513333 0.050938 0.36
