25 0.015043 0.493333 0.030086 0.32
3 0.047994 0.493333 0.030086 0.32
9 0.084527 0.38 0.037249 0.626667
1 0.12894 0.493333 0.045845 0.32
24 0.161891 0.493333 0.014327 0.32
25 0.194842 0.493333 0.031519 0.32
11 0.225645 0.52 0.024355 0.373333
9 0.257163 0.366667 0.018625 0.626667
24 0.273639 0.493333 0.008596 0.32
7 0.288682 0.493333 0.015759 0.32
12 0.318768 0.613333 0.024355 0.613333
25 0.348854 0.493333 0.030086 0.32
17 0.379656 0.493333 0.025788 0.32
11 0.406877 0.493333 0.022923 0.32
20 0.445559 0.506667 0.034384 0.346667
11 0.476361 0.493333 0.02149 0.32
0 0.502865 0.493333 0.025788 0.32
17 0.539398 0.493333 0.027221 0.32
19 0.57808 0.493333 0.044413 0.32
2 0.616046 0.513333 0.025788 0.36
20 0.651862 0.493333 0.025788 0.32
0 0.680516 0.493333 0.025788 0.32
0 0.719914 0.493333 0.032951 0.32
9 0.755014 0.373333 0.031519 0.613333
1 0.794413 0.493333 0.041547 0.32
20 0.843123 0.5 0.035817 0.333333
2 0.879656 0.506667 0.031519 0.346667
19 0.918338 0.493333 0.040115 0.32
6 0.956304 0.493333 0.030086 0.32
11 0.982092 0.493333 0.015759 0.32
