20 0.020796 0.493333 0.041591 0.32
9 0.068716 0.373333 0.047016 0.613333
24 0.103978 0.493333 0.016275 0.32
1 0.135624 0.493333 0.039783 0.32
0 0.197107 0.493333 0.057866 0.32
19 0.250452 0.493333 0.041591 0.32
11 0.292948 0.493333 0.036166 0.32
9 0.33906 0.373333 0.048825 0.613333
16 0.405063 0.613333 0.057866 0.613333
3 0.460217 0.493333 0.045208 0.32
24 0.504521 0.493333 0.018083 0.32
2 0.539783 0.493333 0.045208 0.32
0 0.584991 0.493333 0.037975 0.32
24 0.620253 0.493333 0.025316 0.32
19 0.673599 0.493333 0.056058 0.32
0 0.722423 0.493333 0.034358 0.32
2 0.757685 0.506667 0.028933 0.346667
3 0.803797 0.493333 0.037975 0.32
1 0.844485 0.493333 0.036166 0.32
18 0.886076 0.493333 0.036166 0.32
7 0.921338 0.493333 0.027125 0.32
11 0.951175 0.493333 0.025316 0.32
24 0.977396 0.493333 0.019892 0.32
