24 0.011547 0.526667 0.023095 0.386667
26 0.036952 0.493333 0.018476 0.32
2 0.072748 0.493333 0.04388 0.32
8 0.148961 0.606667 0.076212 0.626667
17 0.2194 0.493333 0.055427 0.32
2 0.274827 0.526667 0.046189 0.386667
9 0.341801 0.38 0.055427 0.626667
24 0.384527 0.493333 0.020785 0.32
7 0.416859 0.493333 0.034642 0.32
20 0.473441 0.493333 0.046189 0.32
24 0.512702 0.493333 0.023095 0.32
0 0.551963 0.5 0.046189 0.333333
2 0.621247 0.513333 0.060046 0.36
24 0.668591 0.493333 0.025404 0.32
19 0.718245 0.493333 0.064665 0.32
20 0.781755 0.493333 0.053118 0.32
24 0.840647 0.493333 0.032333 0.32
9 0.886836 0.373333 0.050808 0.613333
12 0.928406 0.593333 0.023095 0.653333
2 0.964203 0.493333 0.039261 0.32
