20 0.021002 0.493333 0.042003 0.32
0 0.058158 0.493333 0.025848 0.32
12 0.092892 0.606667 0.021002 0.626667
24 0.113893 0.493333 0.01454 0.32
7 0.134087 0.493333 0.019386 0.32
25 0.166397 0.506667 0.038772 0.346667
9 0.209208 0.38 0.040388 0.626667
1 0.256058 0.493333 0.04685 0.32
25 0.307754 0.493333 0.033926 0.32
7 0.340872 0.493333 0.025848 0.32
12 0.365913 0.613333 0.017771 0.613333
25 0.3958 0.493333 0.035541 0.32
2 0.436995 0.493333 0.040388 0.32
25 0.49273 0.493333 0.048465 0.32
11 0.533926 0.493333 0.027464 0.32
1 0.575929 0.493333 0.050081 0.32
14 0.617932 0.493333 0.027464 0.32
2 0.662359 0.493333 0.038772 0.32
24 0.692246 0.493333 0.01454 0.32
17 0.72294 0.513333 0.040388 0.36
24 0.753635 0.493333 0.01454 0.32
16 0.791599 0.613333 0.038772 0.613333
11 0.827948 0.493333 0.027464 0.32
5 0.87399 0.493333 0.042003 0.32
9 0.926494 0.373333 0.056543 0.64
0 0.973344 0.493333 0.030695 0.32
