10 0.011096 0.493333 0.022191 0.32
25 0.040222 0.526667 0.030513 0.386667
13 0.069348 0.513333 0.022191 0.36
19 0.10749 0.526667 0.048544 0.386667
10 0.154646 0.506667 0.026352 0.346667
0 0.184466 0.493333 0.027739 0.32
25 0.224688 0.493333 0.033287 0.32
13 0.255895 0.493333 0.023578 0.32
2 0.283634 0.493333 0.026352 0.32
0 0.321775 0.493333 0.030513 0.32
24 0.346047 0.493333 0.012483 0.32
9 0.373093 0.36 0.036061 0.64
24 0.414008 0.493333 0.026352 0.32
5 0.442441 0.526667 0.024965 0.386667
9 0.481276 0.373333 0.033287 0.613333
0 0.518031 0.493333 0.034674 0.32
17 0.549237 0.493333 0.022191 0.32
19 0.582524 0.5 0.038835 0.333333
0 0.621359 0.493333 0.033287 0.32
9 0.666436 0.38 0.037448 0.626667
24 0.694868 0.493333 0.01387 0.32
7 0.714286 0.493333 0.019417 0.32
12 0.733703 0.593333 0.01387 0.653333
3 0.756588 0.493333 0.026352 0.32
25 0.796117 0.493333 0.033287 0.32
7 0.825243 0.506667 0.019417 0.346667
5 0.854369 0.493333 0.033287 0.32
1 0.89043 0.493333 0.033287 0.32
2 0.926491 0.493333 0.033287 0.32
19 0.9681 0.506667 0.044383 0.346667
