9 0.018898 0.38 0.037795 0.626667
1 0.056693 0.493333 0.031496 0.32
3 0.092913 0.493333 0.018898 0.32
2 0.126772 0.493333 0.04252 0.32
1 0.170866 0.493333 0.03937 0.32
9 0.22126 0.38 0.03937 0.626667
9 0.265354 0.373333 0.04252 0.613333
5 0.309449 0.493333 0.03937 0.32
9 0.352756 0.373333 0.040945 0.613333
24 0.391339 0.493333 0.029921 0.32
10 0.434646 0.493333 0.034646 0.32
5 0.470079 0.493333 0.029921 0.32
12 0.507087 0.606667 0.037795 0.626667
25 0.545669 0.493333 0.033071 0.32
0 0.585039 0.493333 0.03937 0.32
0 0.629921 0.493333 0.028346 0.32
25 0.664567 0.493333 0.034646 0.32
3 0.708661 0.5 0.047244 0.333333
4 0.755906 0.493333 0.040945 0.32
10 0.8 0.5 0.025197 0.333333
5 0.831496 0.513333 0.031496 0.36
10 0.866142 0.526667 0.031496 0.386667
25 0.902362 0.493333 0.034646 0.32
11 0.937008 0.493333 0.028346 0.32
25 0.971654 0.526667 0.034646 0.386667
