9 0.023091 0.38 0.046181 0.626667
1 0.072824 0.5 0.046181 0.333333
24 0.110124 0.493333 0.021314 0.32
19 0.153641 0.493333 0.058615 0.32
19 0.212256 0.493333 0.05151 0.32
24 0.25222 0.493333 0.021314 0.32
25 0.294849 0.493333 0.039076 0.32
7 0.331261 0.526667 0.026643 0.386667
11 0.364121 0.493333 0.031972 0.32
24 0.393428 0.493333 0.019538 0.32
20 0.4254 0.493333 0.0373 0.32
9 0.474245 0.38 0.035524 0.626667
1 0.517762 0.506667 0.044405 0.346667
24 0.561279 0.493333 0.017762 0.32
9 0.597691 0.38 0.047957 0.626667
0 0.643872 0.493333 0.0373 0.32
19 0.692718 0.506667 0.053286 0.32
25 0.742451 0.526667 0.039076 0.386667
5 0.795737 0.493333 0.042629 0.32
7 0.835702 0.493333 0.030195 0.32
9 0.879218 0.373333 0.049734 0.613333
25 0.937833 0.493333 0.042629 0.32
7 0.975133 0.493333 0.024867 0.32
