25 0.013959 0.493333 0.027919 0.32
9 0.04632 0.366667 0.031726 0.626667
19 0.090102 0.493333 0.038071 0.32
3 0.123731 0.493333 0.024112 0.32
24 0.14467 0.493333 0.01269 0.32
16 0.172589 0.613333 0.038071 0.613333
12 0.212563 0.613333 0.024112 0.613333
3 0.241117 0.513333 0.027919 0.36
24 0.260787 0.493333 0.006345 0.32
3 0.286168 0.493333 0.02665 0.32
1 0.313452 0.493333 0.022843 0.32
5 0.346447 0.493333 0.038071 0.32
9 0.384518 0.38 0.032995 0.626667
20 0.420051 0.493333 0.020305 0.32
2 0.444162 0.493333 0.022843 0.32
7 0.468909 0.493333 0.021574 0.32
19 0.503173 0.52 0.041878 0.373333
5 0.546954 0.493333 0.027919 0.32
11 0.576777 0.493333 0.02665 0.32
19 0.610406 0.493333 0.035533 0.32
25 0.650381 0.493333 0.02665 0.32
20 0.681472 0.493333 0.030457 0.32
19 0.718274 0.493333 0.038071 0.32
5 0.758883 0.493333 0.025381 0.32
7 0.783629 0.493333 0.019036 0.32
25 0.815355 0.493333 0.02665 0.32
2 0.84835 0.493333 0.034264 0.32
19 0.888325 0.493333 0.040609 0.32
2 0.923223 0.493333 0.024112 0.32
25 0.951142 0.493333 0.02665 0.32
7 0.979061 0.493333 0.024112 0.32
