20 0.010808 0.513333 0.021615 0.36
25 0.040956 0.5 0.03413 0.333333
2 0.073948 0.493333 0.027304 0.32
25 0.102389 0.493333 0.025028 0.32
13 0.126849 0.493333 0.01934 0.32
0 0.152446 0.493333 0.027304 0.32
19 0.182594 0.493333 0.017065 0.32
13 0.201934 0.493333 0.017065 0.32
0 0.234926 0.526667 0.044369 0.386667
5 0.277588 0.5 0.036405 0.333333
11 0.309443 0.493333 0.022753 0.32
10 0.33959 0.493333 0.021615 0.32
17 0.366325 0.493333 0.027304 0.32
17 0.392491 0.493333 0.020478 0.32
19 0.419226 0.493333 0.028441 0.32
14 0.445961 0.506667 0.020478 0.346667
10 0.474972 0.506667 0.021615 0.346667
25 0.500569 0.526667 0.025028 0.386667
11 0.526735 0.493333 0.022753 0.32
25 0.557452 0.493333 0.03413 0.32
5 0.588168 0.493333 0.022753 0.32
0 0.620592 0.513333 0.026166 0.36
2 0.650171 0.493333 0.028441 0.32
10 0.683163 0.493333 0.021615 0.32
19 0.711604 0.493333 0.030717 0.32
17 0.740046 0.493333 0.021615 0.32
25 0.765074 0.493333 0.023891 0.32
1 0.790671 0.493333 0.022753 0.32
25 0.827076 0.493333 0.03413 0.32
14 0.853811 0.493333 0.01479 0.32
25 0.877133 0.493333 0.027304 0.32
3 0.90785 0.493333 0.029579 0.32
0 0.944255 0.493333 0.027304 0.32
9 0.976109 0.373333 0.031854 0.613333
